000 [00]
001 [00]
002 [00]
003 [03]
004 [C5]
005 [00]
006 [A3]
008 [03]
00A [00]
00B [01]
00C [56]
00D [04]
015 [00]
016 [0C]
934 [1F]
018 [40]
019 [50]
01A [09]
11A [00]
935 [04]
025 [0A]
030 [18]
024 [00]
028 [00]
03F [00]
040 [3F]
10B [00]
10C [00]
10D [00]
117 [00]
118 [00]
11C [00]
120 [00] [0A] (SYSREF control 1)
121 [00]
123 [40]
128 [08] [88] (SYSREF status 1)
129 [00]
12A [00]
1FF [00]
200 [00]
201 [00]
228 [00]
245 [00] [01] (enable FD)
247 [00]
248 [00]
249 [00]
24A [00]
24B [00]
24C [00]
26F [00] [01]
270 [00]
271 [80]
272 [00]
273 [00]
274 [01]
275 [00]
276 [00]
277 [00]
278 [00]
279 [00]
27A [02]
300 [00]
310 [00]
311 [00]
314 [00]
315 [00]
320 [00]
321 [00]
327 [00]
330 [00]
331 [05]
334 [00]
335 [00]
340 [00]
341 [00]
347 [00]
350 [00]
351 [00]
354 [00]
355 [00]
360 [00]
361 [00]
367 [00]
370 [00]
371 [05]
374 [00]
375 [00]
380 [00]
381 [00]
387 [00]
550 [00] (5 for long PN, 6 for short PN)
551 [00]
559 [00]
55A [01]
561 [01]
562 [00]
563 [00]
564 [00]
56E [00] (10 for 600 MHz sample freq)
56F [00]
570 [88]
571 [14]
572 [00]
573 [00]
574 [00]
578 [00]
580 [00]
581 [00]
583 [00]
584 [01]
585 [01] [02] (Lane LID)
586 [03]
58B [83]
58C [00]
58D [1F] K = 32 (frames per multiframe - 1)
58E [01] M = 2
58F [0F] [0D] (14 bit resolution, no CS)
590 [2F] (16 bits, Subclass = 1)
591 [20] S = 1
592 [80] HD = 1
5A0 [81] [80] (ro)
5A1 [82] [81] (ro)
5A2 [82] 
5A3 [84] [83] (ro)
5B0 [AA]
5B2 [00] 
5B3 [11]
5B5 [22]
5B6 [33]
5BF [05]
5C1 [00]
5C2 [00]
5C3 [00]
5C4 [00]
5C5 [00]
