54.0: Count:   1.4 (  1.5) A:  23.7 [20-52] B:  44.0 [20-118] Phase: 95% 141 (17.5) Direction:  {46 134}  10% 181 ( 9.5) Direction:  {293 247 68 112}
Phase: {0,0,0,1,0,0,0,0,0,0,0,0,0,0,0,0,0,0,0,0,0,0,0,0,0,0,0,0,0,0,0,1,2,1,0,0,1,2,1,1,0,2,2,0,3,1,3,0,1,3,0,4,3,3,5,3,9,4,6,3,9,10,7,9,12,7,19,13,19,26,14,15,19,20,29,39,24,40,34,48,40,54,45,68,66,65,78,84,81,72,106,107,107,103,144,122,149,134,150,139,172,175,209,241,207,292,289,312,378,352,436,428,497,497,535,563,572,676,690,714,727,770,813,888,857,930,1040,1091,1173,1178,1210,1286,1344,1392,1428,1581,1523,1564,1508,1665,1609,1728,1647,1632,1651,1700,1590,1534,1538,1480,1437,1359,1306,1337,1138,1122,1082,1028,1018,956,882,814,863,787,731,715,633,653,575,549,483,473,416,416,391,376,330,283,304,251,280,223,209,205,194,174,169,160,155,149,113,113,114,114,103,96,101,85,81,66,67,73,82,49,67,55,43,60,52,45,36,37,31,30,28,28,23,19,21,14,10,18,15,13,6,9,7,13,4,6,1,2,3,3,5,3,4,1,1,1,4,0,1,0,0,0,1,1,0,0,2,0,1,2,0,1,0,1,1,0,1,0,0,1,0,0,0,0,0,0,0,0,0,0,0,0,0,0,0,0,0,0,0,0,0,0,0,0,0,0,0,0,0,0,0,0,0,0,0,0,0,0,0,0,0,0,0,0,0,0,0,0,0,0,0,0,0,0,0,0,0,0,0,0,0,0,0,0,0,0,0,0,0,0,0,0,0,0,0,0,0,0,0,0,1,0,0,0,0,0,0,0,0,0,0,0,0,0,0,0}
Count:   0.1   0.1   0.1   1.7   4.4   3.9   4.1   3.3   3.1   2.6   1.9   1.5   1.0   0.4   0.1   0.2   0.2   0.2   0.1   0.1   0.1   0.2   1.7   4.7   4.0   3.7   3.4   3.0   2.2   1.4   0.9   0.7   0.3   0.1   0.1   0.2   0.1   0.2   0.2   0.2   0.2   1.9   4.3   4.0   3.7   3.1   2.4   1.8   1.0   0.7   0.6   0.3   0.2   0.2   0.2   0.2   0.2   0.2   0.2   0.2   1.7   4.2   4.2   3.3   2.9   2.0   1.3   0.9   0.7   0.6   0.3   0.2   0.1   0.2   0.1   0.2   0.2   0.2   0.2   1.4   4.6   3.7   3.0   2.6   1.8   1.2   0.8   0.7   0.7   0.3   0.2   0.1   0.2   0.2   0.1   0.2   0.1   0.2   1.4   4.8   4.0   3.3   2.4   1.8   1.1   0.6   0.7   0.5   0.4   0.1   0.2   0.2   0.1   0.2   0.1   0.2   0.2   0.2   0.1   0.1   0.2   0.2   2.6   4.4   4.3   3.7   3.6   2.6   2.4   1.6   1.0   0.6   0.3   0.1   0.1   0.2   0.2   0.1   0.1   0.2   0.2   0.2   0.1   0.2   0.2   0.1   3.6   4.4   4.3   4.0   3.9   3.3   2.5   2.4   1.5   1.0   0.2   0.1   0.2   0.1   0.1   0.2   0.2   0.1   0.1   4.2   4.4   4.1   3.7   3.3   2.4   2.0   1.4   0.8   0.8   0.2   0.2   0.1   0.2   0.1   0.2   0.1   0.2   0.2   0.2   0.1   0.2   0.2   0.2   4.6   4.5   4.1   4.2   3.5   3.6   2.5   2.2   1.3   0.8   0.1 
B: 37.4 30.3 28.7 53.1 47.0 46.1 46.2 45.0 44.0 44.1 41.3 40.7 39.1 39.6 30.0 28.3 29.9 30.8 30.7 29.3 29.1 31.3 49.8 47.0 45.9 45.2 44.1 43.3 41.6 39.4 38.5 36.8 42.1 30.1 30.7 30.5 31.6 29.9 29.2 30.9 29.1 53.0 47.7 46.4 45.5 43.1 42.3 39.9 37.4 36.2 39.8 43.4 34.6 30.2 31.2 30.6 33.0 30.3 30.0 30.6 48.8 46.4 45.7 44.1 42.5 42.1 39.8 37.9 40.4 38.6 41.5 32.5 31.1 32.0 29.1 31.0 32.4 30.1 30.1 48.0 46.2 44.6 42.5 41.0 39.2 36.8 38.8 37.1 39.6 39.4 30.2 31.3 31.3 31.1 30.4 29.0 30.2 32.2 54.5 47.7 46.2 43.2 42.2 40.8 38.6 38.6 38.7 38.8 40.0 29.7 32.6 28.6 29.8 31.4 31.3 32.5 30.3 30.3 32.9 29.9 30.6 31.0 49.3 46.6 46.8 45.5 45.6 42.9 42.0 40.7 37.3 37.8 39.7 30.6 30.5 29.3 32.0 31.7 32.5 32.6 29.6 31.9 30.9 29.2 30.1 32.5 48.7 47.5 46.6 46.7 46.0 44.5 42.7 41.3 39.8 38.1 29.4 30.2 31.7 28.1 30.3 28.8 30.7 34.0 33.8 50.0 47.0 46.3 45.8 44.4 42.8 40.6 40.0 38.0 39.7 28.4 30.2 35.1 33.8 31.8 31.5 31.8 33.6 31.1 30.3 32.1 30.5 30.8 32.2 47.6 47.4 46.8 46.4 44.7 44.1 42.9 40.2 39.5 40.7 29.9 
Direction:  n n n n {48 132} {48 132} {49 131} {44 136} n n n n n n n n n n n n n n n {49 131} {47 133} {49 131} {47 133} n n n n n n n n n n n n n n n {46 134} {47 133} {46 134} n n n n n n n n n n n n n n n n {46 134} {47 133} n n n n n n n n n n n n n n n n n {45 135} {46 134} n n n n n n n n n n n n n n n n n {46 134} {47 133} {48 132} n n n n n n n n n n n n n n n n n n n n n {44 136} {46 134} {47 133} {47 133} n n n n n n n n n n n n n n n n n n n {46 134} {48 132} {45 135} {47 133} {46 134} {49 131} n n n n n n n n n n n n n {44 136} {47 133} {47 133} {44 136} n n n n n n n n n n n n n n n n n n n n {46 134} {48 132} {47 133} {45 135} {46 134} {46 134} n n n n n

54.1: Count:   1.5 (  1.6) A:  24.1 [20-55] B:  42.5 [20-121] Phase: 100% 141 (22.8) Direction:  {46 134}
Phase: {0,0,0,0,0,0,0,0,0,1,0,0,0,0,0,0,0,0,0,0,0,0,0,0,0,0,0,0,0,1,0,0,1,2,1,0,0,0,0,0,1,0,1,2,1,5,2,0,2,2,4,4,6,3,1,5,7,6,9,8,14,8,10,15,16,12,15,18,31,17,21,29,37,31,31,35,33,50,41,58,66,63,73,62,85,77,89,107,108,136,161,115,136,160,164,201,200,238,222,243,268,274,266,307,329,395,397,408,434,439,507,568,600,618,641,714,749,803,809,868,891,1013,1123,1109,1155,1230,1241,1314,1319,1361,1398,1433,1358,1381,1396,1387,1385,1459,1371,1486,1407,1472,1342,1482,1397,1396,1390,1343,1446,1331,1422,1361,1402,1386,1289,1302,1266,1207,1172,1087,1081,941,1029,891,881,795,773,724,642,631,604,601,490,510,449,465,370,377,361,315,348,258,297,251,248,213,208,215,201,169,151,173,132,118,133,107,107,93,95,95,86,71,57,45,56,45,30,45,43,36,34,25,15,27,19,17,21,7,19,19,15,5,16,14,6,12,3,14,8,8,6,7,6,0,1,2,3,2,4,1,3,4,2,0,0,1,2,1,1,3,1,0,0,0,0,1,0,0,0,0,0,0,0,0,0,1,1,0,0,1,1,0,0,0,0,0,0,0,0,0,0,0,0,0,0,0,0,0,0,0,0,0,0,0,0,0,0,0,0,0,0,1,0,0,0,0,0,0,0,0,0,0,0,1,0,0,0,0,0,0,0,0,0,0,0,0,0,0,0,0,0,0,0,0,0,0,0,0,0,0,0,0,0,0,0,0,0,0,0,0,0,0,0,0,0,0,0,0,0,0}
Count:   0.1   0.1   0.2   1.7   4.7   4.2   4.5   3.6   3.6   2.8   2.3   1.7   1.2   0.3   0.2   0.2   0.2   0.2   0.2   0.2   0.1   0.2   2.0   5.0   4.2   3.8   3.7   3.3   2.6   1.6   1.1   0.7   0.3   0.2   0.2   0.2   0.2   0.2   0.2   0.2   0.2   2.1   4.5   4.3   3.7   3.2   2.6   2.2   1.2   0.8   0.7   0.4   0.2   0.2   0.2   0.2   0.2   0.2   0.2   0.2   1.6   4.5   4.5   3.5   3.1   2.2   1.5   1.0   0.7   0.5   0.3   0.2   0.2   0.2   0.2   0.2   0.1   0.2   0.2   1.4   4.8   4.1   3.3   2.9   2.2   1.5   0.9   0.6   0.7   0.3   0.1   0.2   0.2   0.2   0.1   0.2   0.2   0.2   1.6   4.9   4.1   3.3   2.8   2.0   1.3   0.8   0.7   0.6   0.3   0.2   0.1   0.2   0.2   0.2   0.2   0.2   0.2   0.2   0.2   0.2   0.2   0.2   2.8   4.8   4.3   4.1   3.8   3.1   2.6   1.8   1.3   0.7   0.3   0.2   0.2   0.1   0.2   0.2   0.2   0.2   0.2   0.2   0.2   0.2   0.2   0.2   3.9   4.6   4.6   4.1   4.1   3.5   3.0   2.5   1.8   1.1   0.2   0.2   0.2   0.2   0.2   0.2   0.2   0.2   0.2   4.2   4.7   4.2   3.6   3.5   2.8   2.3   1.4   1.1   0.7   0.2   0.1   0.2   0.2   0.1   0.2   0.1   0.2   0.2   0.2   0.1   0.2   0.2   0.2   5.0   4.7   4.5   4.0   3.6   3.5   2.8   2.4   1.5   1.0   0.2 
B: 26.8 29.2 29.5 52.0 45.3 45.0 45.0 43.5 43.0 41.0 39.5 38.6 37.1 40.5 26.5 27.5 29.7 31.9 28.3 30.0 31.4 30.3 48.0 45.8 44.2 44.4 43.6 41.8 39.1 38.5 37.1 35.7 39.6 30.9 30.3 29.0 30.5 30.4 29.9 29.3 29.8 52.3 45.6 44.2 44.2 42.1 41.4 39.6 37.4 35.2 35.5 36.8 30.6 30.1 29.3 28.9 29.6 28.5 27.8 27.8 49.9 44.6 44.4 43.0 41.9 39.1 38.3 35.9 37.8 34.8 38.0 30.5 27.7 26.4 26.4 29.6 31.1 31.6 26.6 46.6 44.8 42.6 42.4 40.4 38.1 36.3 37.9 35.9 36.8 36.9 29.1 29.9 29.8 27.8 27.6 30.8 28.0 32.0 52.4 45.9 44.2 42.1 40.1 39.4 35.9 34.1 38.2 37.5 36.8 31.2 30.1 30.7 31.3 31.2 29.1 32.4 29.8 32.2 29.7 29.4 30.1 28.4 47.6 45.3 46.0 44.0 43.4 42.1 40.1 39.4 37.8 35.5 38.9 28.2 28.1 29.4 34.3 32.3 29.3 31.3 31.4 32.0 31.3 27.9 31.2 31.5 47.4 45.4 45.3 45.7 44.2 43.8 41.9 41.0 38.0 37.4 31.6 29.4 29.2 27.4 29.7 29.7 32.3 28.1 31.3 49.9 45.1 44.8 44.6 42.8 41.1 40.0 37.3 36.5 38.1 28.9 30.6 33.2 30.0 27.5 28.6 29.5 32.5 29.8 29.4 35.3 29.6 30.8 34.0 46.1 46.1 45.6 45.0 43.0 42.8 40.9 39.4 38.8 38.0 32.0 
Direction:  n n n n {41 139} {43 137} {50 130} n n n n n n n n n n n n n n n n {40 140} {43 137} n n n n n n n n n n n n n n n n n {47 133} {42 138} {46 134} n n n n n n n n n n n n n n n n {48 132} {52 128} n n n n n n n n n n n n n n n n n {49 131} {52 128} n n n n n n n n n n n n n n n n n {44 136} {45 135} n n n n n n n n n n n n n n n n n n n n n n {47 133} {50 130} n n n n n n n n n n n n n n n n n n n n n {47 133} {52 128} {48 132} {41 139} {42 138} n n n n n n n n n n n n n n {41 139} {41 139} {50 130} n n n n n n n n n n n n n n n n n n n n n {43 137} {51 129} {50 130} {47 133} n n n n n n n

54.2: Count:   1.4 (  1.6) A:  24.2 [20-54] B:  42.2 [20-120] Phase: 100% 141 (22.9) Direction:  {46 134}
Phase: {0,0,0,0,0,0,1,0,0,0,0,0,0,0,0,0,0,0,0,0,0,0,0,0,0,0,0,0,0,0,0,0,0,1,0,0,0,0,0,0,0,1,1,1,0,0,0,1,1,0,0,1,0,1,3,0,2,1,2,3,4,2,4,1,9,5,3,4,9,14,13,4,12,14,14,13,15,17,24,25,18,36,28,40,49,43,39,63,78,80,108,90,120,125,163,173,144,174,217,276,270,299,308,340,351,397,472,481,553,534,612,579,673,740,724,737,843,859,932,904,983,1002,1064,1080,1164,1200,1228,1222,1213,1264,1270,1257,1290,1356,1304,1313,1291,1328,1342,1411,1338,1443,1343,1327,1381,1384,1389,1374,1274,1293,1235,1324,1235,1274,1204,1158,1229,1230,1147,1124,1064,952,944,899,900,767,788,747,685,670,623,592,569,490,494,458,400,372,380,339,352,237,262,235,188,182,163,143,129,119,101,96,61,92,43,55,41,39,43,37,29,40,25,29,28,20,10,10,11,13,7,5,6,11,8,8,1,4,4,4,0,5,3,1,0,3,2,1,1,3,0,1,1,1,0,0,2,0,0,0,0,0,1,0,0,0,0,0,1,0,0,0,0,0,0,0,0,0,0,0,0,0,0,0,0,0,0,0,0,0,0,0,0,0,0,0,0,0,0,0,0,0,0,0,0,0,0,0,0,0,0,0,0,0,0,0,0,0,0,0,0,0,0,0,0,0,0,0,0,0,0,0,0,0,0,0,0,0,0,0,0,0,0,0,0,0,0,0,0,0,0,0,0,0,0,0,0,0,0,0,0,0,0,0,0,0,0,0,0,0,0,0,0,0,0,0,0,0,0,0}
Count:   0.1   0.1   0.1   1.8   4.3   4.1   4.6   3.6   3.4   2.8   2.5   1.8   1.2   0.2   0.1   0.1   0.1   0.1   0.1   0.1   0.1   0.1   2.1   4.5   4.1   3.8   3.6   3.0   2.7   1.5   1.1   0.6   0.3   0.2   0.1   0.1   0.1   0.1   0.1   0.1   0.2   2.2   4.2   4.1   3.5   3.2   2.8   2.1   1.0   0.6   0.6   0.3   0.1   0.1   0.1   0.1   0.1   0.1   0.2   0.1   1.7   4.7   3.9   3.6   3.3   2.2   1.5   1.0   0.6   0.4   0.3   0.1   0.1   0.1   0.1   0.1   0.1   0.1   0.1   1.4   4.8   4.0   3.1   3.0   2.1   1.3   0.9   0.5   0.5   0.2   0.1   0.1   0.1   0.1   0.1   0.1   0.1   0.2   1.4   4.7   4.0   3.3   2.7   1.8   1.2   0.7   0.5   0.6   0.2   0.2   0.1   0.1   0.2   0.2   0.2   0.1   0.1   0.1   0.1   0.1   0.2   0.2   2.6   4.5   4.0   4.1   3.6   3.0   2.7   2.0   1.2   0.6   0.2   0.1   0.1   0.1   0.1   0.1   0.1   0.2   0.1   0.1   0.2   0.1   0.1   0.2   3.9   4.2   4.5   4.1   4.2   3.3   3.0   2.3   1.6   1.1   0.1   0.2   0.1   0.1   0.1   0.1   0.2   0.1   0.2   4.1   4.6   4.1   3.6   3.3   2.7   2.3   1.4   0.8   0.5   0.1   0.2   0.1   0.1   0.1   0.2   0.1   0.1   0.1   0.1   0.1   0.1   0.1   0.1   4.9   4.5   4.4   4.0   3.7   3.6   3.0   2.4   1.5   0.8   0.1 
B: 29.6 31.6 31.4 51.5 44.4 44.0 43.7 43.1 42.4 40.7 39.4 36.8 35.3 40.8 29.8 29.4 28.8 29.5 30.1 30.8 29.3 33.4 47.9 44.4 44.1 44.3 42.8 40.8 39.7 37.0 35.7 34.5 38.7 33.4 27.9 28.4 29.0 29.2 30.2 31.9 31.6 53.8 44.5 44.1 43.1 41.6 40.7 37.6 35.9 35.1 34.6 39.4 33.3 29.1 30.0 33.1 31.5 29.1 30.6 32.0 49.8 44.0 43.9 42.3 41.3 39.1 37.1 36.3 36.1 36.2 40.8 27.8 27.1 27.8 30.5 27.6 29.7 32.5 33.3 46.5 43.8 41.9 41.7 38.5 38.1 36.2 35.6 34.9 35.8 41.0 28.0 28.6 33.4 30.4 32.3 31.2 28.7 31.1 52.6 45.0 43.1 41.3 39.5 37.2 35.0 35.0 38.6 36.3 36.1 30.3 31.6 32.6 30.1 30.1 31.5 28.0 30.0 33.7 32.3 29.7 29.9 29.5 44.6 44.4 45.0 42.9 42.2 40.7 40.6 39.0 36.0 35.0 41.7 28.6 29.3 29.9 34.0 31.6 30.0 31.8 30.1 30.6 32.2 24.8 31.3 33.0 46.7 45.4 45.0 45.4 43.6 42.6 42.4 39.6 37.7 35.8 32.6 32.4 31.1 26.4 32.1 29.1 35.0 29.4 33.1 48.9 44.9 44.4 43.9 42.0 41.1 38.8 35.2 35.4 37.3 30.4 35.2 31.5 27.7 32.6 27.9 33.0 29.6 30.5 29.4 33.8 30.7 30.6 32.3 46.1 45.0 45.7 43.8 43.6 42.4 40.9 39.5 40.2 37.9 36.1 
Direction:  n n n n {41 139} n {50 130} n n n n n n n n n n n n n n n n {49 131} {44 136} n n n n n n n n n n n n n n n n n {46 134} {46 134} n n n n n n n n n n n n n n n n n {47 133} n {43 137} n n n n n n n n n n n n n n n n {48 132} n n n n n n n n n n n n n n n n n n {43 137} {43 137} n n n n n n n n n n n n n n n n n n n n n n {47 133} {44 136} n n n n n n n n n n n n n n n n n n n n n n {48 132} {46 134} {47 133} {46 134} n n n n n n n n n n n n n n {45 135} {48 132} {46 134} n {49 131} n n n n n n n n n n n n n n n n n n n {46 134} {48 132} {44 136} n {45 135} n n n n n n

54.3: Count:   1.2 (  1.5) A:  23.8 [20-50] B:  43.7 [20-118] Phase: 100% 140 (19.3) Direction:  {46 134}
Phase: {0,0,0,0,0,0,0,0,0,0,0,0,0,0,0,0,0,0,0,0,0,0,0,0,0,0,0,0,0,0,0,0,0,0,0,0,0,0,0,0,0,0,0,0,1,0,0,0,0,0,0,0,0,0,0,1,1,1,0,0,0,2,0,0,1,0,3,0,0,1,0,0,0,4,4,2,7,1,0,10,6,3,9,8,20,11,24,19,28,22,27,27,46,44,58,54,64,69,79,94,99,121,132,128,189,198,226,243,307,292,348,382,428,459,548,577,590,759,766,812,875,949,1028,988,1043,1185,1229,1266,1278,1337,1418,1508,1422,1384,1362,1489,1419,1446,1327,1469,1408,1425,1335,1369,1378,1383,1414,1430,1428,1434,1404,1419,1338,1272,1226,1212,1192,1134,1100,911,889,773,905,830,693,591,540,531,501,460,430,350,293,268,258,225,202,179,146,126,113,118,105,93,65,49,54,48,43,44,35,26,23,17,11,17,8,8,15,4,9,5,10,5,1,2,6,2,0,0,0,2,1,0,0,0,3,1,0,1,0,0,1,1,1,1,0,0,0,0,0,0,0,0,0,0,0,0,0,0,0,0,0,0,0,0,0,0,0,0,0,0,0,0,0,0,0,0,0,0,0,0,0,0,0,0,0,0,0,0,0,0,0,0,0,0,0,0,0,0,0,0,0,0,0,0,0,0,0,0,0,0,0,0,0,0,0,0,0,0,0,0,0,0,0,0,0,0,0,0,0,0,0,0,0,0,0,0,0,0,0,0,0,0,0,0,0,0,0,0,0,0,0,0,0,0,0,0,0,0,0,0,0,0,0,0,0,0,0,0,0,0,0,0,0,0,0,0,0,0}
Count:   0.0   0.1   0.1   1.8   4.0   3.9   4.0   3.5   3.1   2.5   2.3   1.5   1.0   0.1   0.1   0.1   0.1   0.1   0.1   0.0   0.0   0.1   2.1   4.1   3.9   3.5   3.5   2.7   2.1   1.4   0.7   0.3   0.2   0.1   0.1   0.0   0.1   0.1   0.1   0.1   0.0   1.7   4.1   3.9   3.1   3.3   2.4   1.4   0.8   0.4   0.3   0.2   0.1   0.1   0.1   0.1   0.1   0.1   0.1   0.0   1.5   4.4   3.6   3.6   2.8   1.6   1.1   0.5   0.3   0.1   0.2   0.1   0.1   0.1   0.1   0.0   0.1   0.1   0.1   1.6   4.6   3.5   2.8   2.4   1.9   1.1   0.4   0.3   0.2   0.2   0.1   0.1   0.1   0.1   0.0   0.1   0.0   0.1   1.4   4.1   3.7   3.1   2.3   1.5   0.9   0.4   0.2   0.2   0.2   0.1   0.1   0.1   0.0   0.1   0.0   0.1   0.1   0.1   0.1   0.1   0.1   0.1   2.4   4.4   3.7   3.7   3.5   2.7   2.2   1.6   0.9   0.4   0.2   0.1   0.1   0.1   0.1   0.1   0.1   0.1   0.1   0.1   0.1   0.1   0.1   0.1   3.8   4.0   4.3   3.7   4.0   3.1   2.6   2.2   1.4   0.8   0.1   0.1   0.1   0.1   0.0   0.0   0.1   0.1   0.1   3.9   4.4   3.8   3.5   2.9   2.4   1.8   1.0   0.6   0.3   0.0   0.0   0.1   0.1   0.0   0.1   0.1   0.1   0.1   0.1   0.1   0.1   0.1   0.1   4.7   4.0   4.1   3.5   3.4   3.1   2.5   1.9   1.0   0.7   0.0 
B: 34.4 31.1 31.2 53.5 45.0 46.0 45.4 44.6 42.7 42.3 40.5 37.4 40.8 41.3 33.3 29.9 43.9 32.0 33.2 39.1 29.4 31.5 48.8 45.1 44.8 44.8 44.6 41.6 40.4 39.3 39.0 34.6 43.3 28.3 30.8 28.6 33.4 32.4 32.3 32.0 39.6 50.2 45.7 45.3 43.8 43.0 43.5 37.9 36.7 37.8 35.2 41.6 31.6 33.2 30.8 33.1 31.9 32.2 35.9 36.5 55.5 44.8 44.0 42.7 41.8 39.5 38.8 36.4 40.0 39.3 45.0 31.0 27.4 33.8 30.0 37.6 27.9 33.5 40.3 48.3 45.2 44.0 42.1 40.1 38.9 36.5 36.0 36.0 37.8 48.8 33.0 35.8 30.6 30.8 44.5 29.9 33.1 37.8 54.0 46.2 44.1 42.1 41.2 38.2 37.4 36.5 38.8 39.7 40.5 34.8 35.1 28.8 28.4 35.0 36.5 30.6 33.6 29.8 32.5 35.8 30.3 39.2 47.3 45.9 45.7 43.6 44.1 41.8 41.1 40.2 38.7 39.4 50.7 27.9 31.9 29.3 31.7 27.7 29.5 36.8 35.1 38.2 30.0 27.2 31.3 38.2 47.2 46.7 45.1 44.4 44.9 43.6 43.2 41.2 39.1 39.5 33.2 33.0 33.4 32.8 41.2 23.2 36.0 33.6 31.8 49.2 45.0 45.7 45.6 42.9 43.3 39.5 37.9 37.0 36.1 33.2 38.6 32.7 31.4 38.5 31.7 35.0 30.1 36.5 29.6 36.2 33.5 28.5 39.2 47.5 45.7 46.3 44.4 43.9 42.7 40.7 41.5 37.8 40.4 28.0 
Direction:  n n n n {43 137} {42 138} {42 138} {45 135} n n n n n n n n n n n n n n n {44 136} {42 138} {42 138} n n n n n n n n n n n n n n n n {49 131} {50 130} n n n n n n n n n n n n n n n n n {50 130} {46 134} {49 131} n n n n n n n n n n n n n n n n {46 134} {50 130} n n n n n n n n n n n n n n n n n {46 134} {49 131} n n n n n n n n n n n n n n n n n n n n n n {44 136} {45 135} {44 136} n n n n n n n n n n n n n n n n n n n n {43 137} {44 136} {45 135} {49 131} {46 134} n n n n n n n n n n n n n n {49 131} {47 133} {49 131} {49 131} n n n n n n n n n n n n n n n n n n n n {45 135} {48 132} {43 137} {44 136} {49 131} n n n n n n

54.4: Count:   1.1 (  1.4) A:  23.4 [20-56] B:  44.4 [20-116] Phase: 100% 140 (15.5) Direction:  {46 134}
Phase: {0,0,0,0,0,0,0,0,0,0,0,0,0,0,0,0,0,0,0,0,0,0,0,0,0,0,0,0,0,0,0,0,0,0,0,0,0,0,0,0,0,0,0,0,0,0,0,0,0,0,0,0,0,0,0,0,0,0,0,0,0,0,0,0,0,0,0,2,0,0,0,2,3,0,0,1,0,0,1,0,2,1,3,1,3,8,4,9,2,14,10,7,20,18,14,20,33,14,31,36,44,46,45,78,63,78,95,124,168,145,188,206,271,313,363,369,440,534,639,618,705,768,838,856,928,1044,1184,1217,1241,1401,1361,1430,1407,1463,1416,1609,1457,1644,1549,1652,1516,1558,1533,1511,1562,1534,1496,1467,1475,1349,1492,1245,1217,1225,1083,1033,1079,996,928,838,748,660,706,545,460,444,361,359,271,280,198,207,164,125,104,99,76,77,50,44,61,39,21,20,23,22,22,13,12,10,12,3,6,6,5,4,8,3,1,0,1,4,0,0,1,1,0,0,0,0,0,0,0,0,0,0,0,0,0,0,0,0,0,0,0,0,0,0,0,0,0,0,0,0,0,0,0,0,0,0,0,0,0,0,0,0,0,0,0,0,0,0,0,0,0,0,0,0,0,0,0,0,0,0,0,0,0,0,0,0,0,0,0,0,0,0,0,0,0,0,0,0,0,0,0,0,0,0,0,0,0,0,0,0,0,0,0,0,0,0,0,0,0,0,0,0,0,0,0,0,0,0,0,0,0,0,0,0,0,0,0,0,0,0,0,0,0,0,0,0,0,0,0,0,0,0,0,0,0,0,0,0,0,0,0,0,0,0,0,0,0,0,0,0,0,0,0,0,0,0}
Count:   0.0   0.0   0.0   1.8   3.7   3.8   3.6   3.1   2.5   2.3   1.6   1.0   0.7   0.1   0.0   0.0   0.0   0.1   0.0   0.0   0.0   0.0   2.0   3.7   3.7   3.3   3.3   2.1   1.9   1.1   0.4   0.1   0.1   0.0   0.0   0.0   0.0   0.0   0.0   0.0   0.1   1.7   4.0   3.5   3.1   2.6   2.3   1.3   0.6   0.3   0.1   0.1   0.0   0.1   0.0   0.0   0.0   0.0   0.0   0.0   1.6   4.3   3.5   3.0   2.4   1.3   0.7   0.4   0.2   0.0   0.1   0.0   0.0   0.0   0.0   0.0   0.0   0.1   0.1   1.4   4.3   3.2   2.8   2.0   1.7   0.9   0.2   0.1   0.2   0.1   0.0   0.0   0.1   0.0   0.0   0.0   0.0   0.0   1.3   3.9   3.6   2.7   1.9   1.2   0.7   0.3   0.1   0.1   0.2   0.1   0.0   0.0   0.0   0.0   0.0   0.0   0.1   0.1   0.0   0.0   0.0   0.0   2.2   4.0   3.4   3.6   3.1   2.5   1.8   1.0   0.6   0.3   0.1   0.0   0.0   0.0   0.0   0.0   0.0   0.0   0.0   0.0   0.0   0.0   0.0   0.1   3.6   3.6   4.0   3.5   3.4   3.0   2.2   2.1   1.2   0.6   0.0   0.0   0.1   0.0   0.0   0.0   0.0   0.0   0.0   3.6   4.3   3.5   3.1   2.7   2.3   1.4   0.8   0.4   0.2   0.0   0.0   0.0   0.0   0.0   0.0   0.0   0.1   0.0   0.1   0.0   0.0   0.0   0.0   4.3   4.0   3.8   3.6   3.2   2.7   2.2   1.7   0.9   0.6   0.1 
B: 39.7 34.8 35.0 51.6 45.6 46.5 45.6 43.8 42.7 42.3 40.5 39.4 42.2 44.8 33.8 42.8 45.5 44.8 37.0 36.2 31.0 44.0 49.3 45.0 45.2 45.0 44.8 42.8 41.8 39.6 39.1 37.9 47.9 29.5 39.0 41.0 33.5 35.2 31.2 36.9 33.2 53.5 46.3 45.2 44.8 43.7 42.5 39.5 39.0 37.8 38.2 43.4 28.8 33.4 37.5 42.5 37.7 36.6 37.2 37.5 58.6 45.0 45.2 42.3 42.7 39.2 37.6 37.8 41.0 36.8 46.3 36.0 35.8 37.0 31.6 32.1 29.0 31.2 35.3 47.7 45.0 44.0 41.4 41.5 38.9 38.9 37.3 36.1 36.3 51.8 31.5 38.0 33.2 35.4 29.7 29.8 32.0 37.8 55.9 45.8 43.9 43.0 41.6 38.4 41.3 36.1 38.0 33.3 42.4 40.7 44.8 35.0 34.2 29.4 36.3 38.6 37.9 40.6 36.0 36.6 33.3 40.6 48.2 46.3 45.6 43.7 43.5 42.7 41.9 40.0 37.3 36.9 51.7 35.8 39.0 30.3 38.5 35.3 36.5 31.7 33.8 40.0 47.1 34.2 35.5 34.0 47.5 45.1 46.5 44.8 44.8 44.2 42.2 42.6 39.6 41.1 33.2 37.8 35.4 32.8 37.1 42.4 33.2 27.6 35.5 49.3 45.7 45.2 45.1 43.3 42.6 39.5 37.4 35.9 40.0 32.3 31.0 35.8 36.6 40.0 39.3 37.5 35.0 37.1 35.2 30.0 32.3 32.0 36.6 49.2 46.5 46.1 45.8 44.3 42.9 41.7 40.6 40.0 42.6 35.0 
Direction:  n n n n {45 135} {45 135} {42 138} {46 134} n n n n n n n n n n n n n n n {45 135} {47 133} {43 137} {48 132} n n n n n n n n n n n n n n n {45 135} {46 134} {47 133} n n n n n n n n n n n n n n n n {48 132} {45 135} {43 137} n n n n n n n n n n n n n n n n {44 136} {45 135} {47 133} n n n n n n n n n n n n n n n n {43 137} {43 137} {48 132} n n n n n n n n n n n n n n n n n n n n n {44 136} {44 136} {46 134} {46 134} n n n n n n n n n n n n n n n n n n n {45 135} {42 138} {47 133} {41 139} {44 136} {47 133} n n n n n n n n n n n n n {46 134} {44 136} {46 134} {43 137} n n n n n n n n n n n n n n n n n n n n {43 137} {47 133} {43 137} {45 135} {45 135} n n n n n n

54.5: Count:   1.1 (  1.4) A:  23.3 [20-49] B:  43.6 [20-117] Phase: 100% 140 (15.6) Direction:  {45 135}
Phase: {0,0,0,0,0,0,0,0,0,0,0,0,0,0,0,0,0,0,0,0,0,0,0,0,0,0,0,0,0,0,0,0,0,0,0,0,0,0,0,0,0,0,0,0,0,0,0,0,0,0,0,0,0,0,0,0,0,0,0,0,0,0,0,2,0,0,0,1,0,0,0,0,3,0,1,1,1,2,0,3,0,2,4,1,3,2,6,2,2,6,16,14,17,16,15,23,18,35,31,45,51,59,50,66,80,101,114,119,128,143,203,197,246,264,364,349,413,500,605,592,624,697,788,922,974,1074,1132,1117,1223,1306,1314,1417,1335,1563,1528,1496,1427,1517,1575,1529,1562,1567,1532,1452,1479,1490,1399,1408,1453,1356,1341,1332,1250,1131,1008,1057,1003,922,800,800,693,592,571,495,450,376,350,303,246,229,198,168,158,127,115,77,73,57,55,56,54,35,38,22,24,22,9,17,14,10,6,6,7,6,5,3,3,4,4,0,2,4,1,1,0,0,0,0,0,0,1,0,0,1,0,0,0,0,0,0,0,0,0,0,0,0,0,0,0,0,0,0,0,0,0,0,0,0,0,0,0,0,0,0,0,0,0,0,0,0,0,0,0,0,0,0,0,0,0,0,0,0,0,0,0,0,0,0,0,0,0,0,0,0,0,0,0,0,0,0,0,0,0,0,0,0,0,0,0,0,0,0,0,0,0,0,0,0,0,0,0,0,0,0,0,0,0,0,0,0,0,0,0,0,0,0,0,0,0,0,0,0,0,0,0,0,0,0,0,0,0,0,0,0,0,0,0,0,0,0,0,0,0,0,0,0,0,0,0,0,0,0,0,0,0,0,0,0,0,0}
Count:   0.0   0.0   0.0   1.6   3.7   3.8   3.5   2.9   2.7   2.3   1.5   1.0   0.5   0.1   0.0   0.0   0.0   0.0   0.0   0.0   0.0   0.0   1.8   3.7   3.6   3.2   3.3   2.0   1.8   0.9   0.3   0.1   0.1   0.1   0.0   0.1   0.0   0.0   0.0   0.0   0.1   1.7   4.0   3.4   3.0   2.8   2.0   1.2   0.5   0.2   0.0   0.1   0.1   0.1   0.0   0.0   0.0   0.1   0.0   0.1   1.7   3.9   3.5   3.0   2.2   1.3   0.7   0.4   0.1   0.1   0.2   0.0   0.0   0.0   0.0   0.0   0.0   0.0   0.1   1.4   4.1   2.7   2.9   1.9   1.3   0.7   0.2   0.1   0.2   0.2   0.0   0.0   0.0   0.1   0.0   0.1   0.0   0.1   1.8   3.6   3.7   2.7   1.8   1.4   0.5   0.2   0.1   0.1   0.2   0.0   0.0   0.0   0.0   0.0   0.0   0.0   0.0   0.0   0.0   0.1   0.0   0.1   1.9   3.8   3.1   3.6   2.8   2.4   1.8   1.1   0.6   0.2   0.1   0.0   0.0   0.0   0.0   0.0   0.1   0.0   0.0   0.0   0.1   0.1   0.1   0.0   3.7   3.6   3.5   3.3   3.5   2.8   2.1   1.9   1.0   0.5   0.0   0.0   0.0   0.0   0.0   0.0   0.0   0.0   0.0   3.3   4.3   3.4   2.8   2.8   2.3   1.2   0.6   0.3   0.2   0.0   0.0   0.0   0.0   0.0   0.0   0.1   0.1   0.0   0.0   0.0   0.0   0.0   0.0   4.4   3.7   3.9   3.4   3.3   2.8   2.3   1.7   0.9   0.4   0.0 
B: 40.0 31.4 38.8 48.3 44.9 45.2 44.6 42.5 43.4 41.0 39.1 40.3 37.8 43.1 38.8 42.6 46.6 41.4 36.1 36.7 35.7 42.0 48.4 44.6 44.4 44.5 42.9 42.2 39.9 37.7 39.1 40.7 56.1 26.9 40.1 34.2 47.2 36.3 33.8 33.8 35.6 56.5 45.1 44.1 43.5 42.0 41.8 39.3 36.8 41.0 35.2 51.3 27.0 37.7 32.5 33.7 35.9 38.3 32.8 36.7 55.7 44.8 43.5 42.8 41.3 39.0 37.8 37.1 36.0 33.1 44.7 31.0 37.3 27.0 33.5 32.6 26.6 32.7 34.5 47.0 43.9 42.0 40.8 39.5 37.9 37.1 34.8 38.5 34.4 38.1 37.3 36.3 37.0 33.9 34.4 38.5 34.4 36.9 56.1 44.3 43.2 42.4 40.6 40.1 38.8 37.0 34.0 38.5 43.9 37.7 36.2 33.8 31.8 33.0 38.5 41.0 41.2 28.4 38.3 35.1 38.0 39.3 48.1 44.2 43.6 43.6 42.2 42.2 40.3 40.0 39.2 34.5 55.3 31.0 37.5 30.2 38.1 40.1 30.4 30.3 33.6 44.0 36.8 30.7 36.1 35.8 48.4 44.6 44.0 44.7 44.1 43.1 40.4 40.4 39.3 39.9 30.6 31.0 38.5 32.7 37.8 40.5 33.5 42.8 40.1 48.1 44.7 44.2 43.6 43.3 40.9 38.7 38.5 38.3 40.4 36.8 37.4 36.9 35.8 37.6 35.5 37.1 38.8 34.2 32.1 35.1 33.0 33.7 39.6 48.1 44.5 45.3 45.5 43.2 42.9 41.6 40.2 38.1 43.7 33.5 
Direction:  n n n n {43 137} {43 137} {42 138} {44 136} {44 136} n n n n n n n n n n n n n n {46 134} {43 137} {43 137} {43 137} n n n n n n n n n n n n n n n {48 132} {43 137} {43 137} n n n n n n n n n n n n n n n n {44 136} {46 134} {48 132} n n n n n n n n n n n n n n n n {45 135} {48 132} {46 134} n n n n n n n n n n n n n n n n {45 135} {45 135} n n n n n n n n n n n n n n n n n n n n n n {43 137} {41 139} {45 135} {45 135} n n n n n n n n n n n n n n n n n n n {43 137} {47 133} {47 133} {44 136} {44 136} {45 135} n n n n n n n n n n n n n {47 133} {47 133} {43 137} {47 133} n n n n n n n n n n n n n n n n n n n n {44 136} {42 138} {48 132} {43 137} {43 137} {45 135} n n n n n

54.6: Count:   1.1 (  1.4) A:  23.3 [20-52] B:  42.6 [20-117] Phase: 100% 140 (15.1) Direction:  {45 135}
Phase: {0,0,0,0,0,0,0,0,0,0,0,0,0,0,0,0,0,0,0,0,0,0,0,0,0,0,0,0,0,0,0,0,0,0,0,0,0,0,0,0,0,0,0,0,0,0,0,0,0,0,0,0,0,0,0,0,0,0,0,0,0,0,0,1,0,0,0,0,0,0,0,0,1,2,1,1,0,4,0,2,2,8,5,4,3,7,6,16,6,20,12,9,18,21,26,24,40,39,47,48,54,83,68,90,131,132,141,185,232,215,273,289,308,362,308,434,464,536,548,674,655,813,836,835,911,938,1042,1164,1110,1266,1304,1380,1407,1511,1528,1584,1505,1708,1596,1616,1636,1671,1576,1646,1542,1601,1478,1427,1429,1305,1360,1188,1215,1085,1034,944,881,811,734,725,609,449,541,545,411,438,348,380,283,268,247,212,155,159,146,111,106,96,81,77,60,41,43,42,33,23,27,20,20,18,10,9,5,11,6,5,2,3,8,4,4,0,1,4,0,3,0,0,1,0,0,0,0,0,0,0,0,1,0,0,0,0,0,0,0,0,0,0,0,0,0,0,0,0,0,0,0,0,0,0,0,0,0,0,0,0,0,0,0,0,0,0,0,0,0,0,0,0,0,0,0,0,0,0,0,0,0,0,0,0,0,0,0,0,0,0,0,0,0,0,0,0,0,0,0,0,0,0,0,0,0,0,0,0,0,0,0,0,0,0,0,0,0,0,0,0,0,0,0,0,0,0,0,0,0,0,0,0,0,0,0,0,0,0,0,0,0,0,0,0,0,0,0,0,0,0,0,0,0,0,0,0,0,0,0,0,0,0,0,0,0,0,0,0,0,0,0,0,0,0}
Count:   0.0   0.0   0.0   1.6   3.9   3.8   3.4   2.9   2.9   2.3   1.6   1.3   0.6   0.1   0.0   0.0   0.0   0.0   0.0   0.1   0.0   0.1   1.8   3.5   3.7   3.2   3.3   2.4   1.9   1.0   0.4   0.2   0.1   0.0   0.1   0.0   0.0   0.0   0.0   0.0   0.1   1.6   3.8   3.5   3.2   2.8   2.1   1.2   0.5   0.2   0.1   0.1   0.0   0.1   0.0   0.1   0.1   0.0   0.0   0.0   1.7   3.9   3.3   3.1   2.4   1.7   0.9   0.4   0.1   0.1   0.2   0.0   0.0   0.0   0.0   0.0   0.0   0.0   0.0   1.4   3.5   3.2   2.9   2.0   1.4   0.8   0.3   0.1   0.1   0.1   0.0   0.1   0.0   0.0   0.0   0.0   0.1   0.1   1.7   3.6   3.5   2.6   2.0   1.3   0.5   0.2   0.1   0.2   0.2   0.0   0.0   0.1   0.1   0.0   0.0   0.0   0.1   0.0   0.0   0.1   0.0   0.1   1.8   3.9   3.5   3.4   2.7   2.9   1.9   1.4   0.8   0.3   0.1   0.0   0.0   0.0   0.1   0.0   0.1   0.0   0.0   0.1   0.1   0.0   0.0   0.0   3.7   3.6   3.5   3.7   3.6   2.9   2.3   1.8   1.2   0.5   0.0   0.0   0.0   0.1   0.0   0.0   0.0   0.1   0.1   3.3   4.3   3.4   3.3   2.9   2.3   1.3   0.7   0.5   0.2   0.0   0.1   0.0   0.0   0.0   0.1   0.0   0.1   0.1   0.0   0.1   0.1   0.0   0.1   4.3   3.3   4.0   3.4   3.3   2.8   2.3   1.5   1.1   0.4   0.0 
B: 40.6 27.8 34.2 48.3 45.1 44.9 43.1 41.9 41.8 41.1 37.0 38.0 36.1 39.0 31.4 31.1 31.4 29.0 36.2 29.2 37.0 37.2 47.1 44.6 43.5 43.1 42.1 39.7 39.2 37.5 34.8 33.9 50.0 33.7 42.1 30.0 43.2 36.0 32.4 35.1 29.5 56.7 44.5 43.9 42.4 41.6 39.0 37.2 35.3 35.3 31.5 50.0 31.3 39.1 29.3 31.5 31.4 42.1 40.5 39.5 56.1 42.8 42.8 42.5 40.9 37.6 37.3 35.9 35.5 31.4 42.5 30.5 31.6 35.7 32.1 33.3 28.9 42.0 36.5 45.3 42.5 42.0 41.0 39.2 37.5 35.8 32.7 35.2 38.6 40.5 31.4 31.8 33.1 34.3 28.6 41.4 33.7 30.1 55.4 44.5 43.5 41.2 38.5 37.9 35.9 33.4 33.6 34.2 40.4 31.3 38.5 31.2 35.2 39.1 29.0 38.2 33.1 27.5 44.0 31.6 32.9 36.0 48.1 43.0 43.6 43.6 41.6 42.2 39.1 38.1 39.0 38.9 49.0 31.8 24.0 32.1 34.4 37.6 34.2 28.4 33.3 33.5 33.6 34.4 33.5 32.0 48.2 44.5 43.5 44.2 43.9 42.0 40.0 38.8 36.7 38.2 33.5 36.2 36.1 28.8 39.5 38.2 39.0 32.9 38.2 45.9 43.8 44.5 42.9 42.8 40.1 39.0 35.7 35.7 40.3 35.0 30.5 29.7 36.8 40.5 36.6 32.1 34.8 37.8 32.0 37.6 32.1 29.4 31.6 47.7 44.3 44.5 43.9 42.6 41.8 39.4 38.8 37.6 39.5 37.6 
Direction:  n n n n {45 135} {46 134} {46 134} {45 135} {46 134} n n n n n n n n n n n n n n {47 133} {44 136} {44 136} {44 136} n n n n n n n n n n n n n n n {46 134} {45 135} {47 133} {45 135} n n n n n n n n n n n n n n n {43 137} {45 135} {46 134} n n n n n n n n n n n n n n n n {44 136} {48 132} {45 135} n n n n n n n n n n n n n n n n {43 137} {45 135} n n n n n n n n n n n n n n n n n n n n n n {42 138} {47 133} {47 133} n {45 135} n n n n n n n n n n n n n n n n n n {44 136} {45 135} {45 135} {46 134} {44 136} {47 133} n n n n n n n n n n n n n {47 133} {46 134} {45 135} {44 136} n n n n n n n n n n n n n n n n n n n n {47 133} {42 138} {46 134} {47 133} {44 136} {43 137} n n n n n

54.7: Count:   1.3 (  1.5) A:  23.5 [20-54] B:  41.6 [20-112] Phase: 100% 139 (17.1) Direction:  {45 135}
Phase: {0,0,0,0,0,0,0,0,0,0,0,0,0,0,0,0,0,0,0,0,0,0,0,0,0,0,0,0,0,0,0,0,0,0,0,0,0,0,0,0,0,0,0,0,0,0,0,0,0,0,0,0,2,0,0,0,0,0,0,0,0,2,0,0,0,0,1,1,0,2,0,2,1,1,1,5,1,0,4,3,5,3,5,8,8,14,7,30,17,10,18,12,27,40,52,43,47,63,56,74,104,90,116,126,168,201,165,242,258,288,329,374,489,451,549,564,584,742,830,810,944,964,969,1088,1173,1292,1355,1397,1415,1605,1483,1603,1504,1689,1624,1681,1680,1693,1669,1734,1576,1686,1689,1644,1562,1719,1607,1610,1473,1454,1448,1288,1362,1373,1207,1132,1114,1110,978,893,866,801,745,620,616,511,440,500,364,335,305,315,221,212,171,163,145,170,105,62,111,66,40,58,39,40,36,19,21,19,18,15,5,11,5,8,15,6,4,8,3,4,5,1,1,0,4,4,0,0,0,0,0,0,0,0,1,0,0,0,0,0,0,0,0,1,0,0,0,0,0,0,0,0,0,0,0,0,0,0,0,0,0,0,0,0,0,0,0,0,0,0,0,0,0,0,0,0,0,0,0,0,0,0,0,0,0,0,0,0,0,0,0,0,0,0,0,0,0,0,0,0,0,0,0,0,0,0,0,0,0,0,0,0,0,0,0,0,0,0,0,0,0,0,0,0,0,0,0,0,0,0,0,0,0,0,0,0,0,0,0,0,0,0,0,0,0,0,0,0,0,0,0,0,0,0,0,0,0,0,0,0,0,0,0,0,0,0,0,0,0,0,0,0,0,0,0,0,0,0}
Count:   0.0   0.0   0.0   1.7   4.2   4.2   3.6   3.3   3.1   2.7   2.1   2.0   1.2   0.3   0.1   0.0   0.1   0.0   0.1   0.0   0.1   0.1   1.7   4.0   4.0   3.6   3.7   3.0   2.2   1.4   0.6   0.4   0.1   0.1   0.0   0.0   0.0   0.1   0.0   0.1   0.0   1.7   4.1   3.9   3.5   2.9   2.4   1.8   0.9   0.4   0.2   0.1   0.1   0.0   0.0   0.0   0.0   0.1   0.0   0.0   1.7   4.0   4.0   3.7   3.1   2.2   1.3   1.0   0.4   0.3   0.3   0.1   0.0   0.0   0.1   0.1   0.1   0.0   0.0   1.5   3.6   3.6   3.5   2.4   1.9   1.1   0.7   0.3   0.4   0.2   0.1   0.0   0.1   0.1   0.0   0.0   0.0   0.0   1.8   4.3   4.3   2.8   2.6   1.8   0.9   0.5   0.3   0.4   0.3   0.1   0.0   0.0   0.1   0.0   0.0   0.1   0.0   0.0   0.0   0.1   0.0   0.0   1.7   4.0   3.7   3.5   2.9   3.3   2.2   1.9   0.9   0.5   0.1   0.0   0.0   0.0   0.0   0.1   0.1   0.0   0.1   0.1   0.0   0.0   0.0   0.0   3.6   4.1   3.8   4.2   3.6   3.3   2.8   2.3   1.7   1.0   0.0   0.0   0.0   0.1   0.1   0.0   0.1   0.1   0.1   3.6   4.8   3.7   3.9   3.3   3.1   2.1   1.3   0.7   0.4   0.1   0.0   0.0   0.0   0.1   0.1   0.1   0.0   0.0   0.0   0.1   0.0   0.1   0.0   4.4   4.1   4.4   3.7   3.5   3.0   3.0   1.9   1.5   0.5   0.0 
B: 29.1 32.9 25.5 46.6 45.8 43.7 42.8 41.7 41.4 39.7 38.4 38.3 37.8 38.2 34.4 30.9 29.7 32.5 27.8 36.7 31.0 29.8 44.6 43.6 43.0 41.8 42.5 41.0 38.0 36.3 34.9 32.9 44.3 27.5 27.1 25.9 34.0 32.4 28.0 35.1 30.5 52.7 43.6 42.9 43.4 40.9 39.1 37.3 34.6 32.5 34.0 45.3 31.5 37.2 29.3 28.1 28.7 33.3 31.1 34.6 55.9 42.5 42.5 41.0 40.4 38.6 36.0 34.1 34.4 34.5 41.2 36.2 36.5 33.8 30.7 34.9 29.7 32.7 40.1 44.0 41.8 41.3 41.4 37.7 36.7 35.1 32.6 36.3 33.9 43.6 34.0 26.6 32.1 34.4 33.9 29.5 32.2 27.6 51.5 43.1 43.0 40.4 39.4 38.1 34.6 35.8 32.4 34.8 42.1 31.9 30.5 32.8 31.5 31.0 34.7 31.0 30.5 42.0 31.7 34.9 31.4 30.8 43.5 42.9 43.0 42.6 42.5 41.5 38.5 37.9 35.8 34.4 40.2 34.4 32.5 31.5 33.3 28.1 31.3 30.0 35.1 32.1 33.3 34.9 32.5 38.4 46.1 44.1 43.5 44.3 42.8 41.7 39.5 39.8 36.4 36.5 37.0 36.0 32.0 34.1 35.0 26.0 29.0 36.7 32.6 44.5 44.0 43.4 42.7 42.2 39.0 37.3 35.9 33.1 33.2 24.7 36.3 39.5 28.4 33.5 31.6 37.2 36.8 31.7 30.3 36.7 35.7 30.5 36.7 46.9 43.9 44.1 43.5 42.3 41.1 40.0 37.6 37.1 35.3 31.0 
Direction:  n n n n {43 137} {47 133} {46 134} {44 136} n n n n n n n n n n n n n n n {46 134} {44 136} {44 136} {47 133} {41 139} n n n n n n n n n n n n n n {47 133} {44 136} {44 136} {46 134} n n n n n n n n n n n n n n n {45 135} {45 135} {41 139} {48 132} n n n n n n n n n n n n n n n {45 135} {48 132} {45 135} n n n n n n n n n n n n n n n n {46 134} {42 138} n n n n n n n n n n n n n n n n n n n n n n {46 134} {44 136} {48 132} {43 137} {44 136} n n n n n n n n n n n n n n n n n n {44 136} {41 139} {43 137} {44 136} {46 134} {42 138} {48 132} n n n n n n n n n n n n {44 136} {46 134} {44 136} {43 137} {45 135} {46 134} n n n n n n n n n n n n n n n n n n {42 138} {46 134} {44 136} {43 137} {42 138} {46 134} n n n n n

54.8: Count:   1.5 (  1.7) A:  23.8 [20-47] B:  42.2 [20-107] Phase: 100% 139 (16.9) Direction:  {45 135}
Phase: {0,0,0,0,0,0,0,0,0,0,0,0,0,0,0,0,0,0,0,0,0,0,0,0,0,0,0,0,0,0,0,0,0,0,0,0,0,0,0,0,0,0,0,0,0,0,0,0,0,0,0,0,0,0,0,0,0,0,0,0,0,0,3,0,0,0,1,1,0,1,0,1,3,3,8,1,5,5,3,8,3,6,8,9,8,13,16,13,18,25,34,36,33,53,42,50,72,88,102,90,106,143,147,204,210,216,242,284,309,367,394,438,467,519,557,693,707,817,940,986,1004,1218,1177,1330,1394,1495,1477,1678,1791,1800,1812,2077,1875,1999,1870,2118,1932,2000,1960,1894,1825,1927,1961,1867,1884,1896,1774,1844,1827,1734,1719,1662,1627,1552,1430,1407,1237,1187,1168,1112,972,840,856,775,652,615,564,477,487,387,351,297,303,284,226,167,179,155,152,109,123,84,69,61,62,33,40,47,20,25,22,29,13,12,5,10,5,5,7,5,5,1,3,2,3,3,2,2,2,0,1,0,0,0,0,0,0,0,0,0,0,0,1,0,0,0,0,0,0,0,0,0,0,0,0,0,0,0,0,0,0,0,0,0,0,0,0,0,0,0,0,0,0,0,0,0,0,0,0,0,0,0,0,0,0,0,0,0,0,0,0,0,0,0,0,0,0,0,0,0,0,0,0,0,0,0,0,0,0,0,0,0,0,0,0,0,0,0,0,0,0,0,0,0,0,0,0,0,0,0,0,0,0,0,0,0,0,0,0,0,0,0,0,0,0,0,0,0,0,0,0,0,0,0,0,0,0,0,0,0,0,0,0,0,0,0,0,0,0,0,0,0,0,0,0,0,0,0,0,0}
Count:   0.0   0.1   0.0   1.6   4.8   4.7   3.7   3.8   3.5   3.3   2.5   2.7   1.8   0.5   0.1   0.1   0.1   0.1   0.0   0.0   0.1   0.0   1.6   4.6   4.8   4.0   4.0   3.6   2.8   2.1   1.1   0.8   0.2   0.0   0.1   0.0   0.0   0.0   0.1   0.0   0.1   1.4   4.7   4.2   3.7   3.4   3.3   2.4   1.4   0.9   0.6   0.1   0.0   0.1   0.0   0.0   0.0   0.1   0.0   0.1   1.7   4.2   4.3   4.2   3.6   2.9   1.8   1.3   0.6   0.7   0.3   0.1   0.0   0.0   0.0   0.0   0.0   0.0   0.0   1.8   4.0   4.3   3.9   3.4   2.3   2.1   1.2   0.7   0.5   0.2   0.0   0.0   0.1   0.1   0.0   0.0   0.1   0.0   2.0   4.6   4.6   3.2   3.2   2.2   1.6   1.0   0.5   0.7   0.3   0.1   0.1   0.0   0.0   0.0   0.0   0.1   0.0   0.0   0.0   0.0   0.0   0.0   1.7   4.6   4.0   4.0   3.6   4.0   3.0   2.4   1.7   1.1   0.1   0.0   0.0   0.0   0.0   0.0   0.0   0.1   0.1   0.0   0.0   0.0   0.0   0.0   3.9   4.8   4.5   4.8   4.3   3.9   3.2   2.6   2.4   1.4   0.0   0.0   0.1   0.1   0.0   0.0   0.1   0.1   0.0   3.6   5.3   4.1   4.0   3.7   3.5   2.7   2.1   1.1   0.6   0.0   0.1   0.0   0.1   0.0   0.1   0.1   0.1   0.1   0.0   0.0   0.1   0.1   0.0   4.8   4.3   4.6   3.9   3.9   3.6   3.5   2.7   2.3   0.8   0.0 
B: 25.7 33.5 27.0 45.2 46.7 45.0 43.0 43.2 42.8 41.5 38.9 39.8 39.0 38.0 32.4 30.5 28.4 34.6 32.1 28.0 34.8 24.3 43.8 45.7 44.7 42.3 43.6 42.4 40.7 36.4 33.6 35.9 37.7 33.3 30.2 30.9 26.5 37.0 30.8 24.1 33.8 50.5 44.2 43.4 44.6 42.3 39.9 38.2 35.9 34.1 33.2 36.0 38.0 31.0 35.1 37.2 33.5 31.6 28.3 31.8 55.8 43.4 43.3 43.6 41.6 40.1 37.5 36.1 33.3 34.4 40.1 31.1 27.0 28.7 31.4 31.9 30.5 33.7 34.6 43.5 43.0 42.1 42.4 39.3 38.5 37.6 33.9 34.6 35.6 39.8 41.5 26.7 33.1 30.2 25.1 34.2 31.4 32.3 49.3 44.2 45.4 41.7 40.3 38.2 34.7 35.3 34.0 35.1 39.7 32.3 30.1 31.0 34.5 29.3 34.0 32.6 33.8 36.4 33.6 35.5 32.1 34.0 42.0 44.6 44.1 42.9 42.9 42.5 40.7 39.0 38.2 34.2 40.4 32.8 27.1 31.3 33.0 29.1 33.8 28.5 35.8 27.8 32.0 30.1 28.7 29.3 45.4 45.6 42.9 46.0 43.5 42.9 40.9 39.3 37.0 36.7 33.5 27.8 27.4 27.0 30.9 32.9 29.3 38.1 31.0 43.8 44.8 43.7 43.7 42.7 40.6 38.6 37.7 31.9 34.3 30.8 30.4 28.0 29.4 28.6 36.7 36.1 29.7 33.6 31.8 35.6 28.7 29.8 24.7 46.3 45.1 45.0 43.5 43.2 41.8 40.9 39.6 37.6 37.0 31.4 
Direction:  n n n n {48 132} {44 136} {46 134} {44 136} {42 138} {44 136} n n n n n n n n n n n n n {48 132} {42 138} {48 132} {47 133} {43 137} {42 138} n n n n n n n n n n n n n {44 136} {42 138} {42 138} {48 132} {45 135} n n n n n n n n n n n n n n {41 139} {43 137} {46 134} {48 132} n n n n n n n n n n n n n n n {47 133} {45 135} {44 136} {46 134} n n n n n n n n n n n n n n n {43 137} {44 136} {40 140} {44 136} n n n n n n n n n n n n n n n n n n n n {47 133} {46 134} {43 137} {43 137} {41 139} n n n n n n n n n n n n n n n n n n {44 136} {43 137} {47 133} {46 134} {42 138} {43 137} {43 137} n n n n n n n n n n n n {47 133} {42 138} {43 137} {43 137} {46 134} {44 136} {42 138} n n n n n n n n n n n n n n n n n {44 136} {44 136} {47 133} {44 136} {43 137} {46 134} {46 134} n n n n

54.9: Count:   1.7 (  2.0) A:  24.0 [20-47] B:  44.4 [20-105] Phase: 100% 140 (14.5) Direction:  {45 135}
Phase: {0,0,0,0,0,0,0,0,0,0,0,0,0,0,0,0,0,0,0,0,0,0,0,0,0,0,0,0,0,0,0,0,0,0,0,0,0,0,0,0,0,0,0,0,0,0,0,0,0,0,0,0,0,0,0,0,0,0,0,0,0,0,0,0,1,0,0,0,0,2,0,1,0,1,2,0,0,0,0,3,6,2,1,3,2,9,4,5,4,9,8,10,14,24,19,28,23,36,40,54,62,60,71,101,109,126,149,158,216,211,264,267,376,397,487,585,576,707,837,1058,1028,1164,1446,1451,1628,1651,1836,1901,2086,2150,2166,2249,2437,2577,2459,2498,2566,2749,2637,2788,2528,2829,2762,2716,2622,2512,2463,2463,2170,2065,2097,1946,1934,1848,1656,1584,1468,1464,1309,1111,1061,989,852,753,688,574,523,468,361,327,264,212,165,171,156,121,102,81,66,58,68,32,19,25,29,20,21,16,4,8,3,8,8,12,4,1,4,1,1,1,0,3,0,3,6,0,0,1,1,0,0,0,0,0,1,0,0,0,0,0,0,0,0,0,0,0,0,0,0,0,0,0,0,0,0,0,0,0,0,0,0,0,0,0,0,0,0,0,0,0,0,0,0,0,0,0,0,0,0,0,0,0,0,0,0,0,0,0,0,0,0,0,0,0,0,0,0,0,0,0,0,0,0,0,0,0,0,0,0,0,0,0,0,0,0,0,0,0,0,0,0,0,0,0,0,0,0,0,0,0,0,0,0,0,0,0,0,0,0,0,0,0,0,0,0,0,0,0,0,0,0,0,0,0,0,0,0,0,0,0,0,0,0,0,0,0,0,0,0,0,0,0,0,0,0,0,0,0,0,0}
Count:   0.0   0.0   0.0   1.6   5.1   4.9   4.1   4.5   4.2   4.2   3.1   3.2   2.2   0.6   0.1   0.0   0.0   0.0   0.0   0.0   0.0   0.0   1.5   5.3   5.2   4.3   4.6   4.1   3.6   2.8   1.5   1.0   0.2   0.0   0.0   0.1   0.0   0.0   0.0   0.0   0.1   1.5   5.3   4.7   4.4   4.1   3.9   2.8   1.9   1.3   0.8   0.2   0.0   0.0   0.0   0.0   0.0   0.0   0.0   0.0   1.6   5.0   4.8   4.6   4.1   3.5   2.3   1.7   1.0   0.8   0.2   0.0   0.0   0.1   0.0   0.0   0.0   0.0   0.0   1.8   4.6   5.3   4.3   4.1   2.9   2.5   1.6   0.9   0.6   0.2   0.0   0.0   0.0   0.0   0.0   0.0   0.0   0.0   1.9   5.2   4.8   3.7   4.0   2.8   2.0   1.2   0.8   0.6   0.2   0.1   0.0   0.0   0.0   0.0   0.0   0.0   0.0   0.0   0.0   0.0   0.0   0.0   2.1   5.2   4.3   4.7   4.1   4.9   3.4   3.0   2.4   1.9   0.1   0.1   0.0   0.0   0.0   0.0   0.0   0.1   0.0   0.0   0.0   0.0   0.0   0.0   3.8   5.0   5.2   5.2   4.7   4.4   3.7   3.2   3.0   1.9   0.0   0.0   0.0   0.0   0.0   0.1   0.0   0.1   0.0   3.9   5.7   4.5   4.5   4.0   4.4   3.3   2.7   1.5   0.8   0.0   0.0   0.0   0.0   0.0   0.1   0.0   0.0   0.0   0.0   0.0   0.0   0.0   0.0   5.3   5.1   4.8   4.1   4.4   4.4   4.0   3.7   2.7   1.0   0.0 
B: 32.4 25.5 33.7 48.1 47.2 46.6 46.8 46.0 46.2 43.7 41.9 42.2 39.3 41.6 36.1 33.5 30.5 31.2 33.5 28.9 32.3 32.2 46.9 47.5 47.9 45.8 45.7 44.2 43.6 38.7 37.5 36.8 37.4 30.0 34.1 31.0 28.0 34.5 34.5 31.7 31.7 50.7 46.7 46.5 46.3 45.3 43.3 40.9 38.6 36.9 35.3 38.9 36.2 30.7 39.2 31.2 43.8 31.5 26.5 32.7 52.1 45.7 45.9 45.1 44.3 42.4 39.9 37.4 37.8 36.3 39.0 30.2 29.8 28.1 26.5 32.7 32.1 42.8 33.1 48.2 45.3 45.2 45.1 42.9 41.3 40.0 37.2 35.0 36.8 45.5 42.6 26.2 30.2 27.7 27.5 26.4 32.0 25.5 49.0 46.1 46.6 44.2 43.3 41.2 36.9 36.8 36.1 37.5 43.6 33.2 32.7 34.4 31.0 33.4 33.6 37.1 34.8 30.7 35.4 35.1 33.3 40.3 43.3 46.1 45.9 45.4 45.5 46.0 43.7 41.7 39.9 36.9 40.7 29.8 33.0 32.5 34.1 30.2 26.3 31.8 29.5 35.0 32.6 25.8 38.5 35.1 47.7 47.0 46.1 46.0 46.7 45.5 43.7 42.2 41.4 39.4 36.1 36.2 26.0 33.4 34.2 31.5 31.8 33.2 29.7 46.3 46.5 46.9 46.4 45.0 43.4 41.8 40.9 36.2 34.8 26.6 36.6 37.5 42.2 23.0 34.5 36.5 30.3 44.0 31.8 34.3 30.6 28.0 35.3 47.6 47.4 47.3 45.5 45.9 45.5 43.7 42.1 40.0 39.4 36.9 
Direction:  n n n n {43 137} {44 136} {44 136} {44 136} {43 137} {43 137} {44 136} {47 133} n n n n n n n n n n n {46 134} {45 135} {44 136} {47 133} {43 137} {43 137} {46 134} n n n n n n n n n n n n {47 133} {47 133} {43 137} {43 137} {44 136} n n n n n n n n n n n n n n {45 135} {43 137} {44 136} {43 137} {44 136} n n n n n n n n n n n n n n {44 136} {47 133} {47 133} {45 135} {45 135} n n n n n n n n n n n n n n {44 136} {44 136} {46 134} {47 133} n n n n n n n n n n n n n n n n n n n n {47 133} {45 135} {46 134} {44 136} {47 133} {46 134} {46 134} n n n n n n n n n n n n n n n n {45 135} {42 138} {47 133} {45 135} {44 136} {44 136} {44 136} {45 135} {46 134} n n n n n n n n n n {45 135} {45 135} {46 134} {44 136} {43 137} {45 135} {44 136} n n n n n n n n n n n n n n n n n {45 135} {46 134} {46 134} {43 137} {44 136} {45 135} {43 137} {47 133} {45 135} n n

55.0: Count:   2.0 (  2.3) A:  24.1 [20-51] B:  46.4 [20-105] Phase: 100% 140 (11.8) Direction:  {45 135}
Phase: {0,0,0,0,0,0,0,0,0,0,0,0,0,0,0,0,0,0,0,0,0,0,0,0,0,0,0,0,0,0,0,0,0,0,0,0,0,0,0,0,0,0,0,0,0,0,0,0,0,0,0,0,0,0,0,0,0,0,0,0,0,0,0,0,0,0,0,0,0,0,0,0,0,0,0,0,0,0,0,0,0,1,0,4,2,1,1,0,4,0,11,6,3,9,10,9,17,21,24,20,12,22,36,66,62,64,94,90,113,133,210,235,247,367,388,497,493,632,755,863,1106,1132,1288,1462,1632,1702,1919,2215,2262,2455,2704,2883,2933,3232,3217,3578,3527,3788,3845,3977,3936,3961,4010,3690,3679,3365,3410,3104,3047,2759,2586,2427,2291,2187,1912,1789,1557,1557,1291,1156,1007,878,799,698,572,451,392,356,277,230,182,142,114,100,94,52,47,35,21,34,28,19,13,13,12,12,4,4,1,9,3,0,0,0,3,2,0,0,0,2,0,0,0,0,0,0,0,0,0,2,0,0,0,0,0,0,0,0,0,0,0,0,0,0,0,0,0,0,0,0,0,0,0,0,0,0,0,0,0,0,0,0,0,0,0,0,0,0,0,0,0,0,0,0,0,0,0,0,0,0,0,0,0,0,0,0,0,0,0,0,0,0,0,0,0,0,0,0,0,0,0,0,0,0,0,0,0,0,0,0,0,0,0,0,0,0,0,0,0,0,0,0,0,0,0,0,0,0,0,0,0,0,0,0,0,0,0,0,0,0,0,0,0,0,0,0,0,0,0,0,0,0,0,0,0,0,0,0,0,0,0,0,0,0,0,0,0,0,0,0,0,0,0,0,0,0,0,0,0,0}
Count:   0.0   0.0   0.0   1.6   5.6   5.4   4.7   5.6   5.2   5.1   3.5   3.9   3.0   0.6   0.0   0.0   0.0   0.0   0.0   0.0   0.0   0.0   1.7   6.7   5.8   4.8   5.6   5.2   4.4   3.2   2.1   1.3   0.2   0.0   0.0   0.0   0.0   0.0   0.0   0.0   0.0   1.6   6.1   5.3   5.5   4.7   4.7   3.4   2.5   1.7   1.0   0.3   0.1   0.1   0.0   0.0   0.0   0.0   0.0   0.0   1.4   5.9   5.5   5.7   4.5   4.3   3.2   2.2   1.3   1.0   0.2   0.0   0.0   0.0   0.0   0.0   0.0   0.0   0.0   1.9   5.4   5.8   5.0   5.4   3.9   3.1   2.3   1.1   0.8   0.2   0.1   0.0   0.0   0.0   0.0   0.0   0.0   0.0   1.8   5.7   5.7   4.6   4.4   3.6   2.8   1.8   1.0   0.7   0.1   0.0   0.0   0.0   0.0   0.0   0.0   0.0   0.0   0.0   0.0   0.0   0.0   0.0   2.5   6.0   5.1   5.6   5.1   5.2   4.5   4.1   3.1   2.3   0.1   0.0   0.0   0.0   0.0   0.0   0.0   0.0   0.0   0.0   0.0   0.0   0.0   0.0   4.4   5.8   5.4   5.4   5.3   5.4   4.9   4.4   3.6   2.2   0.0   0.0   0.0   0.0   0.0   0.0   0.0   0.0   0.0   4.3   5.9   5.3   5.5   4.5   4.9   3.9   3.1   2.0   1.0   0.0   0.0   0.0   0.0   0.0   0.0   0.0   0.0   0.0   0.0   0.0   0.0   0.0   0.0   5.9   5.4   5.5   5.1   5.5   4.7   4.8   4.3   3.6   1.3   0.0 
B: 32.0 29.3 37.3 51.0 49.0 47.8 48.5 48.6 47.8 46.5 44.1 43.1 42.6 41.8 39.1 25.8 * 27.0 34.0 30.7 35.3 34.2 49.7 49.6 48.4 48.3 48.1 47.2 45.3 41.7 38.4 39.2 43.1 36.0 31.0 31.8 40.8 38.0 33.1 42.1 29.0 49.2 49.3 48.2 48.1 48.5 46.0 42.8 40.3 37.9 36.6 38.0 31.6 34.8 34.0 27.7 38.2 37.6 29.5 23.7 53.5 48.2 48.0 47.0 46.6 44.9 42.6 39.5 40.0 36.2 38.1 34.6 31.8 47.0 27.8 32.6 33.2 35.1 32.0 51.2 47.1 47.5 45.7 44.7 43.4 41.7 40.4 36.8 36.8 46.8 38.1 30.5 35.2 29.5 31.0 32.0 29.6 29.0 48.9 49.3 48.1 47.7 46.2 42.3 39.8 38.8 36.3 37.7 47.1 33.6 40.6 28.3 35.0 * 32.5 28.5 35.0 30.7 32.5 41.1 29.6 36.3 44.8 48.3 48.3 47.9 48.2 48.1 46.9 43.4 41.2 39.1 49.2 32.0 40.0 43.0 31.0 22.6 39.8 24.0 29.0 25.5 * 35.8 39.4 28.6 48.3 48.2 47.8 48.1 48.4 48.0 46.8 44.8 42.8 42.3 29.7 37.0 39.0 33.8 30.6 32.4 36.9 34.7 29.3 47.9 48.6 49.5 48.1 47.1 46.1 44.3 41.8 38.6 37.4 34.6 32.5 33.7 31.3 29.0 37.5 35.0 25.5 33.2 34.2 35.0 30.8 46.0 50.0 49.9 49.0 48.8 47.8 47.9 47.7 45.8 44.7 42.0 41.5 34.6 
Direction:  n n n n {44 136} {46 134} {44 136} {44 136} {47 133} {44 136} {46 134} {44 136} {45 135} n n n*  n n n n n n {44 136} {44 136} {45 135} {44 136} {46 134} {44 136} {46 134} n n n n n n n n n n n n {45 135} {44 136} {44 136} {44 136} {44 136} {42 138} n n n n n n n n n n n n n {45 135} {46 134} {44 136} {46 134} {45 135} {44 136} n n n n n n n n n n n n n {45 135} {46 134} {45 135} {46 134} {45 135} {45 135} n n n n n n n n n n n n n {43 137} {44 136} {42 138} {44 136} {45 135} {47 133} n n n n n n n n*  n n n n n n n n {47 133} {45 135} {44 136} {45 135} {44 136} {44 136} {44 136} {45 135} {44 136} n n n n n n n n n n n*  n n n {44 136} {45 135} {44 136} {45 135} {44 136} {45 135} {43 137} {46 134} {43 137} n n n n n n n n n n {45 135} {47 133} {45 135} {44 136} {46 134} {46 134} {44 136} {44 136} n n n n n n n n n n n n n n n n {46 134} {44 136} {45 135} {45 135} {46 134} {47 133} {44 136} {46 134} {46 134} n n

55.1: Count:   2.4 (  2.7) A:  24.5 [20-55] B:  47.0 [20-106] Phase: 100% 140 (11.6) Direction:  {45 135}
Phase: {0,0,0,0,0,0,0,0,0,0,0,0,0,0,0,0,0,0,0,0,0,0,0,0,0,0,0,0,0,0,0,0,0,0,0,0,0,0,0,0,0,0,0,0,0,0,0,0,0,0,0,0,0,0,0,0,0,0,1,0,0,0,0,0,0,0,0,0,1,0,0,0,0,1,0,0,2,1,0,1,3,1,2,4,3,5,1,5,7,3,9,4,16,16,18,30,26,25,36,33,37,72,58,85,124,117,139,153,247,229,323,346,404,479,528,639,724,806,883,1013,1187,1267,1457,1546,1761,1894,2161,2295,2564,2876,2793,3276,3451,3861,3795,4152,4225,4509,4511,4716,4607,4804,4663,4633,4575,4161,3982,3910,3644,3395,3046,2911,2554,2416,1977,2040,1749,1675,1448,1268,1137,1006,894,811,675,578,546,480,385,346,288,287,234,173,144,136,91,72,55,60,54,34,30,23,14,12,20,14,9,6,4,2,3,2,7,5,1,8,1,1,0,1,0,0,1,0,0,0,0,0,0,0,0,0,2,0,0,0,0,0,0,0,0,0,0,0,0,0,0,0,0,0,0,0,0,0,0,0,0,0,0,0,0,0,0,0,0,0,0,0,0,0,0,0,0,0,0,0,0,0,0,0,0,0,0,0,0,0,0,0,0,0,0,0,0,0,0,0,0,0,0,0,0,0,0,0,0,0,0,0,0,0,0,0,0,0,0,0,0,0,0,0,0,0,0,0,0,0,0,0,0,0,0,0,0,0,0,0,0,0,0,0,0,0,0,0,0,0,0,0,0,0,0,0,0,0,0,0,0,0,0,0,0,0,0,0,0,0,0,0,0,0,0,0,0,0,0,0,0,0}
Count:   0.0   0.0   0.0   1.7   6.4   6.1   5.8   6.5   5.6   5.7   4.8   4.4   3.9   0.7   0.0   0.0   0.0   0.0   0.0   0.0   0.0   0.0   2.0   7.5   6.6   5.8   6.2   5.9   5.2   4.2   2.9   1.7   0.3   0.0   0.0   0.0   0.0   0.0   0.0   0.0   0.0   1.5   6.9   6.2   6.5   5.5   5.9   4.4   3.3   2.7   1.3   0.4   0.1   0.0   0.0   0.0   0.0   0.0   0.0   0.0   1.4   7.0   6.5   6.4   5.2   5.1   4.1   2.9   1.9   1.1   0.2   0.0   0.0   0.0   0.0   0.0   0.0   0.0   0.0   1.9   5.9   6.2   5.6   6.1   4.7   3.7   2.7   1.3   1.1   0.1   0.1   0.0   0.0   0.0   0.0   0.0   0.0   0.0   2.1   6.6   6.6   5.7   5.7   4.5   4.0   2.1   1.5   0.9   0.1   0.0   0.0   0.0   0.0   0.0   0.0   0.0   0.0   0.0   0.0   0.0   0.0   0.0   3.0   6.8   6.3   6.3   6.0   6.0   5.4   4.7   3.8   2.8   0.1   0.0   0.0   0.0   0.0   0.0   0.0   0.0   0.0   0.0   0.0   0.0   0.0   0.0   4.6   6.3   5.6   6.6   6.2   6.1   5.4   5.4   4.8   2.9   0.0   0.0   0.0   0.0   0.0   0.0   0.0   0.0   0.0   5.2   6.8   6.6   6.7   5.4   5.9   4.6   4.2   2.9   1.6   0.0   0.0   0.0   0.0   0.0   0.0   0.0   0.0   0.0   0.0   0.0   0.0   0.0   0.0   6.8   6.5   6.1   6.4   6.1   5.9   5.6   4.9   4.4   1.8   0.0 
B: 35.0 22.0 31.8 51.5 49.6 48.2 48.6 50.0 48.1 46.4 45.5 44.4 42.8 41.6 36.4 27.0 24.8 35.2 30.0 39.2 32.3 42.5 51.0 50.4 49.2 48.1 48.7 48.5 46.1 42.5 39.7 39.2 42.1 32.8 36.3 29.3 28.1 31.9 37.5 29.3 32.3 47.0 48.8 48.8 50.1 48.9 47.3 44.1 41.9 39.8 36.4 39.2 35.6 34.5 43.0 21.0 30.3 33.8 34.2 28.2 51.1 49.5 49.4 47.4 46.0 45.9 43.5 41.5 38.9 37.1 35.7 28.0 37.2 37.3 29.4 30.0 36.3 32.2 27.1 52.2 47.9 47.1 46.4 45.6 43.2 42.6 40.2 36.0 36.2 41.8 35.6 43.6 35.6 32.1 26.8 24.3 30.0 36.6 52.4 49.5 48.8 47.9 46.6 43.6 42.6 38.9 36.5 38.0 44.2 30.2 33.0 37.2 37.5 23.5 24.2 31.8 28.0 29.0 37.0 34.1 34.4 34.5 46.2 48.9 48.6 48.5 49.2 48.7 47.8 43.8 42.5 41.0 45.7 32.1 31.6 33.0 28.6 27.3 35.0 27.2 25.2 22.5 24.0 35.6 29.0 30.4 48.9 49.5 48.2 48.5 48.3 48.7 48.0 45.8 44.5 43.7 33.8 33.3 32.3 37.1 31.1 30.7 36.8 34.8 38.0 49.5 49.2 49.7 49.3 48.7 47.2 44.8 43.6 40.5 39.1 35.3 30.8 28.8 34.4 37.2 33.0 28.0 37.0 33.0 31.0 30.4 32.6 27.1 35.0 49.2 49.2 48.8 48.2 48.9 48.5 46.6 46.1 43.5 40.4 32.1 
Direction:  n n n {44 136} {44 136} {45 135} {46 134} {45 135} {45 135} {43 137} {44 136} {45 135} {43 137} n n n n n n n n n {46 134} {44 136} {46 134} {46 134} {46 134} {45 135} {45 135} {44 136} {44 136} n n n n n n n n n n n {45 135} {44 136} {46 134} {46 134} {46 134} {46 134} {44 136} n n n n n n n n n n n n {46 134} {45 135} {45 135} {46 134} {44 136} {46 134} {42 138} n n n n n n n n n n n {45 135} {46 134} {46 134} {45 135} {48 132} {44 136} {45 135} {43 137} n n n n n n n n n n n {45 135} {45 135} {46 134} {46 134} {46 134} {44 136} {44 136} n n n n n n n n n n n n n n n n n {45 135} {46 134} {46 134} {44 136} {44 136} {44 136} {44 136} {46 134} {45 135} {46 134} n n n n n n n n n n n n n n {44 136} {44 136} {43 137} {43 137} {46 134} {45 135} {45 135} {46 134} {43 137} {43 137} n n n n n n n n n {44 136} {45 135} {46 134} {44 136} {46 134} {46 134} {44 136} {46 134} {44 136} n n n n n n n n n n n n n n n {46 134} {46 134} {44 136} {44 136} {45 135} {45 135} {46 134} {44 136} {47 133} n n

55.2: Count:   2.7 (  3.0) A:  24.9 [20-58] B:  46.7 [20-148] Phase: 100% 140 (14.2) Direction:  {45 135}
Phase: {0,0,0,0,0,0,0,0,0,0,0,0,0,0,0,0,0,0,0,0,0,0,0,0,0,0,0,0,0,0,0,0,0,0,0,0,0,0,0,0,0,0,0,0,0,0,0,0,0,0,0,0,0,0,0,0,0,0,0,0,0,0,1,1,0,1,2,0,0,0,0,1,0,3,1,1,1,7,2,6,0,2,13,7,7,8,15,6,13,12,25,23,5,30,36,55,66,86,74,107,105,123,142,198,173,267,263,342,388,403,472,578,676,723,930,953,1006,1264,1335,1428,1712,1867,2097,2183,2384,2640,2754,2878,3244,3400,3418,3724,3699,4072,4002,4052,4047,4400,4281,4432,4253,4464,4313,4283,4230,3951,3918,3700,3598,3486,3344,3321,2874,2783,2423,2503,2151,2133,1992,1670,1491,1421,1289,1214,932,925,732,684,621,527,429,437,348,350,248,225,198,157,152,108,107,75,79,68,59,39,36,38,31,27,29,25,16,3,5,7,12,10,5,3,2,1,2,0,1,3,0,0,0,0,0,0,0,0,0,3,0,2,0,0,0,0,0,1,0,0,0,0,0,0,0,0,0,0,0,0,0,0,0,0,0,0,0,0,0,0,0,0,0,0,0,0,0,0,0,0,0,0,0,0,0,0,0,0,0,0,0,0,0,0,0,0,0,0,0,0,0,0,0,0,0,0,0,0,0,0,0,0,0,0,0,0,0,0,0,0,0,0,0,0,0,0,0,0,0,0,0,0,0,0,0,0,0,0,0,0,0,0,0,0,0,0,0,0,0,0,0,0,0,0,0,0,0,0,0,0,0,0,0,0,0,0,0,0,0,0,0,0,0,0,0,0,0,0,0,0,0,0,0,0}
Count:   0.0   0.0   0.0   1.9   7.1   7.0   6.7   7.5   6.4   6.1   5.5   5.0   4.7   0.6   0.0   0.0   0.0   0.0   0.0   0.0   0.0   0.0   2.2   7.9   6.8   6.6   6.9   6.3   5.7   4.9   3.5   2.6   0.5   0.0   0.0   0.0   0.0   0.0   0.0   0.0   0.0   2.0   7.3   6.9   7.4   6.2   6.4   5.1   4.2   3.3   1.7   0.4   0.1   0.0   0.0   0.0   0.0   0.0   0.0   0.0   1.6   8.2   7.6   7.1   5.8   5.7   4.7   3.7   2.3   1.4   0.2   0.0   0.0   0.0   0.0   0.0   0.0   0.0   0.0   2.1   7.0   7.2   6.1   6.5   5.3   4.4   3.3   1.7   1.2   0.2   0.1   0.0   0.0   0.0   0.0   0.0   0.0   0.0   2.3   7.1   6.9   6.6   6.2   5.2   4.2   2.9   1.8   1.1   0.1   0.0   0.0   0.1   0.0   0.0   0.0   0.0   0.0   0.0   0.0   0.0   0.0   0.0   3.4   7.5   7.3   6.7   6.6   6.3   5.9   5.0   4.2   3.2   0.1   0.0   0.0   0.0   0.0   0.0   0.0   0.0   0.0   0.0   0.1   0.0   0.0   0.0   5.3   7.9   6.8   7.2   6.9   7.0   6.0   6.1   5.3   3.4   0.0   0.0   0.0   0.0   0.0   0.0   0.0   0.0   0.0   5.7   7.5   7.6   7.6   6.4   6.4   5.2   4.8   3.8   2.0   0.0   0.1   0.0   0.0   0.0   0.0   0.0   0.0   0.0   0.0   0.0   0.0   0.0   0.0   7.4   7.3   6.7   7.3   6.8   6.8   6.1   5.5   4.9   2.1   0.1 
B: 38.6 * 30.1 53.1 50.1 48.4 48.2 49.5 48.0 46.6 45.5 44.3 42.3 38.9 27.2 36.0 30.5 24.0 26.0 31.2 26.6 36.6 52.9 50.2 48.6 47.5 48.1 47.9 46.5 43.2 39.6 38.0 40.5 28.6 31.5 37.0 30.6 35.6 29.0 27.0 28.1 46.6 48.4 48.4 49.1 49.2 47.2 44.5 41.1 39.8 36.1 38.0 29.6 33.7 32.6 25.0 28.4 32.6 30.0 30.7 47.9 48.8 49.1 47.5 45.7 45.5 43.4 41.5 38.4 35.6 35.4 24.1 32.0 33.2 28.1 24.2 42.8 27.9 28.2 51.5 48.3 47.8 46.6 46.4 44.1 41.8 39.0 34.8 35.0 37.6 30.7 25.5 34.1 31.8 27.0 30.5 30.0 29.7 51.9 47.9 47.5 48.3 46.8 44.6 42.2 39.2 37.6 34.3 38.7 27.4 37.8 30.6 35.6 28.1 28.3 29.7 40.0 31.4 20.0 29.3 25.2 27.2 47.2 49.2 48.3 47.6 48.5 47.4 47.0 44.8 42.4 40.1 38.0 26.0 39.7 32.9 30.0 30.3 29.3 27.0 27.2 28.3 32.8 28.5 24.6 29.0 48.2 49.7 47.6 48.4 49.1 48.5 48.1 45.7 44.8 42.4 37.1 32.5 36.6 32.0 25.0 29.8 36.2 26.7 30.0 49.9 48.1 49.5 49.2 48.6 46.2 44.8 43.4 40.9 37.2 22.6 32.4 23.5 30.3 33.9 33.5 29.2 30.7 29.2 32.6 26.8 37.6 29.2 27.7 48.8 48.6 47.6 48.6 47.9 48.0 47.1 45.6 43.5 42.2 30.6 
Direction:  n*  n n {43 137} {44 136} {46 134} {44 136} {43 137} {46 134} {46 134} {45 135} {46 134} n n n n n n n n n {44 136} {45 135} {43 137} {43 137} {45 135} {44 136} {46 134} {45 135} {44 136} n n n n n n n n n n n {44 136} {45 135} {42 138} {45 135} {44 136} {45 135} {42 138} {45 135} n n n n n n n n n n n {44 136} {46 134} {47 133} {44 136} {44 136} {43 137} {45 135} n n n n n n n n n n n n {45 135} {46 134} {43 137} {46 134} {42 138} {42 138} {41 139} n n n n n n n n n n n {45 135} {42 138} {45 135} {44 136} {47 133} {47 133} {41 139} n n n n n n n n n n n n n n n n n {44 136} {44 136} {46 134} {45 135} {43 137} {45 135} {46 134} {47 133} {46 134} {46 134} n n n n n n n n n n n n n n {44 136} {44 136} {46 134} {42 138} {46 134} {45 135} {46 134} {46 134} {42 138} {46 134} n n n n n n n n n {45 135} {45 135} {46 134} {46 134} {45 135} {46 134} {42 138} {45 135} {43 137} n n n n n n n n n n n n n n n {46 134} {44 136} {44 136} {45 135} {45 135} {44 136} {45 135} {46 134} {43 137} n n

55.3: Count:   2.8 (  3.2) A:  25.2 [20-52] B:  46.7 [20-109] Phase: 100% 139 (15.8) Direction:  {44 136}
Phase: {0,0,0,0,0,0,0,0,0,0,0,0,0,0,0,0,0,0,0,0,0,0,0,0,0,0,0,0,0,0,0,0,0,0,0,0,0,0,0,0,0,0,0,0,0,0,0,0,0,0,0,0,0,0,0,0,0,0,0,0,0,0,0,0,0,0,0,0,0,0,0,2,0,0,0,0,1,0,1,1,3,2,3,0,3,1,3,5,10,12,15,18,14,25,23,31,32,68,59,56,94,116,117,183,185,247,282,314,389,439,526,657,750,876,1084,1258,1291,1636,1789,1987,2118,2291,2696,2668,2997,3103,3290,3372,3429,3619,3670,3881,3723,3895,3793,3969,4004,4227,4038,4323,4142,4066,4028,4131,3994,3850,3628,3414,3517,3206,3005,3069,2983,3073,2654,2577,2560,2468,2266,2103,1975,1769,1644,1482,1224,1204,969,917,757,679,617,488,459,385,264,253,210,157,135,112,117,68,57,51,45,30,30,22,7,12,16,11,7,7,0,2,2,3,1,1,1,0,2,2,2,1,0,1,0,0,0,0,0,0,0,0,0,0,0,0,0,0,0,0,0,0,0,0,0,0,0,0,0,0,0,0,0,0,0,0,0,0,0,0,0,0,0,0,0,0,0,0,0,0,0,0,0,0,0,0,0,0,0,0,0,0,0,0,0,0,0,0,0,0,0,0,0,0,0,0,0,0,0,0,0,0,0,0,0,0,0,0,0,0,0,0,0,0,0,0,0,0,0,0,0,0,0,0,0,0,0,0,0,0,0,0,0,0,0,0,0,0,0,0,0,0,0,0,0,0,0,0,0,0,0,0,0,0,0,0,0,0,0,0,0,0,0,0,0,0,0,0,0,0,0,0,0,0,0,0}
Count:   0.0   0.0   0.0   2.5   7.6   7.6   7.2   7.8   6.7   6.4   5.8   5.3   4.7   0.5   0.0   0.0   0.1   0.0   0.0   0.0   0.0   0.0   2.5   8.0   7.4   7.2   7.2   6.6   6.2   4.9   3.8   2.5   0.4   0.1   0.0   0.0   0.0   0.0   0.0   0.0   0.0   2.3   7.8   7.5   7.4   6.4   6.5   5.0   4.2   3.1   1.6   0.5   0.0   0.0   0.0   0.0   0.0   0.0   0.0   0.0   1.9   8.2   8.1   7.2   6.4   5.9   4.6   3.6   2.6   1.4   0.1   0.0   0.0   0.1   0.0   0.0   0.0   0.0   0.0   2.3   7.8   7.8   6.3   6.7   5.6   4.7   3.3   1.9   1.1   0.1   0.0   0.0   0.1   0.0   0.0   0.0   0.0   0.0   2.3   7.7   7.0   6.9   6.2   5.4   4.4   2.8   1.8   0.9   0.1   0.0   0.0   0.0   0.0   0.0   0.0   0.0   0.0   0.0   0.0   0.0   0.0   0.0   4.0   7.9   7.6   7.1   7.4   6.5   5.9   5.3   4.1   3.4   0.1   0.0   0.0   0.0   0.0   0.0   0.0   0.0   0.0   0.0   0.0   0.1   0.0   0.0   6.0   8.4   7.8   8.1   7.2   7.5   6.8   6.4   5.6   3.6   0.0   0.0   0.0   0.0   0.0   0.0   0.0   0.0   0.0   6.3   8.0   7.6   7.1   6.7   6.3   5.1   5.0   3.9   2.0   0.0   0.0   0.0   0.0   0.0   0.0   0.0   0.0   0.0   0.0   0.0   0.0   0.0   0.0   8.0   8.2   7.2   7.4   7.1   7.3   6.3   5.5   5.1   2.3   0.0 
B: 31.8 32.0 30.6 53.3 48.4 48.9 48.1 49.7 48.2 46.5 46.2 44.3 42.5 36.5 30.5 32.8 28.4 36.8 25.0 25.0 26.6 28.5 51.9 49.1 48.7 48.2 47.6 48.0 46.2 44.2 39.7 37.0 39.6 29.7 30.8 38.5 34.2 35.2 34.1 32.4 28.3 48.5 47.7 48.7 50.0 48.9 47.1 44.8 40.7 39.1 33.8 38.3 26.0 31.7 31.5 23.4 29.8 29.8 28.3 32.5 44.5 48.3 48.3 47.1 47.2 46.1 43.4 42.1 39.2 33.8 32.2 32.1 32.5 33.2 27.8 30.8 32.0 33.5 33.2 50.0 48.4 48.2 46.1 46.4 45.1 42.3 39.3 35.8 35.1 34.8 35.7 28.7 29.0 28.2 28.2 30.2 25.4 38.6 49.8 49.0 48.0 47.1 47.5 44.4 41.7 38.3 35.4 33.5 35.0 28.1 29.6 24.8 29.9 30.0 28.7 32.7 32.2 31.0 25.5 29.2 30.2 33.1 48.3 49.2 49.1 48.3 48.3 48.0 46.2 45.0 42.2 39.1 35.4 34.2 26.3 31.8 32.6 30.0 28.5 34.7 31.8 28.0 35.5 28.1 32.0 29.1 47.7 49.1 48.5 48.2 49.1 49.0 48.0 46.5 45.5 43.2 26.5 31.8 29.0 24.8 31.2 27.5 28.2 33.3 29.5 50.5 49.4 48.5 48.1 48.1 46.7 45.6 43.2 40.2 36.0 25.8 26.9 28.6 31.0 34.1 31.7 27.0 29.8 32.0 32.8 23.5 35.6 27.0 34.4 48.2 49.2 48.8 48.1 47.8 47.2 46.7 46.0 44.1 42.6 25.8 
Direction:  n n n n {44 136} {45 135} {44 136} {43 137} {47 133} {44 136} {41 139} {42 138} {44 136} n n n n n n n n n {44 136} {44 136} {44 136} {43 137} {45 135} {42 138} {43 137} {45 135} {40 140} n n n n n n n n n n {44 136} {43 137} {45 135} {44 136} {43 137} {46 134} {46 134} {43 137} n n n n n n n n n n n n {44 136} {41 139} {46 134} {42 138} {47 133} {41 139} {41 139} n n n n n n n n n n n n {45 135} {45 135} {45 135} {47 133} {45 135} {45 135} {44 136} n n n n n n n n n n n n {44 136} {44 136} {44 136} {43 137} {44 136} {38 142} {44 136} n n n n n n n n n n n n n n n n {43 137} {45 135} {45 135} {45 135} {44 136} {44 136} {45 135} {42 138} {45 135} {46 134} n n n n n n n n n n n n n n {41 139} {44 136} {44 136} {43 137} {44 136} {46 134} {44 136} {44 136} {46 134} {43 137} n n n n n n n n n {44 136} {44 136} {43 137} {44 136} {43 137} {44 136} {46 134} {42 138} {44 136} n n n n n n n n n n n n n n n {43 137} {42 138} {43 137} {46 134} {44 136} {44 136} {45 135} {43 137} {45 135} n n

55.4: Count:   2.7 (  3.1) A:  24.9 [20-51] B:  47.9 [20-112] Phase: 100% 140 (13.7) Direction:  {44 136}
Phase: {0,0,0,0,0,0,0,0,0,0,0,0,0,0,0,0,0,0,0,0,0,0,0,0,0,0,0,0,0,0,0,0,0,0,0,0,0,0,0,0,0,0,0,0,0,0,0,0,0,0,0,0,0,0,0,0,0,0,0,0,0,0,0,0,0,0,0,0,0,0,0,0,0,0,0,0,0,0,0,0,0,0,0,0,1,0,0,2,6,0,8,5,13,4,9,15,9,24,18,32,34,62,66,78,103,131,130,175,209,230,327,324,476,550,614,690,826,1073,1251,1487,1587,1891,2044,2134,2493,2698,2995,3061,3353,3522,3712,4044,3988,4362,4178,4453,4419,4687,4547,4550,4344,4603,4452,4447,4316,4204,4113,3898,3876,3750,3478,3285,3237,2964,2530,2675,2407,2146,1825,1733,1582,1369,1225,1077,1005,888,760,654,472,401,333,357,238,171,157,128,99,101,81,43,43,37,29,34,10,11,10,1,9,8,2,3,1,0,4,0,1,0,2,0,0,0,0,0,0,2,0,0,0,0,0,0,0,0,0,0,0,0,0,0,0,0,0,0,0,0,0,0,0,0,0,0,0,0,0,0,0,0,0,0,0,0,0,0,0,0,0,0,0,0,0,0,0,0,0,0,0,0,0,0,0,0,0,0,0,0,0,0,0,0,0,0,0,0,0,0,0,0,0,0,0,0,0,0,0,0,0,0,0,0,0,0,0,0,0,0,0,0,0,0,0,0,0,0,0,0,0,0,0,0,0,0,0,0,0,0,0,0,0,0,0,0,0,0,0,0,0,0,0,0,0,0,0,0,0,0,0,0,0,0,0,0,0,0,0,0,0,0,0,0,0,0,0,0,0,0,0,0,0,0}
Count:   0.0   0.0   0.0   2.1   7.4   7.7   7.1   7.7   6.7   5.9   5.5   4.9   4.4   0.4   0.0   0.0   0.0   0.0   0.0   0.0   0.0   0.0   2.5   7.9   7.0   7.2   6.8   6.3   5.7   4.8   3.0   2.0   0.3   0.0   0.0   0.0   0.1   0.0   0.0   0.0   0.0   2.5   7.8   7.2   6.9   6.2   5.9   5.1   3.6   2.6   1.1   0.3   0.0   0.0   0.0   0.0   0.0   0.0   0.0   0.0   1.9   7.7   7.9   6.8   6.3   5.9   4.2   2.9   1.9   1.2   0.1   0.0   0.0   0.0   0.0   0.0   0.0   0.0   0.0   2.3   8.1   7.4   5.8   6.4   5.6   4.2   2.6   1.5   1.0   0.1   0.0   0.0   0.0   0.0   0.0   0.0   0.0   0.0   2.1   7.5   6.8   6.8   5.8   5.1   4.1   2.5   1.1   0.5   0.1   0.0   0.0   0.0   0.0   0.0   0.0   0.0   0.0   0.0   0.0   0.0   0.0   0.0   4.2   7.7   7.8   7.1   7.5   6.1   5.5   4.8   4.0   2.9   0.0   0.0   0.0   0.0   0.0   0.0   0.0   0.0   0.0   0.0   0.0   0.0   0.0   0.0   5.7   8.3   7.7   8.0   7.1   7.0   6.3   6.4   5.2   3.4   0.0   0.0   0.0   0.0   0.0   0.0   0.0   0.0   0.0   6.3   7.4   7.2   7.4   6.8   6.4   5.2   4.5   3.7   1.7   0.0   0.0   0.0   0.0   0.0   0.0   0.0   0.0   0.0   0.0   0.0   0.0   0.0   0.0   7.9   7.9   7.0   7.2   7.3   6.9   6.0   5.6   5.0   2.1   0.0 
B: 32.7 28.3 34.0 52.0 48.9 50.2 49.6 50.4 49.2 47.6 47.7 46.3 45.0 37.5 26.4 43.0 30.5 50.0 34.3 34.0 25.0 24.0 53.0 49.9 50.1 49.9 49.3 48.7 46.8 45.9 42.3 37.4 41.0 27.4 36.2 32.0 26.4 23.2 * 31.3 33.7 51.6 48.5 48.9 50.3 48.3 47.4 46.5 43.8 39.6 35.1 39.2 25.1 42.0 32.1 26.6 27.2 32.5 28.7 * 45.8 49.4 48.6 47.1 48.1 47.0 43.8 42.4 39.5 35.1 32.6 31.0 28.3 31.5 35.5 39.3 31.6 36.7 31.4 52.3 49.5 48.2 47.6 45.8 46.2 43.8 41.1 37.8 35.0 39.3 37.3 30.5 31.5 26.0 30.8 29.3 32.0 40.8 52.1 49.5 49.0 48.5 48.4 44.6 43.9 39.0 36.2 33.1 41.6 31.0 40.2 25.7 25.0 * 24.4 31.2 29.7 30.0 25.0 31.7 30.3 29.6 49.3 49.6 50.0 49.2 49.3 48.5 48.1 46.7 43.4 39.9 43.0 24.0 31.1 26.0 31.0 32.3 27.6 37.0 30.0 29.1 33.0 28.1 39.6 30.1 49.0 50.3 50.0 49.8 49.0 49.5 48.1 47.7 45.9 45.1 31.8 32.3 35.1 28.5 31.4 29.6 31.2 33.2 30.0 50.8 50.1 49.5 49.5 48.5 48.4 46.4 43.8 42.1 37.2 25.0 30.0 36.0 38.8 26.6 31.7 32.1 35.5 35.6 30.0 21.8 27.8 37.0 30.8 49.7 50.7 48.9 49.4 49.0 48.6 47.2 46.4 45.8 43.3 30.1 
Direction:  n n n n {43 137} {45 135} {42 138} {45 135} {43 137} {41 139} {46 134} {45 135} {47 133} n n n n n n n n n {45 135} {44 136} {44 136} {44 136} {44 136} {43 137} {45 135} {46 134} {42 138} n n n n n n n*  n n {46 134} {44 136} {44 136} {44 136} {43 137} {45 135} {45 135} {44 136} {43 137} n n n n n n n n n*  n {43 137} {45 135} {46 134} {45 135} {46 134} {42 138} {39 141} n n n n n n n n n n n {45 135} {44 136} {44 136} {45 135} {48 132} {44 136} {46 134} n n n n n n n n n n n n n {46 134} {46 134} {45 135} {46 134} {43 137} {43 137} n n n n n n n n*  n n n n n n n n {42 138} {44 136} {42 138} {46 134} {43 137} {43 137} {44 136} {41 139} {43 137} {43 137} n n n n n n n n n n n n n n {43 137} {42 138} {43 137} {43 137} {44 136} {44 136} {44 136} {42 138} {44 136} {41 139} n n n n n n n n n {43 137} {43 137} {44 136} {45 135} {43 137} {43 137} {43 137} {46 134} {45 135} n n n n n n n n n n n n n n n {43 137} {46 134} {46 134} {44 136} {44 136} {44 136} {43 137} {46 134} {42 138} n n

55.5: Count:   2.4 (  2.9) A:  24.4 [20-51] B:  48.8 [20-109] Phase: 100% 140 (10.5) Direction:  {44 136}
Phase: {0,0,0,0,0,0,0,0,0,0,0,0,0,0,0,0,0,0,0,0,0,0,0,0,0,0,0,0,0,0,0,0,0,0,0,0,0,0,0,0,0,0,0,0,0,0,0,0,0,0,0,0,0,0,0,0,0,0,0,0,0,0,0,0,0,0,0,0,0,0,0,0,0,0,0,0,0,0,0,0,0,0,0,0,0,0,0,1,0,0,0,0,4,0,2,4,2,5,5,1,12,10,14,8,20,24,25,40,66,78,97,149,121,194,244,284,318,444,521,670,880,907,1160,1361,1691,1807,2205,2383,2757,3118,3434,3744,3932,4294,4439,5046,5127,5156,5339,5288,5345,5411,5333,5256,5065,4984,4568,4114,4023,3761,3439,3094,3011,2618,2172,2028,1766,1556,1246,995,892,705,589,495,362,343,251,204,187,127,108,85,90,58,42,25,33,14,15,10,12,5,3,5,6,1,2,1,3,1,0,2,0,0,0,0,0,0,0,0,0,0,0,0,0,0,0,0,0,0,0,0,0,0,0,0,0,0,0,0,0,0,0,0,0,0,0,0,0,0,0,0,0,0,0,0,0,0,0,0,0,0,0,0,0,0,0,0,0,0,0,0,0,0,0,0,0,0,0,0,0,0,0,0,0,0,0,0,0,0,0,0,0,0,0,0,0,0,0,0,0,0,0,0,0,0,0,0,0,0,0,0,0,0,0,0,0,0,0,0,0,0,0,0,0,0,0,0,0,0,0,0,0,0,0,0,0,0,0,0,0,0,0,0,0,0,0,0,0,0,0,0,0,0,0,0,0,0,0,0,0,0,0,0,0,0,0,0,0,0,0,0,0,0,0,0,0,0,0,0}
Count:   0.0   0.0   0.0   2.0   6.9   6.9   6.8   7.1   6.2   5.4   5.6   4.4   3.6   0.3   0.0   0.0   0.0   0.0   0.0   0.0   0.0   0.0   2.4   7.3   6.5   6.7   6.4   5.7   5.6   4.5   2.4   1.4   0.2   0.0   0.0   0.0   0.0   0.0   0.0   0.0   0.0   2.4   8.0   6.6   6.4   6.1   5.2   4.5   2.8   1.7   0.6   0.2   0.0   0.0   0.0   0.0   0.0   0.0   0.0   0.0   2.1   7.3   7.6   6.4   5.9   5.1   3.6   2.2   1.1   0.5   0.0   0.0   0.0   0.0   0.0   0.0   0.0   0.0   0.0   2.4   7.2   6.8   5.7   5.6   4.8   3.7   1.9   1.0   0.5   0.1   0.0   0.0   0.0   0.0   0.0   0.0   0.0   0.0   2.0   7.5   6.4   6.1   5.1   4.7   3.3   1.6   0.5   0.2   0.0   0.0   0.0   0.0   0.0   0.0   0.0   0.0   0.0   0.0   0.0   0.0   0.0   0.0   3.9   6.9   7.1   6.8   7.0   5.3   5.4   4.2   3.3   1.9   0.0   0.0   0.0   0.0   0.0   0.0   0.0   0.0   0.0   0.0   0.0   0.0   0.0   0.0   5.0   7.5   7.3   7.4   6.0   6.0   6.1   6.0   4.2   2.3   0.0   0.0   0.0   0.0   0.0   0.0   0.0   0.0   0.0   6.2   7.0   7.0   6.6   6.8   5.4   4.7   3.7   3.2   1.3   0.0   0.0   0.0   0.0   0.0   0.0   0.0   0.0   0.0   0.0   0.0   0.0   0.0   0.0   7.4   7.6   6.3   6.6   6.9   6.5   5.5   5.0   4.2   1.7   0.0 
B: 29.0 * 43.5 55.1 49.4 50.5 50.5 49.9 49.5 48.3 48.0 46.6 45.7 40.2 37.0 * * 34.5 47.6 39.0 * * 52.6 50.2 50.1 51.5 48.9 48.0 48.5 47.0 42.4 38.7 43.5 32.0 * 24.0 * * 38.0 * 30.2 54.3 51.0 49.3 49.4 49.7 48.3 47.5 44.2 41.2 36.2 40.5 21.8 28.0 31.0 47.0 26.0 34.0 34.6 * 47.8 49.5 49.8 49.0 48.4 47.8 45.9 44.3 41.0 35.8 34.3 34.2 28.0 39.0 42.5 28.0 33.0 32.5 28.2 51.9 49.6 48.3 48.6 45.8 46.4 45.4 41.8 39.0 36.2 48.4 31.8 25.0 * 29.0 27.0 27.0 * 34.5 51.5 51.2 49.7 48.4 47.6 46.3 43.5 40.1 37.5 33.6 49.7 32.0 * 36.7 34.8 32.0 * 30.0 26.0 * 28.0 35.0 45.0 * 51.5 49.4 50.1 50.5 50.2 49.1 48.2 46.2 43.5 41.8 43.4 26.2 40.2 43.0 33.6 27.0 * 45.0 31.3 31.0 30.0 42.0 29.3 26.6 50.5 50.7 50.6 50.2 48.5 48.8 49.1 48.3 46.0 45.2 28.0 31.0 * 28.0 34.3 25.0 45.0 31.6 * 52.9 50.2 49.5 49.6 50.1 48.6 47.8 45.5 43.7 40.5 44.6 34.0 39.0 31.0 36.3 42.0 41.0 36.5 * * * 34.0 * 37.8 50.5 50.8 50.7 49.2 49.7 50.0 49.2 47.7 46.2 44.1 * 
Direction:  n*  n {43 137} {45 135} {44 136} {45 135} {44 136} {44 136} {45 135} {43 137} {44 136} {45 135} n n* *  n n n* *  {41 139} {46 134} {44 136} {45 135} {45 135} {44 136} {44 136} {45 135} {43 137} n n n*  n* *  n*  n {44 136} {43 137} {44 136} {44 136} {42 138} {46 134} {44 136} {45 135} n n n n n n n n n n*  {46 134} {44 136} {45 135} {44 136} {44 136} {45 135} {43 137} {44 136} n n n n n n n n n n n {43 137} {46 134} {45 135} {45 135} {46 134} {46 134} {44 136} n n n n n n*  n n n*  n {43 137} {44 136} {46 134} {46 134} {45 135} {46 134} {44 136} n n n n n*  n n n*  n n*  n n n*  {45 135} {45 135} {45 135} {44 136} {45 135} {44 136} {45 135} {42 138} {43 137} n n n n n n n*  n n n n n n n {45 135} {44 136} {46 134} {45 135} {45 135} {44 136} {44 136} {44 136} {45 135} {46 134} n n*  n n n n n*  {44 136} {44 136} {44 136} {46 134} {44 136} {44 136} {44 136} {44 136} {44 136} n n n n n n n n n* * *  n*  n {43 137} {44 136} {43 137} {42 138} {45 135} {45 135} {44 136} {43 137} {42 138} n* 

55.6: Count:   2.1 (  2.5) A:  24.0 [20-50] B:  48.2 [20-111] Phase: 100% 140 (10.2) Direction:  {44 136}
Phase: {0,0,0,0,0,0,0,0,0,0,0,0,0,0,0,0,0,0,0,0,0,0,0,0,0,0,0,0,0,0,0,0,0,0,0,0,0,0,0,0,0,0,0,0,0,0,0,0,0,0,0,0,0,0,0,0,0,0,0,0,0,0,0,0,0,0,0,0,0,0,0,0,0,0,0,0,0,0,0,0,0,0,0,0,0,0,0,0,0,0,0,2,0,0,0,1,0,0,0,2,3,5,3,10,6,9,8,27,31,43,40,50,84,103,156,213,222,291,400,497,607,705,939,1132,1267,1574,1955,2161,2500,2913,2937,3466,3723,3958,4235,4512,4576,4793,4715,4915,4735,4867,4655,4649,4500,4276,4087,3693,3619,3244,2965,2816,2536,2331,1817,1637,1401,1255,1000,829,676,556,493,355,301,203,159,94,98,63,69,71,11,28,21,16,10,8,5,2,2,1,1,0,2,0,0,0,0,1,0,0,0,0,0,0,0,0,0,0,0,0,0,0,0,0,0,0,0,0,0,0,0,0,0,0,0,0,0,0,0,0,0,0,0,0,0,0,0,0,0,0,0,0,0,0,0,0,0,0,0,0,0,0,0,0,0,0,0,0,0,0,0,0,0,0,0,0,0,0,0,0,0,0,0,0,0,0,0,0,0,0,0,0,0,0,0,0,0,0,0,0,0,0,0,0,0,0,0,0,0,0,0,0,0,0,0,0,0,0,0,0,0,0,0,0,0,0,0,0,0,0,0,0,0,0,0,0,0,0,0,0,0,0,0,0,0,0,0,0,0,0,0,0,0,0,0,0,0,0,0,0,0,0,0,0,0,0,0,0,0,0,0,0,0,0,0,0,0,0}
Count:   0.0   0.0   0.0   2.0   6.1   6.1   6.6   6.1   5.3   5.2   4.6   3.8   2.8   0.2   0.0   0.0   0.0   0.0   0.0   0.0   0.0   0.0   2.1   6.3   5.8   6.3   5.7   4.7   4.7   4.0   1.8   1.0   0.1   0.0   0.0   0.0   0.0   0.0   0.0   0.0   0.0   2.1   7.0   6.0   5.6   5.1   4.4   4.0   2.0   1.2   0.3   0.1   0.0   0.0   0.0   0.0   0.0   0.0   0.0   0.0   1.8   6.5   6.7   5.5   5.5   4.6   2.9   1.8   0.9   0.2   0.0   0.0   0.0   0.0   0.0   0.0   0.0   0.0   0.0   2.1   6.7   5.8   4.9   4.8   3.8   2.6   1.4   0.9   0.2   0.1   0.0   0.0   0.0   0.0   0.0   0.0   0.0   0.0   1.9   6.6   5.7   5.1   4.3   4.2   2.5   1.1   0.3   0.1   0.0   0.0   0.0   0.0   0.0   0.0   0.0   0.0   0.0   0.0   0.0   0.0   0.0   0.0   3.6   5.7   6.3   6.0   5.9   4.6   4.7   3.6   2.6   1.4   0.0   0.0   0.0   0.0   0.0   0.0   0.0   0.0   0.0   0.0   0.0   0.0   0.0   0.0   5.0   6.8   6.7   6.4   4.9   5.1   5.6   5.0   3.4   1.9   0.0   0.0   0.0   0.0   0.0   0.0   0.0   0.0   0.0   5.4   6.4   5.9   5.9   6.1   4.7   4.2   3.1   2.5   0.6   0.0   0.0   0.0   0.0   0.0   0.0   0.0   0.0   0.0   0.0   0.0   0.0   0.0   0.1   6.7   7.0   5.8   6.2   6.2   6.3   4.8   4.5   3.6   1.3   0.0 
B: * 45.0 * 56.9 49.3 48.6 51.6 49.4 48.0 47.8 46.4 45.8 43.6 37.2 * 43.0 42.0 31.4 37.0 38.0 * 56.0 52.2 49.2 48.9 51.1 47.7 47.1 48.2 46.8 41.6 38.9 43.1 * * 31.2 44.0 33.0 * 29.0 26.0 54.0 49.8 49.7 48.1 49.4 48.5 46.2 43.7 41.0 37.6 43.3 27.3 28.0 37.3 * 34.0 32.0 * 29.0 48.6 48.3 48.6 47.7 48.6 47.3 45.9 43.0 40.5 35.0 41.1 27.0 * 38.0 31.0 27.5 * * * 49.8 48.8 47.2 47.8 45.2 45.0 44.0 42.8 38.8 36.0 45.6 25.0 * 27.0 32.0 27.0 * * 41.0 52.9 49.6 48.2 47.1 47.2 45.2 44.1 40.5 38.8 32.8 50.5 41.0 * * * * * * 32.5 * 39.6 41.0 33.0 * 52.5 48.6 49.5 49.5 47.6 49.3 47.7 44.9 44.5 40.6 39.0 30.3 * 29.0 * * * * * * * * 38.0 * 51.4 50.3 49.7 49.1 47.7 47.6 48.1 47.5 44.8 44.4 * 35.5 30.0 * 25.0 * 37.8 43.5 * 51.7 49.3 48.1 49.1 48.6 47.7 45.8 46.5 43.5 39.7 42.3 50.0 * * 31.0 35.0 31.0 28.6 * * * * 35.6 50.1 49.4 50.3 50.2 48.4 49.3 49.6 47.7 47.4 47.0 44.0 * 
Direction: *  n*  {45 135} {43 137} {46 134} {44 136} {46 134} {43 137} {44 136} {45 135} {46 134} {41 139} n*  n n n n n*  n {42 138} {44 136} {43 137} {44 136} {43 137} {46 134} {43 137} {43 137} n n n* *  n n n*  n n {44 136} {44 136} {45 135} {44 136} {42 138} {43 137} {45 135} n n n n n n n*  n n*  n n {45 135} {46 134} {46 134} {46 134} {44 136} {42 138} n n n n n*  n n n* * *  {45 135} {44 136} {45 135} {45 135} {45 135} {46 134} {43 137} n n n n n*  n n n* *  n {44 136} {44 136} {45 135} {43 137} {43 137} {46 134} {45 135} n n n n n* * * * * *  n*  n n n*  {45 135} {44 136} {43 137} {43 137} {45 135} {43 137} {43 137} {45 135} {45 135} n n n*  n* * * * * * * *  n*  {44 136} {45 135} {43 137} {44 136} {43 137} {42 138} {43 137} {44 136} {43 137} {46 134}*  n n*  n*  n n*  {43 137} {45 135} {44 136} {45 135} {44 136} {45 135} {43 137} {43 137} {43 137} n n n* *  n n n n* * * *  n n {43 137} {44 136} {44 136} {43 137} {44 136} {46 134} {44 136} {42 138} {43 137} n* 

55.7: Count:   1.8 (  2.2) A:  23.8 [20-54] B:  46.7 [20-116] Phase: 100% 140 (10.3) Direction:  {44 136}
Phase: {0,0,0,0,0,0,0,0,0,0,0,0,0,0,0,0,0,0,0,0,0,0,0,0,0,0,0,0,0,0,0,0,0,0,0,0,0,0,0,0,0,0,0,0,0,0,0,0,0,0,0,0,0,0,0,0,0,0,0,0,0,0,0,0,0,0,0,0,0,0,0,0,0,0,0,0,0,0,0,0,0,2,0,0,0,0,2,0,1,2,3,2,2,2,5,8,2,7,12,15,16,16,15,26,42,45,82,68,95,93,133,147,216,308,289,342,392,524,536,707,699,844,1052,1186,1284,1486,1638,1859,1904,2189,2388,2744,2988,3237,3393,3589,3804,4098,3890,3927,4183,4079,3794,3754,3767,3518,3301,3056,2836,2756,2423,2043,1913,1717,1298,1265,1066,939,811,707,705,541,516,429,342,321,290,204,171,181,135,103,85,61,47,43,35,24,17,22,7,15,8,10,12,2,4,1,0,1,1,0,0,0,0,0,1,0,0,0,0,0,0,0,0,0,0,0,0,0,0,0,0,0,0,0,0,0,0,0,0,0,0,0,0,0,0,0,0,0,0,0,0,0,0,0,0,0,0,0,0,0,0,0,0,0,0,0,0,0,0,0,0,0,0,0,0,0,0,0,0,0,0,0,0,0,0,0,0,0,0,0,0,0,0,0,0,0,0,0,0,0,0,0,0,0,0,0,0,0,0,0,0,0,0,0,0,0,0,0,0,0,0,0,0,0,0,0,0,0,0,0,0,0,0,0,0,0,0,0,0,0,0,0,0,0,0,0,0,0,0,0,0,0,0,0,0,0,0,0,0,0,0,0,0,0,0,0,0,0,0,0,0,0,0,0,0,0,0,0}
Count:   0.0   0.0   0.0   1.9   5.4   5.4   5.9   4.9   4.5   4.4   3.8   3.2   2.1   0.2   0.0   0.0   0.0   0.0   0.0   0.0   0.0   0.0   2.2   5.2   5.3   6.0   5.0   4.1   3.7   3.5   1.3   0.9   0.1   0.0   0.0   0.0   0.0   0.0   0.0   0.0   0.0   2.1   6.2   5.0   4.4   4.0   3.9   3.0   1.7   1.0   0.2   0.0   0.0   0.0   0.0   0.0   0.0   0.0   0.0   0.0   1.9   5.4   5.6   5.0   4.8   4.4   2.1   1.2   0.7   0.2   0.0   0.0   0.0   0.0   0.0   0.0   0.0   0.0   0.0   2.0   5.7   5.1   4.5   4.2   2.9   2.2   1.0   0.5   0.1   0.0   0.0   0.0   0.0   0.0   0.0   0.0   0.0   0.0   1.9   5.7   4.8   4.5   3.8   3.9   2.0   0.8   0.3   0.1   0.0   0.0   0.0   0.0   0.0   0.0   0.0   0.0   0.0   0.0   0.0   0.0   0.0   0.0   3.4   5.1   5.3   4.9   5.0   4.2   3.9   2.8   1.9   1.2   0.0   0.0   0.0   0.0   0.0   0.0   0.0   0.0   0.0   0.0   0.0   0.0   0.0   0.0   4.3   5.7   6.0   5.8   4.6   4.5   4.8   4.1   2.9   1.6   0.0   0.0   0.0   0.0   0.0   0.0   0.0   0.0   0.0   5.0   5.1   5.1   4.7   5.2   4.1   3.8   2.4   1.9   0.5   0.0   0.0   0.0   0.0   0.0   0.0   0.0   0.0   0.0   0.0   0.0   0.0   0.0   0.0   5.8   5.6   5.1   5.6   5.2   4.9   4.1   4.0   2.7   0.9   0.0 
B: * * * 58.4 48.8 48.1 50.5 47.3 46.3 46.4 45.0 45.1 41.5 37.9 * * 45.0 29.0 41.0 * 31.0 41.5 50.6 46.0 48.0 49.3 47.1 45.7 46.1 45.1 39.7 36.7 33.5 28.0 44.0 * 41.0 31.7 43.6 27.0 22.0 50.8 48.3 48.6 46.4 47.6 45.9 44.4 41.8 38.3 35.0 33.0 32.0 29.0 23.0 40.0 * 30.0 28.5 40.0 48.3 47.2 46.1 46.7 46.8 45.7 43.1 40.6 38.6 34.2 40.3 34.5 20.0 38.0 29.0 26.5 * 44.0 30.0 49.1 47.1 46.5 46.5 44.5 42.8 42.0 40.6 37.3 36.0 39.0 24.0 37.0 23.0 45.0 * 32.0 * 32.2 52.7 48.3 46.1 44.9 45.6 44.6 41.5 36.2 38.1 30.2 47.5 31.3 * 37.0 * 26.0 * 28.0 * * * 32.3 30.4 * 50.0 47.0 47.8 47.7 47.5 47.9 45.5 44.4 41.7 39.5 43.2 30.7 41.0 41.0 29.0 * 32.3 * * 35.5 * 23.0 32.3 * 49.0 48.9 48.6 48.6 47.1 46.2 46.9 45.4 44.3 42.8 32.0 43.0 28.5 * 28.0 25.0 39.0 45.0 26.0 50.3 47.1 46.9 47.0 47.6 46.0 44.8 44.6 42.3 36.6 39.3 * 24.0 29.0 42.0 34.0 29.0 * * * 39.0 * 37.0 26.0 47.7 49.0 48.5 48.0 47.4 47.0 46.3 46.1 44.3 42.1 23.0 
Direction: * * *  {44 136} {43 137} {43 137} {44 136} {44 136} {44 136} {43 137} {46 134} {44 136} {43 137} n* *  n n n*  n n {44 136} {43 137} {44 136} {44 136} {43 137} {44 136} {46 134} {44 136} n n n n n*  n n n n n {45 135} {43 137} {44 136} {43 137} {44 136} {43 137} {45 135} n n n n n n n n*  n n n {44 136} {44 136} {44 136} {43 137} {44 136} {45 135} {43 137} n n n n n n n n n*  n n {46 134} {46 134} {44 136} {45 135} {45 135} {44 136} {46 134} n n n n n n n n*  n*  n {44 136} {43 137} {44 136} {44 136} {45 135} {45 135} n n n n n n*  n*  n*  n* * *  n n*  {43 137} {44 136} {44 136} {44 136} {44 136} {44 136} {45 135} {43 137} n n n n n n n*  n* *  n*  n n*  {43 137} {43 137} {44 136} {44 136} {43 137} {44 136} {43 137} {44 136} {43 137} n n n n*  n n n n n {44 136} {44 136} {44 136} {44 136} {43 137} {44 136} {44 136} {43 137} {46 134} n n*  n n n n n* * *  n*  n n {43 137} {44 136} {43 137} {44 136} {44 136} {44 136} {43 137} {46 134} {44 136} n n

55.8: Count:   1.5 (  1.9) A:  23.6 [20-47] B:  44.6 [20-106] Phase: 100% 138 (12.5) Direction:  {43 137}
Phase: {0,0,0,0,0,0,0,0,0,0,0,0,0,0,0,0,0,0,0,0,0,0,0,0,0,0,0,0,0,0,0,0,0,0,0,0,0,0,0,0,0,0,0,0,0,0,0,0,0,0,0,0,0,0,0,0,0,0,0,0,0,0,0,0,0,0,0,0,0,0,0,2,0,1,0,0,1,1,2,0,1,1,0,1,5,3,7,5,10,8,13,18,15,24,35,24,25,66,55,74,74,101,94,138,180,169,190,182,226,240,285,353,374,395,494,520,611,626,775,818,883,1036,1180,1200,1456,1559,1642,1923,1973,2074,2143,2428,2305,2561,2619,2815,2748,2881,2835,2878,2828,2812,2728,2686,2610,2611,2341,2157,2099,1861,1798,1661,1477,1413,1238,1104,1011,911,860,775,673,582,610,456,417,349,333,288,190,227,173,168,151,105,120,82,85,88,83,55,64,48,37,38,49,24,15,17,23,21,10,12,4,9,3,6,1,2,0,5,0,2,0,0,0,1,0,0,0,2,0,0,0,0,0,0,0,0,0,0,0,0,0,0,0,0,0,0,0,0,0,0,0,0,0,0,0,0,0,0,0,0,0,0,0,0,0,0,0,0,0,0,0,0,0,0,0,0,0,0,0,0,0,0,0,0,0,0,0,0,0,0,0,0,0,0,0,0,0,0,0,0,0,0,0,0,0,0,0,0,0,0,0,0,0,0,0,0,0,0,0,0,0,0,0,0,0,0,0,0,0,0,0,0,0,0,0,0,0,0,0,0,0,0,0,0,0,0,0,0,0,0,0,0,0,0,0,0,0,0,0,0,0,0,0,0,0,0,0,0,0,0,0,0,0,0,0,0,0,0}
Count:   0.0   0.0   0.0   1.6   4.8   4.6   4.9   4.0   3.8   3.9   3.6   2.6   1.6   0.2   0.0   0.0   0.0   0.0   0.0   0.0   0.0   0.0   1.7   4.4   5.2   5.3   4.2   3.1   3.4   2.9   1.4   0.7   0.1   0.0   0.0   0.0   0.0   0.0   0.0   0.0   0.0   1.9   5.1   4.2   3.9   4.3   3.1   2.4   1.5   1.0   0.2   0.1   0.0   0.0   0.0   0.0   0.0   0.0   0.0   0.0   1.8   4.6   4.8   4.1   3.9   3.3   1.8   1.2   0.5   0.2   0.0   0.0   0.0   0.0   0.0   0.0   0.0   0.0   0.0   1.9   4.5   4.0   4.0   3.6   2.5   1.7   0.9   0.4   0.1   0.0   0.0   0.0   0.0   0.0   0.0   0.0   0.0   0.0   1.8   5.0   3.9   3.7   3.1   3.2   1.5   0.8   0.2   0.1   0.0   0.0   0.0   0.0   0.0   0.0   0.0   0.0   0.0   0.0   0.0   0.0   0.0   0.0   2.7   4.5   4.4   4.2   3.9   3.8   3.6   2.2   1.6   1.2   0.0   0.0   0.0   0.0   0.0   0.0   0.0   0.0   0.0   0.0   0.0   0.0   0.0   0.0   3.9   4.9   4.7   5.0   4.0   3.8   3.8   3.3   2.2   1.5   0.0   0.0   0.0   0.0   0.0   0.0   0.0   0.0   0.0   4.4   4.7   5.0   4.1   4.1   3.5   3.3   2.1   1.5   0.5   0.0   0.0   0.0   0.0   0.0   0.0   0.0   0.0   0.0   0.0   0.0   0.0   0.0   0.0   5.3   4.9   4.7   4.5   4.4   4.1   3.4   3.2   2.5   0.7   0.0 
B: * * 21.0 56.2 46.6 45.6 46.7 44.1 44.4 45.1 43.8 41.5 40.0 40.5 40.0 24.0 26.0 * * * 42.0 * 47.8 44.8 47.9 47.3 45.2 43.1 43.5 42.7 37.7 33.7 41.7 32.7 * 22.0 23.0 33.0 37.5 * * 50.4 46.4 45.8 44.6 45.5 42.9 42.0 39.1 37.5 32.3 36.7 39.0 20.0 * 20.0 31.0 26.0 * 32.0 47.0 45.6 43.9 45.1 44.2 44.2 40.4 37.9 34.7 31.1 31.1 30.0 23.0 31.0 * 34.0 29.0 * * 47.4 44.5 43.1 45.0 43.4 39.7 39.0 35.7 34.5 27.6 40.5 37.4 28.0 25.0 * * 21.0 * * 51.2 45.9 45.4 43.3 42.6 43.3 39.9 35.6 32.6 32.4 37.8 28.8 26.0 29.3 * 26.0 30.0 28.0 20.2 * * * 38.0 * 48.2 46.0 44.4 44.8 44.6 45.6 43.7 41.6 40.2 37.7 28.0 30.0 39.3 27.0 21.0 25.0 25.0 26.0 23.5 37.0 20.0 21.0 30.0 21.5 45.9 45.4 45.8 45.5 45.1 44.3 44.4 43.8 41.9 40.4 20.0 20.0 27.0 26.0 32.0 * * 34.0 * 49.4 44.7 45.7 44.5 45.4 44.2 41.8 40.8 38.5 36.5 29.0 26.0 22.0 * * 37.0 20.0 38.0 28.0 * 32.5 28.7 * 44.8 45.8 47.2 47.3 46.0 45.1 45.9 44.0 42.4 42.7 41.0 25.6 
Direction: * *  n n {45 135} {44 136} {42 138} {43 137} {43 137} {45 135} {42 138} {45 135} n n n n n* * *  n*  n {45 135} {43 137} {43 137} {42 138} {41 139} {43 137} {43 137} n n n n*  n n n n* *  {44 136} {43 137} {44 136} {44 136} {42 138} {42 138} n n n n n n n*  n n n*  n n {44 136} {44 136} {42 138} {44 136} {42 138} n n n n n n n n*  n n* *  n {44 136} {42 138} {44 136} {44 136} n n n n n n n n n* *  n* *  n {44 136} {42 138} {44 136} {44 136} {44 136} n n n n n n n n*  n n n n* * *  n*  {44 136} {43 137} {43 137} {45 135} {42 138} {45 135} {44 136} n n n n n n n n n n n n n n n n n {46 134} {44 136} {43 137} {43 137} {42 138} {42 138} {44 136} {44 136} n n n n n n n* *  n*  {46 134} {44 136} {46 134} {42 138} {42 138} {44 136} {45 135} {41 139} n n n n n* *  n n n n*  n n*  n {42 138} {43 137} {43 137} {43 137} {42 138} {45 135} {43 137} {44 136} {44 136} n n

55.9: Count:   1.3 (  1.6) A:  23.5 [20-50] B:  41.7 [20-102] Phase: 94% 138 (14.2) Direction:  {43 137}  12% 107 ( 8.5) Direction:  {32 148}
Phase: {0,0,0,0,0,0,0,0,0,0,0,0,0,0,0,0,0,0,0,0,0,0,0,0,0,0,0,0,0,0,0,0,0,0,0,0,0,0,0,0,0,0,0,0,0,0,0,0,0,0,0,0,0,0,0,0,0,1,0,0,0,0,0,0,0,0,1,1,0,3,1,1,0,4,1,9,3,6,9,5,5,8,9,12,12,33,25,33,31,45,58,71,85,72,110,96,122,151,185,183,207,243,262,327,389,392,421,482,537,497,545,565,630,674,693,714,718,840,844,935,947,985,1056,1085,1275,1254,1382,1406,1486,1628,1758,1872,1937,2071,1878,2193,1982,2184,1894,2125,2028,1996,1847,1854,1819,1722,1724,1620,1447,1377,1283,1262,1216,1161,885,889,817,716,670,507,525,479,473,463,396,358,363,334,309,257,240,224,241,191,231,152,171,174,133,102,118,89,90,97,83,73,50,36,45,51,28,32,26,19,18,24,13,13,7,10,10,3,2,1,2,4,2,0,0,0,1,0,0,0,2,0,0,0,0,0,0,0,0,0,0,0,0,0,0,0,0,0,0,0,0,0,0,0,0,0,0,0,0,0,0,0,0,0,0,0,0,0,0,0,0,0,0,0,0,0,0,0,0,0,0,0,0,0,0,0,0,0,0,0,0,0,0,0,0,0,0,0,0,0,0,0,0,0,0,0,0,0,0,0,0,0,0,0,0,0,0,0,0,0,0,0,0,0,0,0,0,0,0,0,0,0,0,0,0,0,0,0,0,0,0,0,0,0,0,0,0,0,0,0,0,0,0,0,0,0,0,0,0,0,0,0,0,0,0,0,0,0,0,0,0,0,0,0,0,0}
Count:   0.0   0.0   0.0   1.5   4.0   3.9   3.9   3.3   3.3   3.2   3.1   2.2   1.5   0.1   0.0   0.0   0.0   0.0   0.0   0.0   0.0   0.0   1.6   3.6   4.3   4.3   3.3   2.7   2.7   2.4   1.3   0.6   0.0   0.0   0.0   0.0   0.0   0.0   0.0   0.0   0.0   1.8   4.1   3.5   3.5   3.5   2.9   2.0   1.4   0.9   0.4   0.1   0.0   0.0   0.0   0.0   0.0   0.0   0.0   0.0   1.5   4.4   3.9   3.4   3.4   2.8   1.6   1.0   0.6   0.2   0.0   0.0   0.0   0.0   0.0   0.0   0.0   0.0   0.0   1.7   3.9   3.5   3.5   2.9   2.1   1.4   1.0   0.4   0.1   0.0   0.0   0.0   0.0   0.0   0.0   0.0   0.0   0.0   1.8   3.8   3.3   3.5   2.6   2.6   1.2   0.9   0.3   0.1   0.0   0.0   0.0   0.0   0.0   0.0   0.0   0.0   0.0   0.0   0.0   0.0   0.0   0.0   2.5   4.3   3.4   3.7   3.1   3.5   3.0   1.9   1.4   1.1   0.0   0.0   0.0   0.0   0.0   0.0   0.0   0.0   0.0   0.0   0.0   0.0   0.0   0.0   3.4   4.4   4.6   4.2   3.5   3.2   3.2   2.9   1.8   1.3   0.0   0.0   0.0   0.0   0.0   0.0   0.0   0.0   0.0   3.7   3.8   4.0   3.5   3.5   2.8   2.9   2.0   1.1   0.5   0.0   0.0   0.0   0.0   0.0   0.0   0.0   0.0   0.0   0.0   0.0   0.0   0.0   0.1   4.5   4.4   4.0   4.0   3.9   3.3   3.1   2.9   2.1   0.7   0.0 
B: 35.0 23.0 21.0 51.0 43.5 43.1 44.0 42.2 41.8 42.5 40.3 38.7 35.9 38.5 45.0 * 25.0 * 21.0 28.0 23.0 * 46.3 41.6 44.2 44.3 42.8 40.2 39.8 39.5 37.1 31.2 49.6 24.5 25.0 * 34.6 25.0 26.2 * 30.0 46.0 43.0 42.0 41.5 41.3 41.3 39.2 36.6 33.5 29.6 29.2 * 37.0 32.0 * 32.6 23.3 * 26.0 46.4 43.5 41.9 42.6 41.4 40.7 36.7 35.1 34.8 30.9 29.0 31.7 * 37.6 * * 30.0 * 23.5 44.1 43.2 42.4 40.7 40.1 38.0 36.1 32.3 32.6 29.0 35.1 25.0 21.0 22.5 28.2 * 25.5 * 25.0 51.1 42.5 42.0 41.0 39.5 39.4 36.6 33.0 31.3 25.8 47.6 28.2 27.3 44.0 30.0 29.0 25.0 * 22.0 * 29.0 * 44.0 27.0 45.7 43.2 41.1 42.2 41.3 43.0 40.7 38.9 36.3 35.3 28.7 25.6 23.0 28.0 23.5 * 24.0 27.0 23.3 25.0 21.0 22.0 26.0 33.1 45.0 43.2 43.3 42.2 42.4 40.6 42.0 41.4 37.4 38.3 28.1 40.0 24.5 31.0 21.0 37.0 30.0 28.5 * 45.1 43.0 41.4 42.7 42.2 42.2 40.1 37.5 36.0 32.1 28.5 26.6 28.0 * 22.0 * 24.0 35.5 * * 34.5 28.5 * 40.0 44.8 43.9 43.3 42.9 42.1 41.0 40.7 40.3 39.8 37.9 25.0 
Direction:  n n n n {42 138} {43 137} {42 138} {42 138} {45 135} {42 138} {44 136} n n n n*  n*  n n n*  n {41 139} {43 137} {44 136} {44 136} n {45 135} n n n n n n*  n n n*  n n {44 136} {42 138} {43 137} {42 138} {43 137} n n n n n*  n n*  n n*  n n {41 139} {44 136} {45 135} {43 137} {45 135} n n n n n n*  n* *  n*  n n {43 137} {43 137} {43 137} {45 135} n n n n n n n n n n*  n*  n n {42 138} {45 135} {43 137} n n n n n n n n n n n n n*  n*  n*  n n {43 137} {45 135} {42 138} {42 138} {42 138} {41 139} {42 138} n n n n n n n n*  n n n n n n n n {43 137} {43 137} {42 138} {41 139} {41 139} {46 134} {42 138} {46 134} n n n n n n n n n n*  {42 138} {46 134} {42 138} {43 137} {41 139} {46 134} {43 137} n n n n n n*  n*  n n* *  n n*  n {42 138} {42 138} {41 139} {43 137} {42 138} {42 138} {44 136} {46 134} n n n

56.0: Count:   1.1 (  1.3) A:  23.1 [20-44] B:  39.9 [20-101] Phase: 100% 135 (16.7) Direction:  {42 138}
Phase: {0,0,0,0,0,0,0,0,0,0,0,0,0,0,0,0,0,0,0,0,0,0,0,0,0,0,0,0,0,0,0,0,0,0,0,0,0,0,0,0,0,0,0,0,0,0,0,0,0,0,0,0,0,0,0,0,0,0,0,0,0,0,0,0,0,0,0,1,1,0,0,0,0,0,0,1,2,0,4,4,3,6,4,14,9,20,11,23,27,35,34,47,52,55,69,66,99,115,118,173,153,180,226,270,273,334,402,448,488,522,574,567,635,687,679,821,837,937,904,942,1093,1115,1105,1139,1273,1351,1233,1359,1331,1377,1501,1492,1455,1598,1443,1587,1536,1686,1447,1602,1352,1503,1360,1356,1399,1360,1316,1185,1114,1057,1064,954,937,908,842,764,825,632,648,555,528,438,454,462,393,378,358,376,303,281,266,186,195,189,168,148,114,138,120,85,117,82,64,77,63,38,38,42,22,32,20,16,10,21,11,3,10,7,9,0,0,0,1,0,2,0,2,1,0,0,0,0,0,0,0,0,0,0,0,0,0,0,0,0,0,0,0,0,0,0,0,0,0,0,0,0,0,0,0,0,0,0,0,0,0,0,0,0,0,0,0,0,0,0,0,0,0,0,0,0,0,0,0,0,0,0,0,0,0,0,0,0,0,0,0,0,0,0,0,0,0,0,0,0,0,0,0,0,0,0,0,0,0,0,0,0,0,0,0,0,0,0,0,0,0,0,0,0,0,0,0,0,0,0,0,0,0,0,0,0,0,0,0,0,0,0,0,0,0,0,0,0,0,0,0,0,0,0,0,0,0,0,0,0,0,0,0,0,0,0,0,0,0,0,0,0,0,0,0,0}
Count:   0.0   0.0   0.0   1.4   3.2   3.2   3.5   3.0   2.8   2.7   2.3   1.7   1.2   0.1   0.0   0.0   0.0   0.0   0.0   0.0   0.0   0.0   1.4   3.2   3.6   3.3   2.7   2.4   2.4   2.2   1.2   0.7   0.0   0.0   0.0   0.0   0.0   0.0   0.0   0.0   0.0   1.7   3.5   3.4   2.9   3.0   2.2   1.7   1.4   0.8   0.2   0.1   0.0   0.0   0.0   0.0   0.0   0.0   0.0   0.0   1.7   3.4   3.6   2.9   3.0   2.2   1.5   1.0   0.5   0.1   0.0   0.0   0.0   0.0   0.0   0.0   0.0   0.0   0.0   1.3   3.3   3.2   3.1   2.7   1.9   1.3   0.9   0.5   0.1   0.0   0.0   0.0   0.0   0.0   0.0   0.0   0.0   0.0   1.7   3.0   3.0   3.1   2.4   2.0   1.2   0.9   0.3   0.1   0.0   0.0   0.0   0.0   0.0   0.0   0.0   0.0   0.0   0.0   0.0   0.0   0.0   0.0   2.2   3.5   3.1   2.9   2.8   2.8   2.7   1.6   1.4   0.8   0.0   0.0   0.0   0.0   0.0   0.0   0.0   0.0   0.0   0.0   0.0   0.0   0.0   0.0   3.1   3.4   3.9   3.2   3.2   3.1   2.7   2.4   1.6   1.1   0.0   0.0   0.0   0.0   0.0   0.0   0.0   0.0   0.0   3.5   3.6   3.7   2.6   2.8   2.5   2.5   1.6   0.9   0.4   0.0   0.0   0.0   0.0   0.0   0.0   0.0   0.0   0.0   0.0   0.0   0.0   0.0   0.0   3.9   3.6   3.2   3.3   3.2   2.7   2.4   2.3   1.8   0.6   0.0 
B: 25.0 * * 46.5 41.4 41.5 42.5 39.5 38.9 39.0 39.2 37.0 33.7 33.2 44.0 * 25.0 26.5 * 21.0 * * 44.3 40.2 41.7 40.6 39.5 38.4 38.1 37.3 36.5 31.0 35.7 21.0 38.0 * 24.0 26.0 * * 34.0 44.0 40.6 41.9 39.7 39.5 38.5 35.8 34.5 33.1 28.8 33.7 29.0 * 32.0 23.0 26.5 * * * 50.4 40.5 40.5 39.1 39.8 38.9 35.9 33.5 32.4 28.7 34.2 24.0 25.0 * 28.0 * 29.5 34.0 25.0 43.0 39.7 41.9 39.5 39.1 37.4 35.3 32.4 32.7 26.4 33.6 26.0 25.0 23.0 28.4 20.0 40.0 * 31.5 51.0 40.0 40.8 39.3 38.1 36.1 36.1 34.0 34.0 24.6 40.2 23.0 29.3 27.0 23.0 * 26.0 23.2 * * 25.0 28.0 * * 44.1 41.2 40.3 39.6 41.1 40.7 39.8 36.9 34.8 33.7 40.0 * 23.0 34.0 * 22.0 37.0 23.0 * 35.3 35.0 * 21.0 26.3 43.0 41.7 41.0 40.0 40.3 40.2 38.8 39.6 36.8 37.4 28.6 27.3 24.0 36.2 29.8 35.0 31.0 * 33.0 44.3 40.6 40.3 38.3 40.5 39.8 37.6 35.6 33.3 34.3 29.0 20.0 26.0 24.0 35.0 46.0 * 29.5 * * 27.0 34.6 34.0 34.0 43.4 41.7 40.8 40.5 40.7 40.0 38.5 37.8 36.1 35.1 33.0 
Direction:  n* *  n {41 139} {42 138} {43 137} n n n n n n n n*  n n*  n* *  n {40 140} {43 137} {44 136} n n n n n n n n n*  n n* *  n n {45 135} {42 138} n {42 138} n n n n n n n*  n n n* * *  n {42 138} {40 140} n {45 135} n n n n n n n n*  n*  n n n n {42 138} {41 139} {42 138} {44 136} n n n n n n n n n n n n*  n n n n {43 137} n n n n n n n n n n n*  n n* *  n n* *  n {41 139} n {41 139} n n n n n n n*  n n*  n n n*  n n*  n n {41 139} {43 137} {42 138} n {44 136} n n n n n n n n n n n n*  n {41 139} {45 135} {43 137} n n n n n n n n n n n n n*  n* *  n n n n {40 140} {43 137} {42 138} {41 139} {42 138} n n n n n n

