54.0: Count:   7.6 (  2.1) A:  15.9 [13-53] B:  29.0 [13-76] Phase: 100% 355 (21.3) Direction:  {358 182}
Phase: {9265,6577,6666,6678,7438,6133,6285,5908,6061,5977,5323,5366,5040,5247,4709,4548,4261,4186,4331,3404,3600,3438,3340,3232,2896,2860,2272,2770,2450,2230,2134,1966,2062,1711,1752,1536,1603,1516,1447,1427,1246,1266,1191,1114,940,1175,879,910,936,832,827,833,688,763,779,666,610,555,634,545,497,545,429,533,370,442,404,397,365,329,307,255,350,294,280,265,264,270,233,246,199,219,200,165,154,150,202,143,176,108,198,89,124,110,117,94,110,104,92,101,91,82,91,70,58,71,68,64,59,61,53,44,52,54,50,40,31,50,40,43,39,28,41,32,27,47,43,28,15,30,25,25,21,32,18,34,25,18,21,25,14,24,14,17,19,17,21,15,19,15,16,19,19,14,12,14,6,24,14,16,16,6,11,12,21,5,9,15,12,15,10,9,15,12,13,9,17,14,10,10,15,7,11,14,14,15,13,11,15,17,8,14,15,13,11,14,19,9,13,11,9,13,15,14,8,18,14,15,10,15,17,14,20,15,11,21,20,10,12,21,11,21,25,21,20,30,27,26,21,19,26,27,21,28,31,26,28,35,41,36,34,51,35,35,32,41,39,32,42,44,45,39,58,48,42,50,53,55,43,43,60,67,72,64,103,71,89,78,83,82,155,79,96,90,140,108,107,142,133,137,124,175,143,198,138,199,202,214,268,185,249,254,289,280,291,346,289,416,392,406,468,455,521,492,573,617,716,700,771,921,879,977,1076,1139,1151,1635,1288,1553,1708,1803,1750,2237,2183,2325,2541,2739,2908,2775,3570,3317,3720,3955,4013,4974,3802,4952,4726,5243,5206,5481,5729,5237,6656,6549,6408,6682,6632,7463,6821,7119,6942,7450,7547,7178,7412,6945,8458,7456,7163,6661}
Count:  12.4  11.9  12.5  13.7  13.3  15.1  15.1  15.5  15.1  15.4  15.4  14.9  14.0  13.3  12.7  11.5  11.5  10.3  10.5  10.0  10.2   9.5   9.4   9.1  10.0   9.8  10.0   9.5   9.4   9.3   8.8   8.3   8.2   8.2   7.7   7.7   7.2   7.4   7.1   7.3   7.3   7.1   6.8   7.0   6.8   7.0   6.7   6.9   7.7   7.5   7.3   7.4   7.6   7.5   7.4   7.0   7.1   6.6   6.4   6.5   6.7   6.7   6.4   6.5   6.3   6.5   6.6   7.5   7.5   7.7   7.4   7.0   7.0   7.1   6.8   6.9   6.7   6.1   6.1   6.4   6.5   6.0   6.1   6.4   6.4   6.4   7.4   7.3   7.2   7.3   7.3   6.9   7.1   6.7   7.2   6.3   6.2   5.9   6.2   6.1   6.3   6.0   6.0   6.5   6.2   7.3   7.2   7.2   7.4   6.8   6.9   6.8   6.9   7.0   6.6   6.1   6.3   6.4   6.1   6.2   6.0   6.3   6.0   6.2   7.2   7.3   7.3   7.1   7.3   6.8   7.0   6.8   7.0   6.6   6.3   6.2   6.5   6.1   6.5   6.4   6.5   6.2   6.4   7.2   7.7   7.1   7.4   7.1   7.0   6.7   6.7   6.8   6.4   6.6   6.2   6.1   6.1   6.2   5.9   6.5   6.2   6.1   7.1   7.4   6.9   7.4   7.1   7.1   6.7   7.0   6.6   6.1   6.0   6.0   6.4   6.1   6.2   6.1   6.1   6.2   6.4   6.1   6.2   6.0   6.3   6.2   7.3   7.1   7.6   7.3   7.2   6.9   7.3   6.9   7.1   6.5   6.1   6.4   6.2   6.6 
Direction:  {357 183} {356 184} {357 183} {355 185} {355 185} {352 188} {351 189} {354 186} {355 185} {354 186} {354 186} {356 184} {356 184} {358 182} {354 186} {353 187} {357 183} {356 184} {355 185} {359 181} {359 181} {354 186} {357 183} {358 182} {359 181} {357 183} {359 181} {358 182} {356 184} {359 181} {359 181} {358 182} {359 181} {0 180} {359 181} {359 181} {358 182} {0 180} {359 181} {354 186} {0 180} {359 181} {359 181} {357 183} {356 184} {357 183} {0 180} {358 182} {355 185} {2 178} {358 182} {359 181} {357 183} {358 182} {0 180} {355 185} {357 183} {359 181} {356 184} {358 182} {356 184} {359 181} {359 181} {357 183} {359 181} {357 183} {357 183} {358 182} {359 181} {0 180} {358 182} {356 184} {358 182} {359 181} {1 179} {359 181} {357 183} {359 181} {356 184} {356 184} {359 181} {359 181} {357 183} {357 183} {358 182} {358 182} {0 180} {358 182} {359 181} {358 182} {357 183} {359 181} {357 183} {0 180} {359 181} {355 185} {353 187} {2 178} {358 182} {359 181} {359 181} {357 183} {357 183} {355 185} {357 183} {357 183} {356 184} {359 181} {357 183} {1 179} {357 183} {357 183} {357 183} {359 181} {359 181} {359 181} {0 180} {357 183} {356 184} {357 183} {358 182} {358 182} {359 181} {359 181} {359 181} {358 182} {356 184} {1 179} {358 182} {359 181} {0 180} {0 180} {353 187} {359 181} {359 181} {356 184} {358 182} {358 182} {357 183} {359 181} {359 181} {357 183} {0 180} {359 181} {358 182} {0 180} {355 185} {359 181} {0 180} {357 183} {358 182} {0 180} {358 182} {359 181} {358 182} {359 181} {359 181} {359 181} {359 181} {359 181} {356 184} {0 180} {356 184} {358 182} {358 182} {2 178} {357 183} {359 181} {0 180} {357 183} {358 182} {356 184} {358 182} {0 180} {358 182} {356 184} {356 184} {359 181} {0 180} {0 180} {357 183} {359 181} {0 180} {357 183} {355 185} {358 182} {358 182} {357 183} {0 180} {359 181} {2 178} {356 184} {357 183} {358 182} {359 181} {356 184} {358 182} {357 183} {356 184} {358 182}

54.1: Count:   8.8 (  2.3) A:  15.9 [13-55] B:  28.2 [13-74] Phase: 100% 356 (22.6) Direction:  {358 182}
Phase: {10678,7192,7432,7601,8398,7179,7135,6936,7166,6990,6346,6247,5914,6340,5579,5638,5322,5306,5390,4201,4488,4260,4073,4117,3614,3790,2954,3619,3176,3054,2882,2630,2733,2165,2245,2158,2180,1950,1807,1993,1645,1641,1535,1431,1293,1529,1131,1210,1169,1139,1048,1089,960,961,856,837,811,706,853,722,731,720,664,681,467,578,479,544,471,487,420,368,435,430,392,367,343,402,308,335,271,305,269,230,239,220,255,217,183,160,274,134,154,141,186,135,132,132,124,123,104,99,77,110,93,104,83,87,115,61,74,68,70,72,56,65,36,60,55,47,47,43,54,42,43,33,39,32,37,37,31,37,27,29,23,33,24,29,29,39,32,32,37,25,17,22,22,21,22,30,16,19,25,18,21,25,14,20,16,25,20,14,17,19,20,19,17,17,14,12,11,23,21,13,20,21,26,24,17,11,28,15,11,16,26,16,14,14,31,16,9,15,9,11,13,21,24,24,26,18,20,13,24,30,15,22,18,24,23,12,16,18,10,21,22,31,21,30,22,29,25,35,24,38,14,38,28,36,28,28,31,33,39,31,22,34,39,36,39,47,44,57,39,64,35,50,43,56,41,54,53,50,45,48,62,71,70,66,74,66,75,85,91,81,87,76,115,106,105,116,163,91,127,135,178,132,133,145,153,181,194,171,173,224,186,220,270,247,307,251,345,364,342,396,374,511,390,539,518,597,589,644,779,692,777,886,967,1004,988,1338,1132,1315,1453,1542,1415,2103,1642,1955,2138,2268,2248,2844,2550,2783,3110,3149,3408,3327,4167,3823,4005,4500,4566,5474,4134,5536,5070,5855,5701,5946,6112,5615,7400,6840,6793,7054,7103,8128,7168,7506,7477,8200,8235,7649,8019,7551,9445,7833,7822,7184}
Count:  14.0  13.5  14.2  15.6  15.2  16.8  17.0  17.2  17.1  17.5  17.2  16.8  15.4  15.1  14.4  13.3  13.0  12.2  12.2  11.4  11.5  11.0  10.7  10.4  11.5  11.1  11.1  11.1  10.9  10.8  10.2   9.9   9.4   9.6   8.9   8.9   8.4   8.6   8.3   8.6   8.2   8.2   8.1   8.0   7.7   7.9   7.8   8.0   9.1   8.8   8.7   8.7   8.8   9.0   8.6   8.3   8.6   7.7   7.5   7.4   7.7   7.5   7.5   7.4   7.9   7.5   7.5   8.6   8.7   8.8   8.7   8.3   8.3   8.3   8.2   8.2   7.9   7.3   7.0   7.4   7.5   7.2   7.0   7.6   7.5   7.4   8.6   8.7   8.4   8.7   8.1   8.4   8.2   8.0   8.0   7.3   7.3   6.9   7.1   7.1   7.4   7.0   7.5   7.2   7.4   8.4   8.5   8.6   8.6   8.1   8.1   8.4   8.0   8.3   7.5   7.2   7.4   7.3   7.1   7.4   7.0   7.3   7.3   7.2   8.6   8.9   8.1   8.7   8.7   8.4   8.1   8.2   7.9   7.6   7.3   7.0   7.3   7.1   7.3   7.1   7.4   7.6   7.5   8.4   8.8   8.4   8.8   8.3   8.3   8.1   8.0   8.1   7.3   7.2   7.2   7.2   6.9   7.3   7.2   7.3   7.0   7.3   8.2   8.6   8.5   9.0   8.4   8.5   8.4   8.4   7.9   7.5   6.9   7.1   7.1   7.3   7.3   7.4   7.2   7.2   7.2   7.1   7.3   6.9   7.4   7.2   8.5   8.2   8.7   8.3   8.8   8.2   8.6   8.4   8.2   7.5   7.1   7.3   7.3   7.5 
Direction:  {358 182} {355 185} {357 183} {353 187} {359 181} {0 180} {353 187} {356 184} {353 187} {354 186} {356 184} {356 184} {355 185} {353 187} {0 180} {356 184} {358 182} {0 180} {359 181} {357 183} {358 182} {359 181} {359 181} {355 185} {359 181} {359 181} {359 181} {358 182} {359 181} {358 182} {359 181} {357 183} {2 178} {0 180} {359 181} {1 179} {357 183} {358 182} {359 181} {358 182} {358 182} {359 181} {358 182} {356 184} {359 181} {359 181} {357 183} {359 181} {358 182} {358 182} {356 184} {356 184} {359 181} {0 180} {1 179} {0 180} {1 179} {356 184} {358 182} {0 180} {359 181} {359 181} {357 183} {359 181} {0 180} {359 181} {356 184} {357 183} {358 182} {0 180} {0 180} {359 181} {2 178} {0 180} {359 181} {359 181} {0 180} {359 181} {359 181} {359 181} {359 181} {357 183} {359 181} {359 181} {356 184} {357 183} {0 180} {0 180} {358 182} {356 184} {359 181} {359 181} {358 182} {357 183} {357 183} {0 180} {359 181} {358 182} {357 183} {358 182} {359 181} {1 179} {359 181} {359 181} {357 183} {359 181} {359 181} {359 181} {357 183} {357 183} {357 183} {2 178} {359 181} {359 181} {0 180} {358 182} {356 184} {0 180} {1 179} {359 181} {0 180} {357 183} {355 185} {358 182} {356 184} {1 179} {0 180} {356 184} {358 182} {356 184} {359 181} {1 179} {356 184} {359 181} {359 181} {357 183} {358 182} {358 182} {359 181} {359 181} {359 181} {356 184} {359 181} {354 186} {357 183} {0 180} {2 178} {359 181} {3 177} {359 181} {356 184} {1 179} {357 183} {357 183} {357 183} {358 182} {357 183} {357 183} {357 183} {357 183} {358 182} {359 181} {1 179} {359 181} {359 181} {359 181} {358 182} {358 182} {359 181} {358 182} {359 181} {359 181} {359 181} {358 182} {359 181} {3 177} {358 182} {357 183} {359 181} {357 183} {359 181} {357 183} {0 180} {359 181} {357 183} {357 183} {0 180} {359 181} {359 181} {357 183} {356 184} {1 179} {0 180} {0 180} {358 182} {359 181} {359 181} {355 185} {356 184} {359 181}

54.2: Count:   7.4 (  2.5) A:  15.9 [13-53] B:  29.4 [13-70] Phase: 100% 359 (22.6) Direction:  {359 181}
Phase: {8682,6140,6455,6355,7119,6023,6241,6084,6227,6101,5685,5698,5218,5542,5154,4776,4807,4679,4782,3917,4000,3847,3673,3721,3280,3357,2787,3382,2774,2776,2554,2446,2451,2155,2120,2061,2047,1863,1694,1863,1618,1600,1565,1504,1206,1592,1263,1349,1250,1155,1153,1214,1005,965,1119,935,935,841,899,829,784,839,785,810,569,683,593,605,569,546,532,436,542,477,517,441,417,456,310,361,349,390,349,267,290,204,373,269,237,200,375,155,197,165,241,180,181,148,165,155,121,145,97,148,96,113,78,119,96,91,98,89,69,80,67,86,58,71,66,64,68,70,56,53,54,65,58,66,62,66,39,36,39,47,30,46,36,39,44,39,45,45,24,32,39,34,24,18,37,21,42,19,33,18,12,23,17,13,36,15,22,13,30,17,26,24,16,19,27,28,22,25,25,16,26,16,25,23,27,16,39,11,27,17,24,11,7,19,16,21,24,21,9,19,19,19,19,23,26,21,17,14,19,16,31,18,21,27,35,24,24,22,28,28,26,24,23,25,26,31,25,24,21,17,22,31,33,40,27,37,31,33,34,32,36,32,36,45,43,37,39,37,39,55,46,57,54,46,32,48,27,51,63,46,58,61,47,91,79,65,87,71,80,79,100,69,108,97,84,98,194,84,99,124,150,145,132,140,159,188,142,198,192,219,196,228,252,275,284,194,265,282,301,346,321,386,300,468,416,500,490,511,580,527,645,635,662,741,718,1009,837,934,1045,1087,1010,1537,1094,1408,1433,1639,1534,1989,1829,1853,2150,2125,2339,2344,2834,2688,3050,3155,3215,3869,3092,3883,3698,4131,4139,4460,4514,4275,5521,5017,5191,5448,5476,6281,5842,5876,6126,6556,6676,6272,6488,6062,7485,6611,6543,6047}
Count:  13.5  12.3  13.5  14.6  14.0  15.9  15.7  16.7  16.4  17.1  16.2  16.2  14.0  14.1  13.5  12.0  11.4  10.4  10.6   9.7   9.5   9.1   9.2   9.0   9.8   9.9   9.6   9.5   9.9   9.1   8.6   8.2   8.2   7.7   6.9   7.1   6.9   6.9   6.7   6.9   6.6   6.6   6.0   6.4   6.0   6.4   6.0   6.1   7.5   7.9   7.3   7.4   7.6   7.4   7.4   7.0   7.0   6.8   6.1   5.8   6.2   5.5   5.9   5.7   6.1   5.7   5.6   7.2   7.4   7.3   7.6   7.0   7.0   6.8   7.0   7.2   6.3   5.7   5.4   5.9   5.8   5.4   5.4   6.0   5.5   5.8   7.3   7.3   7.4   7.4   7.1   7.2   6.9   7.0   6.9   5.6   5.4   5.3   5.5   5.2   5.7   5.5   5.9   5.6   5.9   7.2   7.7   7.3   7.8   7.0   7.0   7.0   6.6   6.6   6.3   5.7   5.6   5.9   5.4   5.8   5.6   5.7   5.6   5.8   7.5   7.5   7.4   7.7   7.3   7.3   6.8   7.1   6.5   6.5   5.8   5.5   5.9   5.6   5.8   5.6   6.0   5.7   5.9   7.2   7.5   7.3   7.8   7.0   7.2   6.8   7.1   6.7   6.1   5.7   5.7   5.6   5.4   5.7   5.6   5.4   5.7   5.9   7.1   7.2   7.6   7.5   7.0   7.5   7.1   7.1   6.6   6.2   5.4   5.4   5.5   5.6   5.8   5.7   5.6   5.8   5.8   5.5   5.7   5.1   5.8   5.7   7.7   7.2   7.5   7.1   7.4   7.2   7.4   7.0   6.9   6.1   5.7   5.7   6.0   6.0 
Direction:  {355 185} {353 187} {353 187} {351 189} {356 184} {348 192} {0 180} {354 186} {356 184} {358 182} {359 181} {0 180} {357 183} {358 182} {355 185} {356 184} {356 184} {354 186} {357 183} {357 183} {358 182} {356 184} {358 182} {359 181} {356 184} {3 177} {359 181} {359 181} {3 177} {0 180} {0 180} {1 179} {1 179} {359 181} {359 181} {357 183} {1 179} {0 180} {359 181} {0 180} {356 184} {1 179} {359 181} {1 179} {356 184} {1 179} {357 183} {1 179} {359 181} {3 177} {359 181} {0 180} {359 181} {359 181} {4 176} {3 177} {359 181} {357 183} {1 179} {359 181} {359 181} {1 179} {358 182} {355 185} {2 178} {359 181} {0 180} {1 179} {359 181} {1 179} {0 180} {359 181} {0 180} {359 181} {355 185} {359 181} {0 180} {0 180} {359 181} {2 178} {1 179} {359 181} {0 180} {0 180} {3 177} {358 182} {359 181} {359 181} {356 184} {0 180} {1 179} {359 181} {0 180} {2 178} {358 182} {0 180} {0 180} {359 181} {358 182} {359 181} {359 181} {358 182} {357 183} {359 181} {359 181} {0 180} {358 182} {0 180} {3 177} {2 178} {359 181} {3 177} {357 183} {359 181} {1 179} {0 180} {359 181} {359 181} {359 181} {359 181} {1 179} {2 178} {0 180} {0 180} {357 183} {359 181} {0 180} {358 182} {359 181} {1 179} {359 181} {356 184} {3 177} {2 178} {358 182} {2 178} {0 180} {357 183} {357 183} {0 180} {0 180} {359 181} {2 178} {357 183} {2 178} {357 183} {3 177} {0 180} {359 181} {359 181} {359 181} {2 178} {0 180} {358 182} {1 179} {2 178} {357 183} {359 181} {0 180} {2 178} {1 179} {357 183} {357 183} {359 181} {2 178} {359 181} {358 182} {1 179} {359 181} {3 177} {2 178} {0 180} {0 180} {0 180} {356 184} {2 178} {358 182} {359 181} {359 181} {0 180} {0 180} {359 181} {1 179} {0 180} {359 181} {359 181} {3 177} {3 177} {4 176} {6 174} {359 181} {1 179} {359 181} {357 183} {1 179} {3 177} {358 182} {359 181} {356 184} {359 181}

54.3: Count:   4.7 (  2.1) A:  15.6 [13-52] B:  30.2 [13-64] Phase: 100% 1 (19.7) Direction:  {0 180}
Phase: {5585,4340,4589,4474,4824,4219,4307,4141,4357,4248,3815,3731,3501,3720,3478,3319,3167,3115,3075,2627,2642,2503,2315,2324,2053,2109,1592,2024,1853,1738,1677,1435,1567,1324,1269,1250,1240,1143,1123,1204,1070,990,969,981,935,1085,904,924,879,912,848,979,816,768,881,761,798,692,844,722,828,776,817,853,634,746,622,759,717,683,604,517,685,630,588,540,513,616,507,509,468,522,519,486,400,383,472,366,345,310,529,274,292,287,340,266,265,261,247,241,218,221,204,198,206,176,152,183,163,121,168,134,111,105,94,127,72,119,104,109,76,86,82,59,89,90,81,52,50,89,48,59,50,42,46,62,39,56,58,50,35,60,35,37,32,45,29,20,34,34,32,34,23,34,28,19,25,32,24,26,34,22,27,22,22,21,15,33,19,29,20,20,23,15,18,11,21,19,15,24,28,13,14,21,30,16,16,22,15,19,12,20,24,13,25,22,13,19,16,16,12,22,18,23,16,13,19,25,27,17,10,23,17,29,12,10,19,30,26,27,27,14,18,24,16,38,14,32,33,23,16,21,33,22,19,28,31,28,31,23,31,39,39,21,26,44,36,39,45,43,37,32,45,55,41,42,54,39,66,54,55,68,53,47,70,48,99,67,73,48,121,75,86,63,113,72,87,118,103,90,103,117,119,118,123,141,120,146,174,121,164,165,176,183,173,197,155,281,220,243,240,251,273,248,288,304,323,325,310,384,345,452,359,476,410,599,510,549,625,652,658,785,714,893,899,969,1025,961,1199,1157,1290,1494,1460,1667,1381,1732,1798,2001,2111,2194,2479,2239,2941,3033,2811,3113,3128,3629,3396,3663,3683,4021,4205,4072,4205,4243,4783,4400,4429,4446}
Count:   9.5   8.6   9.5  10.0  10.2  12.3  12.4  12.2  12.1  12.7  11.8  11.6  10.4  10.3   9.0   7.9   7.0   6.8   6.4   5.9   5.9   5.6   5.5   5.2   6.3   6.9   6.8   6.8   6.6   5.9   5.9   5.6   5.4   4.7   4.0   4.4   3.9   4.1   3.8   4.0   3.6   3.9   3.5   3.7   3.4   3.5   3.4   3.4   5.3   5.6   5.3   5.3   5.1   5.4   5.1   5.0   4.6   4.2   3.5   3.5   3.6   3.2   3.5   3.4   3.5   3.0   3.4   5.2   5.5   5.0   5.5   5.1   4.9   4.6   4.7   4.6   3.8   3.2   3.0   3.5   3.3   3.3   2.9   3.3   3.0   3.1   5.3   5.2   5.2   5.1   4.9   4.9   4.6   4.3   4.5   3.4   3.0   3.1   3.0   3.2   3.3   2.9   3.2   3.2   3.3   4.9   5.2   5.0   5.1   4.8   4.9   4.3   4.6   4.2   3.6   3.4   2.9   3.4   3.0   3.4   3.1   3.4   3.1   3.2   5.1   5.3   5.4   5.2   4.9   4.9   4.6   4.6   4.2   3.6   3.2   3.3   3.4   3.1   3.5   3.2   3.3   3.0   3.4   4.8   5.6   5.3   5.4   4.9   4.9   4.7   4.5   4.3   3.8   3.2   3.3   3.2   3.2   3.1   3.1   3.1   3.2   3.4   4.7   5.3   5.2   5.1   5.0   4.9   4.7   4.6   4.1   3.8   3.2   3.2   3.2   2.9   3.0   3.1   3.4   3.2   3.2   3.3   3.1   3.0   3.2   3.2   5.0   5.6   5.4   5.1   5.0   4.8   5.1   4.7   4.5   3.3   3.2   3.0   3.4   3.1 
B: 26.0 25.8 26.9 26.9 26.5 25.8 25.2 26.2 25.3 25.6 25.6 25.9 26.6 27.0 27.9 28.9 29.4 30.2 29.7 30.8 31.0 31.2 31.9 32.1 29.6 29.1 29.1 28.7 29.9 29.1 30.1 29.4 30.3 31.5 33.0 33.4 33.4 33.1 32.7 33.0 33.5 33.1 33.1 32.6 33.4 33.5 33.4 33.5 29.2 28.8 28.4 27.8 29.2 29.1 29.6 28.9 30.2 31.0 33.4 33.8 33.7 33.5 34.0 33.2 33.9 33.5 33.7 29.0 28.7 28.7 29.0 29.5 29.3 29.7 29.5 30.7 32.5 34.3 33.7 33.8 33.7 34.1 33.7 34.0 33.8 33.9 29.7 28.4 28.8 28.9 28.3 29.1 30.1 30.5 31.0 31.8 34.1 33.5 33.6 33.9 33.3 33.9 34.2 34.0 33.6 29.3 29.0 27.7 28.8 29.3 29.0 30.1 30.2 30.5 32.2 33.7 33.5 34.1 34.1 34.1 33.5 34.0 33.8 33.8 29.2 29.0 28.4 28.3 28.6 29.0 29.5 30.0 30.8 32.2 33.5 33.6 33.6 33.5 33.6 33.5 33.4 33.8 33.6 28.5 28.5 27.7 28.8 28.7 28.9 29.3 29.6 30.3 32.3 33.6 33.6 33.5 33.8 33.4 33.6 34.1 33.1 33.2 28.6 28.8 28.2 28.8 28.8 29.8 29.1 30.2 31.1 32.0 33.7 33.5 33.8 33.6 32.4 33.8 33.8 33.8 33.7 33.3 33.5 34.0 34.2 32.8 29.5 27.9 28.6 29.2 29.2 28.3 29.2 28.9 29.0 32.4 33.6 34.0 34.1 33.4 
Direction:  {359 181} {355 185} {355 185} {0 180} {358 182} {353 187} {355 185} {357 183} {355 185} {354 186} {359 181} {353 187} {356 184} {357 183} {356 184} {356 184} {359 181} {359 181} {359 181} {359 181} {358 182} {359 181} {2 178} {357 183} {357 183} {358 182} {358 182} {359 181} {0 180} {2 178} {0 180} {5 175} {358 182} {0 180} {0 180} {359 181} {359 181} {0 180} {0 180} {4 176} {0 180} {359 181} {0 180} {0 180} {1 179} {0 180} {1 179} {359 181} {359 181} {0 180} n n {2 178} {358 182} {0 180} {0 180} {358 182} {3 177} {1 179} {357 183} {2 178} n {0 180} {0 180} {358 182} {359 181} {0 180} {0 180} n n {3 177} {1 179} {0 180} {1 179} {1 179} {358 182} {0 180} {0 180} n {0 180} n n {1 179} {2 178} {0 180} {1 179} {2 178} {359 181} {359 181} {0 180} n n {2 178} n {359 181} n n {359 181} {359 181} {2 178} {1 179} n {359 181} n {2 178} {0 180} {359 181} {2 178} {358 182} {358 182} {2 178} {1 179} n n {1 179} {359 181} n {1 179} {0 180} {1 179} {359 181} {1 179} {359 181} {359 181} {1 179} {0 180} {1 179} n {0 180} {359 181} {0 180} {2 178} n n {0 180} n {356 184} {359 181} {359 181} {2 178} {1 179} {3 177} {358 182} {0 180} {2 178} {0 180} {2 178} n {0 180} n {3 177} n {0 180} {3 177} {1 179} {358 182} {0 180} n n n n {359 181} n {2 178} n n {1 179} {0 180} {0 180} {359 181} n {359 181} n {2 178} {2 178} n n {3 177} {359 181} {0 180} n n {359 181} {1 179} {0 180} {1 179} {359 181} {3 177} {1 179} {0 180} {359 181} {1 179} {2 178} n {357 183} n {0 180} {0 180} {1 179} {0 180}

54.4: Count:   3.6 (  2.0) A:  15.5 [13-56] B:  28.8 [13-62] Phase: 100% 3 (19.6) Direction:  {1 179}
Phase: {4025,3011,3385,3248,3371,3043,3132,2975,3204,3121,2855,2822,2630,2742,2591,2566,2335,2194,2257,1777,1866,1802,1700,1720,1529,1547,1140,1440,1290,1240,1141,1008,1062,853,1004,951,926,896,787,948,747,745,824,761,672,844,740,789,789,724,734,810,698,765,809,748,720,747,829,720,749,778,790,912,679,840,735,832,713,754,786,687,899,821,795,768,736,834,773,715,732,769,811,704,723,596,751,632,591,474,891,462,540,512,625,488,469,426,494,444,384,412,379,415,332,351,312,328,356,248,285,299,250,256,207,289,156,270,181,192,191,167,244,128,143,179,140,146,124,139,124,113,107,121,73,146,54,79,80,108,65,88,81,85,77,76,46,54,82,42,48,88,46,54,28,59,49,51,48,39,48,40,35,43,52,27,34,45,31,28,25,36,40,25,29,20,43,19,17,22,37,22,16,19,25,24,22,16,19,16,19,18,10,23,24,16,16,16,25,12,6,15,18,21,24,18,15,28,16,14,21,14,14,13,32,16,17,14,28,34,25,19,19,24,26,37,27,18,26,14,25,26,33,28,29,19,26,30,26,20,29,30,16,40,14,31,35,39,33,36,38,33,48,37,37,41,48,38,38,64,40,51,54,52,46,60,69,78,75,63,94,63,73,71,84,69,88,83,89,64,91,89,103,92,94,136,125,109,128,100,111,117,121,121,124,144,123,182,143,215,186,165,188,167,171,225,235,241,208,297,284,267,264,300,286,321,302,348,351,408,375,433,449,499,555,537,554,557,639,656,711,763,908,1034,821,1085,1015,1220,1296,1312,1378,1437,1677,1788,1731,1910,1926,2190,2147,2268,2432,2642,2634,2717,2745,2860,3208,2967,3129,2847}
Count:   7.4   6.9   7.8   8.0   8.0  10.2  11.0  11.4  10.6  10.4   9.9  10.2   8.8   8.6   7.0   5.8   5.4   5.1   4.6   4.5   3.8   4.0   3.8   3.7   5.3   6.0   5.7   5.6   5.4   5.0   4.8   4.2   4.1   3.4   2.6   2.6   2.5   2.7   2.6   2.5   2.2   2.5   2.2   2.2   2.2   2.3   2.1   2.3   4.5   4.6   4.7   4.8   4.1   4.5   4.3   4.2   3.6   3.2   2.3   2.0   2.1   2.1   2.2   2.2   2.2   2.0   2.2   4.3   4.6   4.4   4.7   4.3   4.1   3.8   3.9   3.5   2.8   2.0   2.0   1.9   2.1   2.1   1.9   2.2   1.9   2.0   4.5   4.6   4.8   4.5   4.0   4.2   3.7   3.6   3.3   2.5   2.0   1.8   1.9   2.0   2.0   1.9   2.0   2.0   2.3   4.4   4.5   4.2   4.7   4.1   4.3   3.8   3.4   3.0   2.7   1.9   1.9   2.3   1.9   2.2   2.0   1.9   1.9   2.0   4.6   4.9   4.9   4.6   4.2   4.3   3.7   3.5   3.0   2.7   2.1   2.0   2.2   2.0   2.0   2.0   1.9   2.0   2.0   4.3   4.7   4.9   4.4   4.4   4.3   3.6   3.5   3.1   2.7   2.1   2.1   2.0   2.1   1.9   1.9   2.0   1.9   2.1   4.2   4.9   4.7   4.1   4.6   4.0   3.6   3.7   3.1   2.6   2.1   2.0   2.0   2.1   1.9   2.0   2.0   1.8   2.0   1.8   2.1   1.8   2.1   2.2   4.7   4.8   4.5   4.6   4.6   4.2   4.1   3.9   3.8   2.3   1.9   1.9   1.9   2.3 
B: 26.0 26.1 26.7 27.1 27.0 25.6 25.2 25.3 25.2 25.8 25.8 25.9 26.5 27.0 27.5 29.4 29.7 30.3 30.8 31.5 31.9 32.0 32.0 32.1 28.5 26.5 27.4 27.0 27.2 27.7 28.8 29.2 29.8 30.6 33.3 33.2 33.1 32.7 33.4 33.4 32.9 32.8 32.9 32.6 33.3 33.1 33.1 33.0 26.8 26.0 26.2 26.5 27.3 26.5 27.3 26.7 28.5 29.2 33.2 33.7 33.5 33.0 33.1 33.4 33.7 32.7 33.9 26.4 25.9 26.3 26.4 27.6 27.4 27.5 27.4 28.8 31.0 33.2 33.2 34.0 33.4 33.8 32.8 34.0 32.5 33.5 26.6 26.2 27.0 26.1 26.0 26.3 28.1 28.9 29.7 30.7 33.7 33.1 33.7 33.6 33.3 33.9 33.8 34.3 33.4 26.1 26.4 26.2 26.0 26.8 26.9 27.8 28.4 29.1 30.3 33.4 33.8 33.3 33.4 33.2 32.8 33.0 33.5 33.3 26.2 26.0 26.0 26.3 26.3 26.6 27.5 27.8 29.7 31.1 33.0 33.5 33.2 33.6 33.4 32.8 33.6 33.4 33.6 26.3 26.3 25.9 26.5 26.2 26.7 26.9 28.0 28.9 30.8 33.6 33.6 32.8 33.2 33.2 33.5 33.5 33.3 32.9 26.9 25.9 25.7 26.8 26.1 27.8 27.5 27.9 29.1 31.1 32.8 33.0 33.4 33.1 33.3 33.9 34.0 33.3 33.3 33.6 33.4 33.6 33.2 32.7 26.7 25.6 26.5 26.5 26.0 26.0 27.5 26.7 27.1 30.6 33.3 33.5 33.3 33.3 
Direction:  {359 181} {359 181} {348 192} {356 184} {352 188} {359 181} {359 181} {0 180} {359 181} {350 190} {359 181} {356 184} {359 181} {2 178} {359 181} {0 180} {1 179} {359 181} {356 184} {359 181} {359 181} {1 179} {3 177} {359 181} {1 179} {1 179} {1 179} {359 181} {359 181} {3 177} {359 181} {359 181} {0 180} n n n n {358 182} n n n n n n n n n n n n n n n n n n n n n n n n n n n n n n n n n n n n n n n n n n n n n n n n n n n n n n n n n n n n n n n n n n n n n n n n n n n n n n n n n n n n n n n n n n n n n n n n n n n n n n n n n n n n n n n n n n n n n n n n n n n n n n n n n n n n n n n n n n n n n n n n n n n n n n n n n n n n n n n n n n

54.5: Count:   3.7 (  2.1) A:  15.6 [13-60] B:  26.8 [13-62] Phase: 93% 4 (21.0) Direction:  {2 178}  43% 80 (13.9) Direction:  {34 146}
Phase: {3216,2378,2761,2619,2834,2491,2644,2483,2569,2668,2523,2442,2262,2438,2154,2092,2007,1980,2159,1740,1758,1732,1675,1588,1427,1512,1176,1464,1332,1241,1179,1167,1191,1005,1028,1026,978,931,827,901,796,843,783,828,726,926,745,718,743,759,756,816,680,711,783,727,818,681,848,804,851,920,802,979,676,902,851,888,840,909,862,880,1071,961,990,980,894,1025,914,1031,903,939,1002,944,883,887,1134,932,871,734,1369,748,781,863,1001,693,786,777,783,780,665,657,667,722,616,587,583,637,632,491,527,535,446,481,450,478,321,450,404,411,377,347,364,298,305,294,313,277,266,299,212,243,255,231,211,241,167,224,208,181,149,166,148,163,157,116,171,115,159,130,85,111,113,133,77,107,102,79,79,100,54,79,100,76,83,76,45,63,67,63,40,73,84,50,45,42,60,51,43,33,63,24,30,27,40,32,33,23,41,32,30,31,22,39,43,20,23,33,23,27,22,32,29,21,21,32,10,37,29,26,32,19,39,20,32,24,32,33,21,20,29,20,21,21,32,39,20,28,37,34,24,47,34,28,17,35,26,24,24,44,41,41,37,40,38,34,27,27,45,56,43,43,49,42,72,62,48,58,49,54,60,69,54,78,63,57,88,50,63,72,93,63,76,53,103,66,98,82,85,107,95,124,103,106,121,121,95,122,158,112,127,115,148,155,173,155,156,178,154,168,176,172,199,203,183,224,226,251,280,290,249,314,271,288,255,388,291,334,397,371,424,458,436,482,543,544,560,605,682,709,818,786,840,1029,773,967,986,1152,1166,1238,1296,1258,1543,1633,1557,1721,1711,1948,1809,1897,2040,2096,2218,2287,2262,2212,2714,2417,2425,2359}
Count:   6.8   6.8   7.5   7.6   8.1  10.7  11.6  11.2  11.3  10.7  10.4  10.1   8.8   8.4   7.0   5.4   5.1   4.7   4.3   4.1   3.9   3.8   3.3   3.3   5.2   6.0   6.0   5.8   5.8   5.1   4.6   4.2   4.2   3.1   2.6   2.2   2.3   2.2   2.3   2.2   2.2   2.0   2.2   2.1   1.9   2.0   1.9   2.1   5.0   5.1   5.4   5.4   4.8   4.9   4.4   4.7   3.9   3.0   1.9   2.0   1.9   1.8   2.0   1.8   2.1   1.9   1.8   4.6   4.9   4.9   5.2   4.7   4.5   4.1   4.1   3.6   2.7   1.7   1.8   1.8   1.8   1.9   1.7   1.8   1.6   1.8   5.1   5.3   5.2   5.3   4.9   4.5   3.9   3.7   3.2   2.6   1.7   1.7   1.7   1.7   1.9   1.8   1.8   1.8   2.1   5.1   5.4   4.8   5.2   4.5   4.4   3.9   4.0   3.4   2.6   1.8   1.7   1.8   1.9   1.8   1.8   1.9   1.9   1.7   5.1   5.6   5.3   5.2   5.0   4.7   4.1   3.8   3.0   2.4   1.6   1.9   1.8   1.9   1.9   1.9   1.6   1.8   1.8   5.0   5.2   5.5   5.0   4.8   4.9   4.0   3.9   3.2   2.6   1.7   2.0   1.8   1.7   1.8   1.9   1.8   1.8   1.9   4.7   5.7   5.2   4.8   4.8   4.2   4.0   3.7   3.0   2.5   1.9   1.6   1.8   2.0   1.7   1.8   1.8   1.8   1.6   1.9   1.9   1.8   1.6   2.2   4.8   5.4   5.2   5.1   5.1   4.6   4.6   4.2   4.0   2.4   1.7   1.6   1.7   1.5 
B: 25.0 24.7 25.3 25.9 25.9 24.1 24.1 23.9 23.6 24.4 24.4 24.7 25.2 25.8 25.9 27.9 28.3 28.7 29.0 29.2 29.4 29.9 30.2 30.2 26.1 25.3 25.3 24.3 25.2 25.3 26.4 26.7 27.0 28.6 30.8 31.2 31.2 31.1 32.1 31.0 31.0 31.2 31.6 31.4 30.8 31.6 31.1 31.2 24.1 25.1 24.6 25.3 25.9 25.0 25.3 24.8 25.3 26.9 31.6 31.6 30.9 31.4 31.8 32.1 31.6 31.3 31.5 24.8 24.6 24.3 24.8 25.0 24.5 26.2 25.4 26.6 28.2 31.5 31.5 31.8 31.3 32.1 31.3 31.6 31.0 31.1 24.2 24.9 24.6 24.7 24.9 24.8 25.2 25.8 27.0 28.5 31.5 31.7 32.0 31.3 30.7 31.4 31.8 31.2 32.0 24.4 24.7 24.4 24.6 24.5 24.7 26.5 26.6 27.1 29.2 31.3 31.2 31.1 31.9 30.9 30.8 31.6 32.1 31.0 25.0 24.7 24.6 25.0 24.8 25.2 25.1 26.1 27.2 28.7 31.6 31.5 31.6 31.5 31.8 31.2 31.2 31.2 31.7 24.7 24.2 24.1 25.1 24.5 25.6 25.9 25.8 27.0 28.7 31.1 31.2 31.7 31.7 31.4 32.0 30.8 30.5 31.0 25.4 25.2 24.9 24.8 24.7 25.7 25.2 26.3 26.5 28.5 31.5 31.0 31.0 31.6 31.4 31.9 31.9 32.1 31.6 32.1 31.4 32.0 31.3 30.5 24.7 24.1 25.0 24.3 24.8 24.2 24.9 24.5 25.8 28.1 30.9 31.6 31.1 32.5 
Direction:  {356 184} n {355 185} {354 186} {348 192} {0 180} {2 178} {349 191} {353 187} {357 183} {357 183} {1 179} {3 177} {5 175} {357 183} {0 180} {358 182} {358 182} {356 184} {357 183} {0 180} n n {359 181} n n n n n n n n {4 176} n {1 179} n n n n n n n n n n n n n n n n n n n n n n n n n n n n n n n n n n n n n n n n n n n n n n n n n n n n n n n n n n n n n n n n n n n n n n n n n n n n n n n n n n n n n n n n n n n n n n n n n n n n n n n n n n n n n n n n n n n n n n n n n n n n n n n n n n n n n n n n n n n n n n n n n n n n n n n n n n n n n n n n n n n n n

54.6: Count:   3.9 (  2.4) A:  15.8 [13-54] B:  25.5 [13-62] Phase: 47% 77 (34.6) Direction:  {32 148}  100% 1 (15.5) Direction:  {0 180}
Phase: {2943,2050,2412,2178,2457,2147,2345,2110,2326,2409,2161,2159,2049,2086,2070,2105,1931,1874,2075,1606,1620,1651,1661,1702,1523,1533,1224,1492,1271,1333,1291,1177,1267,1042,1072,1004,1082,996,891,987,895,949,894,889,876,919,768,830,915,790,800,890,810,731,808,852,831,806,882,808,834,865,950,1069,807,988,899,950,965,926,1007,847,1118,968,1044,1001,1014,1144,955,1085,1069,1099,1132,998,1003,998,1183,1126,1130,909,1598,959,1049,1076,1181,970,1030,1018,1013,1015,938,971,898,1083,980,966,1005,975,995,791,829,787,767,787,727,723,597,784,721,675,629,633,674,523,523,514,512,489,486,497,438,404,433,358,323,430,289,323,365,307,268,301,277,265,276,216,241,192,223,152,196,180,157,191,132,192,149,161,122,114,122,102,119,114,105,120,106,109,75,117,90,85,69,65,77,54,73,60,58,58,92,57,54,53,71,44,46,55,54,59,28,44,33,51,43,35,42,35,24,35,51,25,30,37,48,37,28,32,29,28,28,45,31,29,49,41,54,29,34,37,42,25,21,31,36,44,26,48,44,41,35,51,35,32,34,44,37,30,47,41,43,35,48,46,54,39,46,49,65,59,51,38,41,54,56,85,57,64,54,57,62,69,56,71,86,82,82,84,68,70,139,77,76,95,110,68,81,100,91,126,96,126,106,119,93,102,162,125,167,123,147,119,146,142,136,167,149,192,169,178,205,184,224,196,237,214,257,242,242,347,307,300,358,370,319,426,320,400,413,492,436,556,525,524,574,594,678,603,756,717,753,808,868,1009,798,989,1079,1182,1198,1240,1300,1266,1540,1570,1489,1596,1616,1800,1701,1921,1867,2076,2051,2074,2161,1928,2507,2086,2237,1970}
Count:   6.9   7.1   7.8   7.8   8.2  11.3  12.6  12.2  12.0  11.5  10.8  10.4   9.0   8.5   7.1   5.7   5.0   4.9   4.1   3.9   3.9   3.4   3.3   3.3   5.5   6.5   6.3   6.2   6.0   5.7   5.1   4.5   3.9   3.1   2.4   2.2   2.3   2.2   2.0   2.1   2.1   2.0   2.0   1.9   1.8   1.9   1.9   2.1   5.7   5.7   5.8   6.0   5.6   5.5   5.0   5.3   4.1   3.3   1.7   2.1   1.8   1.8   1.9   1.9   1.8   1.7   2.1   5.4   6.0   5.8   5.8   5.3   5.2   4.5   4.5   4.0   2.8   1.7   1.6   1.8   1.7   1.8   1.9   1.6   1.8   1.9   5.7   5.8   6.0   5.7   5.7   5.3   4.4   4.1   3.4   2.6   1.7   1.9   1.8   1.9   1.8   1.7   1.7   1.8   2.0   6.0   6.0   5.9   5.8   5.0   4.9   4.7   4.4   3.4   3.1   1.7   1.8   1.8   1.9   1.7   1.6   1.8   2.0   2.0   5.9   6.2   6.1   5.9   5.7   5.1   4.5   3.9   3.3   2.4   1.7   1.9   1.7   1.9   1.8   1.9   1.7   1.7   1.9   5.4   6.1   6.1   5.7   5.3   5.2   4.8   4.1   3.4   2.6   1.6   1.9   1.7   1.7   1.7   2.0   1.8   1.8   1.8   5.5   6.1   5.8   5.6   5.4   4.7   4.6   4.3   3.2   2.3   1.6   1.7   1.8   1.8   1.7   1.9   1.8   1.8   1.7   1.7   1.8   1.8   1.8   2.2   5.8   6.2   5.7   5.7   5.8   5.4   5.3   4.8   4.6   2.5   1.8   1.5   1.7   1.7 
B: 23.8 23.4 24.3 24.3 24.4 23.0 23.0 22.9 22.7 22.9 23.1 23.6 23.8 24.2 24.7 26.5 26.7 27.2 27.3 27.9 28.0 28.4 27.9 29.1 24.7 23.6 23.7 23.3 23.6 24.6 24.5 25.1 25.6 26.8 29.2 29.0 29.1 29.6 29.3 29.9 29.3 29.6 29.5 29.3 29.8 30.1 29.5 29.8 23.4 24.4 23.2 23.9 24.4 24.3 24.3 24.0 24.4 25.5 30.2 30.1 29.8 30.5 30.3 30.2 29.5 29.4 30.3 24.1 23.8 23.8 23.6 23.6 23.6 24.4 24.5 25.2 27.0 30.8 30.1 29.9 30.0 30.4 29.5 30.7 29.6 30.1 23.6 23.8 24.2 24.1 24.5 24.4 24.2 24.4 25.2 27.7 29.6 30.2 29.8 30.7 29.7 29.4 30.3 29.6 30.1 24.2 24.4 23.4 24.3 23.6 23.7 24.2 24.8 25.5 27.5 30.2 30.7 29.8 29.6 29.9 29.3 30.0 29.7 29.6 24.5 24.5 23.8 24.4 23.8 24.3 23.8 25.3 25.9 27.4 30.5 30.3 30.5 29.8 30.7 31.0 30.1 30.4 30.0 24.7 23.9 23.4 23.8 23.5 24.5 24.2 25.2 25.6 27.5 30.2 29.7 30.0 30.2 30.2 30.1 30.5 29.7 29.3 24.6 23.6 24.1 23.9 23.4 24.8 23.9 25.3 25.3 26.9 29.7 28.8 29.6 30.0 29.7 30.7 30.4 30.3 30.3 30.7 30.1 30.3 29.6 29.1 24.3 23.8 24.3 24.0 24.1 23.6 23.9 23.7 24.9 27.1 30.6 30.2 30.3 30.1 
Direction:  {351 189} n {352 188} {353 187} {353 187} {358 182} {355 185} {357 183} {351 189} {357 183} {0 180} {357 183} {0 180} {355 185} {359 181} {358 182} {359 181} n n n {0 180} n n n n n n n n n n n n n n n n n n n n n n n n n n n n n n n n n n n n n n n n n n n n n n n n n n n n n n n n n n n n n n n n n n n n n n n n n n n n n n n n n n n n n n n n n n n n n n n n n n n n n n n n n n n n n n n n n n n n n n n n n n n {38 142} n n n n n n n n n n n n n n n n n n n n n n n n n n n n n n n n n n n n n n n n n n n n n n n n n n n n n n n

54.7: Count:   4.3 (  2.5) A:  15.9 [13-56] B:  25.0 [13-64] Phase: 50% 76 (37.1) Direction:  {32 148}  98% 1 (15.4) Direction:  {0 180}
Phase: {3130,2194,2451,2374,2745,2246,2536,2480,2517,2550,2219,2287,2092,2370,2139,2075,2119,2120,2154,1588,1938,1831,1784,1794,1555,1674,1276,1603,1505,1409,1281,1271,1321,1153,1199,1094,1150,1016,949,1086,996,998,901,995,917,1059,827,975,973,912,799,929,915,838,972,921,979,902,1053,939,1008,1006,1071,1158,956,1093,1023,1164,1093,1126,1137,1095,1365,1335,1264,1228,1175,1471,1217,1311,1166,1297,1404,1253,1305,1232,1364,1283,1277,1045,1717,1132,1171,1264,1421,1138,1132,1227,1090,1199,1047,1101,945,1089,1081,981,918,981,953,757,820,795,779,863,743,805,569,724,673,666,736,562,694,551,518,530,597,483,437,519,445,441,457,421,313,553,340,417,380,353,312,384,321,299,308,324,316,278,295,250,209,265,213,222,167,197,155,210,193,158,145,130,199,155,161,108,100,143,133,104,107,111,119,87,108,82,123,87,97,91,127,77,76,75,106,57,61,54,84,70,67,51,56,55,65,72,40,45,62,58,50,35,48,52,46,61,39,57,46,41,62,32,42,35,28,42,48,42,29,32,37,40,49,36,25,44,34,42,44,65,63,46,40,47,49,54,36,43,36,33,51,41,59,54,28,60,45,47,64,61,41,36,53,61,44,46,70,60,64,81,79,56,67,62,65,70,80,92,80,50,144,69,75,73,112,85,87,88,100,95,77,82,100,115,131,123,109,127,150,97,133,166,134,175,145,212,136,226,160,238,243,191,238,203,262,231,279,265,298,335,273,332,342,381,287,470,328,447,450,470,483,584,542,549,656,687,638,651,771,689,771,910,891,1011,844,1072,940,1137,1187,1220,1374,1188,1653,1657,1591,1786,1587,1970,1800,1752,2000,2070,2140,2023,2279,2170,2679,2226,2461,2066}
Count:   7.3   7.6   8.7   7.6   8.8  11.5  13.2  13.0  12.9  11.9  11.6  11.4  10.5   8.7   7.5   5.9   5.5   5.1   4.3   4.3   4.2   3.9   3.7   3.7   5.6   7.5   7.0   6.7   6.3   6.3   5.3   5.3   4.8   4.0   2.8   2.2   2.2   2.1   2.2   2.2   2.4   2.3   2.2   2.0   1.9   2.1   1.9   2.3   6.7   6.0   6.3   6.2   6.3   5.6   5.6   5.4   4.7   3.5   1.9   2.1   1.9   2.2   2.2   2.0   1.9   2.0   2.2   6.6   6.6   6.7   6.1   5.8   5.7   4.8   4.7   4.3   2.9   2.1   2.3   1.8   1.9   2.0   2.0   2.1   1.8   2.2   6.4   6.0   6.3   6.2   5.9   5.6   4.5   4.6   3.8   2.9   1.9   1.9   1.9   2.2   2.0   1.9   2.0   2.0   2.0   6.6   6.0   6.3   5.9   5.7   5.7   5.1   4.4   3.6   3.1   2.1   1.9   2.0   2.1   2.1   2.0   1.8   1.9   1.9   6.5   6.5   6.5   6.0   6.0   5.5   5.1   4.5   3.7   2.4   2.3   2.1   1.8   2.0   1.8   2.0   1.8   1.9   1.9   6.3   6.2   6.4   6.1   6.0   5.4   5.3   4.5   3.9   2.9   1.7   1.9   1.8   1.9   1.9   1.7   2.0   2.0   2.1   5.9   6.6   6.2   5.9   5.9   5.4   5.1   4.1   3.8   2.7   1.7   2.0   1.8   2.0   1.7   2.0   2.2   1.9   1.9   2.1   1.6   2.0   1.9   2.6   6.4   7.1   6.2   6.4   5.8   5.7   5.7   5.3   4.7   2.9   2.1   2.0   1.9   1.4 
B: 22.6 22.3 23.7 23.4 23.4 22.2 21.9 22.1 22.1 22.7 22.5 22.8 22.7 22.9 23.5 24.9 25.2 25.6 26.4 26.4 26.2 27.1 26.8 27.8 23.9 23.4 23.9 22.9 23.6 23.9 24.2 24.1 25.3 26.5 28.5 28.1 28.9 28.7 28.1 28.0 28.6 28.7 28.4 28.8 29.2 29.1 29.2 29.1 23.8 24.1 23.3 23.8 23.6 24.2 24.2 23.9 24.0 25.4 28.8 29.1 29.0 29.4 29.5 29.9 28.3 29.3 28.8 23.9 24.3 23.3 24.0 23.6 24.0 24.1 24.4 24.4 26.4 29.8 29.1 30.0 28.6 28.1 29.3 28.5 29.1 29.6 23.9 24.0 23.7 23.6 23.5 24.1 23.5 24.2 25.0 26.1 29.0 28.9 29.1 28.7 28.6 29.3 29.5 28.6 28.4 24.3 23.7 23.2 24.2 23.7 24.0 24.5 24.2 24.8 26.9 28.8 28.8 28.8 28.8 28.8 29.3 29.2 28.9 29.0 24.3 24.0 23.7 24.2 24.3 24.1 23.6 24.7 24.2 27.1 29.7 29.0 29.1 29.2 28.7 29.7 29.0 29.7 28.4 24.5 24.7 23.9 24.0 23.7 24.2 23.9 25.1 24.9 26.9 29.0 29.0 29.0 28.7 29.3 29.5 28.6 28.8 29.4 24.4 24.1 24.0 24.1 23.7 24.3 24.0 24.2 25.0 27.0 29.4 29.1 29.0 29.0 28.9 29.2 29.2 29.2 29.6 29.6 29.6 28.4 29.4 27.0 24.0 24.5 23.9 24.0 24.6 23.9 23.8 23.6 24.3 26.4 28.9 30.1 29.1 28.6 
Direction:  n {358 182} {354 186} {353 187} {1 179} {356 184} {355 185} {358 182} {358 182} {0 180} {17 163} {1 179} {2 178} {0 180} {1 179} {3 177} {0 180} {3 177} n n {0 180} {3 177} n n n n n n n n n n n {3 177} n n n n n n n n n n n n n n n n n n {37 143} n n n n n n n n n n n n n n n n {34 146} n n n n n n n n n n n n n n n n n n n n n n n n n n n n n n n n n n n n n n n n n n n n n n n n n n n n n n n n n n n n n n n n n n n n n n n n n {39 141} n n n n n n n n n n n n n n n n n n n n n n n n n n n n n n n n n n n n n n n n n n n {38 142} n {37 143} n n n n n n n n n n

54.8: Count:   4.1 (  2.6) A:  16.0 [13-55] B:  24.6 [13-71] Phase: 54% 79 (38.9) Direction:  {33 147}  94% 1 (15.9) Direction:  {0 180}
Phase: {2985,1973,2304,2128,2681,2168,2230,2192,2246,2389,2147,2153,2093,2296,1968,1984,1877,1911,2102,1659,1659,1652,1609,1498,1447,1431,1225,1473,1289,1327,1182,1161,1191,1002,984,961,1089,911,877,931,914,837,873,919,826,943,762,878,910,886,774,914,836,845,890,903,967,870,1011,884,1138,1006,1047,1151,884,1124,1008,1142,1136,1265,1208,1008,1405,1302,1244,1394,1329,1428,1323,1372,1323,1488,1448,1442,1508,1290,1540,1469,1332,1316,1861,1224,1420,1391,1559,1165,1306,1296,1234,1337,1148,1099,1117,1181,1052,1006,1092,980,1043,817,816,891,898,815,829,823,610,817,696,642,668,591,701,625,568,560,555,605,539,651,459,478,478,491,376,570,399,416,416,448,328,410,279,308,346,312,335,293,337,259,303,262,235,248,176,237,226,199,196,157,157,137,203,181,148,133,134,126,134,113,106,118,144,98,128,84,117,96,66,57,102,62,59,74,86,70,71,55,80,72,44,45,75,81,52,60,56,56,55,44,46,35,34,36,41,42,44,40,46,26,38,31,34,46,58,34,59,38,55,38,48,55,43,39,35,50,51,39,39,42,27,44,42,40,44,42,25,36,39,53,37,68,38,42,26,51,44,45,35,43,48,46,60,47,65,43,56,58,46,60,49,52,67,45,72,54,75,81,54,60,93,79,84,77,98,68,87,74,104,93,107,90,87,116,108,113,122,127,106,115,144,125,120,142,117,163,134,155,178,165,200,183,209,204,198,212,239,231,241,290,270,262,306,316,300,455,302,385,354,421,374,416,459,468,532,529,498,596,627,709,704,812,754,1021,708,956,935,1080,1001,1124,1238,1027,1371,1440,1380,1472,1462,1717,1576,1723,1698,2033,1918,1889,2044,1973,2318,2079,2242,2046}
Count:   7.3   7.1   8.1   7.6   8.8  12.2  13.4  13.0  13.3  11.9  12.0  11.6  10.6   9.1   7.4   6.1   4.9   5.0   4.1   4.8   3.9   3.8   3.3   3.4   5.9   7.4   7.0   6.7   6.1   6.2   5.2   4.9   4.3   3.3   2.3   1.9   2.1   2.0   2.1   1.9   2.0   1.9   2.1   1.7   1.8   2.0   1.8   2.0   6.5   6.2   6.3   6.3   6.5   5.6   5.7   5.4   5.1   3.3   2.0   1.8   1.7   1.8   2.0   1.8   1.8   1.7   1.9   6.7   6.6   6.4   6.1   6.3   5.2   4.8   4.9   4.3   2.9   1.8   1.7   1.8   1.7   1.6   1.7   1.6   1.7   1.8   6.4   6.3   6.4   6.4   5.6   5.3   5.1   4.6   3.4   2.6   1.8   1.5   1.5   1.6   1.9   1.6   1.9   1.7   1.8   6.6   6.3   6.3   5.8   5.6   5.7   5.0   4.4   3.5   2.8   1.7   1.9   1.7   1.9   1.8   1.8   1.5   1.7   1.6   6.6   6.3   6.3   6.1   5.6   5.1   4.9   4.2   3.6   2.3   1.6   1.9   1.6   1.8   1.7   1.9   1.7   1.3   1.6   6.4   6.2   6.4   5.9   5.9   5.3   5.3   4.3   3.8   2.5   1.8   1.8   1.4   1.9   1.6   1.5   1.5   1.6   1.9   6.1   6.4   6.2   5.9   5.5   5.2   5.1   3.9   3.4   2.6   1.8   1.8   1.4   1.8   1.6   1.5   1.7   1.5   1.5   1.6   1.6   1.9   1.4   2.5   6.5   6.8   6.2   6.5   5.5   5.9   5.7   5.2   4.7   2.6   1.7   1.7   1.8   1.4 
B: 21.8 22.1 22.9 22.9 22.7 21.9 21.6 21.5 21.7 21.8 21.9 22.2 22.1 22.2 22.9 24.0 24.3 25.0 25.2 25.1 25.8 25.8 26.4 26.0 23.3 23.2 23.4 22.7 23.4 23.3 23.3 23.6 24.4 25.5 28.0 27.1 27.6 27.2 27.1 27.7 27.1 27.6 27.7 28.3 28.4 28.9 27.9 29.1 23.9 23.8 23.4 23.9 23.6 23.8 24.0 24.0 23.6 25.7 28.4 28.2 28.5 29.0 28.5 29.5 29.0 28.3 28.2 24.2 23.5 23.7 24.2 23.8 24.1 23.2 24.1 23.6 26.3 28.7 28.8 29.2 28.4 28.0 29.4 28.6 29.4 29.2 24.3 23.7 24.0 23.9 23.7 23.4 23.7 24.1 24.4 25.8 29.2 28.6 28.8 28.9 28.8 28.7 28.9 28.1 28.2 24.2 23.4 23.8 23.6 23.6 24.1 23.6 24.0 24.1 25.5 28.2 27.9 28.9 27.9 29.1 27.5 28.5 29.2 28.3 24.4 23.7 23.7 23.8 23.2 24.2 23.3 24.0 23.9 26.9 29.6 28.4 29.3 29.4 28.3 29.4 28.5 28.9 28.0 24.3 24.1 24.3 24.2 23.9 23.6 23.8 24.5 24.2 26.7 28.1 29.5 29.3 28.5 29.8 29.6 29.1 28.7 28.9 24.6 24.3 24.2 23.8 23.7 23.4 23.9 24.1 24.7 26.6 28.6 28.6 28.4 30.2 28.7 29.9 29.4 29.1 29.5 28.8 28.1 29.1 29.2 26.9 24.3 23.9 23.8 24.0 23.9 23.8 23.8 24.3 23.7 26.0 29.2 28.8 29.1 28.6 
Direction:  {357 183} {359 181} {351 189} {350 190} {357 183} {355 185} {353 187} {359 181} {7 173} {5 175} {355 185} {358 182} {0 180} {359 181} n {3 177} {1 179} {359 181} n {358 182} n {359 181} n n n n n n n n n n n n n n n n n n n n n n n n n n {37 143} n {37 143} n {32 148} n n n n n n n n n n n n n n {35 145} n {39 141} n n n n n n n n n n n n n n n n n n {43 137} n n n n n n n n n n n n n n n n {41 139} n n n n n n n n n n n n n n n n n n {38 142} {39 141} {43 137} {40 140} n n n n n n n n n n n n n n n {40 140} n {41 139} n n n n n n n n n n n n n n n n n {35 145} {41 139} n n n n n n n n n n n n n n n n n n n n n {35 145} {40 140} {38 142} {39 141} n {35 145} n n n n n n n n

54.9: Count:   3.4 (  2.6) A:  16.0 [13-64] B:  23.7 [13-64] Phase: 74% 91 (33.2) Direction:  {39 141}  61% 5 (14.9) Direction:  {2 178}  24% 336 (22.8) Direction:  {350 190}  22% 19 (19.1) Direction:  {7 173}  12% 90 (20.6) Direction:  {38 142}
Phase: {1874,1255,1508,1338,1780,1375,1461,1349,1479,1489,1442,1385,1373,1474,1281,1293,1275,1242,1458,1080,1188,1123,1115,1084,970,1006,807,1108,939,951,844,845,796,827,719,712,793,667,617,718,673,677,647,691,641,747,586,652,613,701,651,783,666,671,768,683,664,627,834,726,778,811,852,994,760,997,909,1001,1012,1029,1097,1016,1290,1246,1192,1199,1193,1385,1383,1292,1338,1558,1481,1512,1419,1424,1583,1555,1530,1332,2045,1351,1368,1498,1688,1433,1444,1339,1381,1413,1337,1317,1187,1337,1177,1300,1283,1186,1309,1013,1057,1028,1049,1017,1014,1017,838,1071,956,783,843,802,895,659,759,751,731,603,576,719,625,614,538,617,443,587,433,438,422,377,423,423,345,361,397,365,323,293,327,258,311,286,245,315,232,247,195,203,208,200,227,132,181,189,128,129,135,139,160,102,103,133,129,106,77,98,98,85,77,61,140,62,69,59,89,53,77,44,54,52,54,62,47,61,40,48,47,53,43,33,45,38,43,31,45,29,30,30,33,49,40,37,47,37,31,43,45,47,26,28,28,26,29,29,24,42,23,42,41,31,26,37,36,41,46,23,37,33,34,35,35,46,56,48,48,37,28,25,32,40,46,44,63,61,57,45,43,61,32,42,49,45,38,40,60,60,55,54,59,51,77,51,62,42,67,66,77,77,64,94,82,82,81,70,67,101,82,79,98,86,112,109,119,106,123,128,79,146,109,136,132,128,167,131,166,142,177,143,203,211,183,201,242,211,181,292,209,325,282,287,282,315,304,334,371,332,395,343,381,421,451,451,466,608,420,616,570,686,589,693,773,641,837,886,812,902,900,1096,998,1018,1051,1229,1167,1189,1300,1205,1450,1198,1337,1163}
Count:   6.0   6.2   6.9   6.3   7.4  11.2  12.7  11.7  11.8  10.6  10.1   9.7   8.8   7.3   6.6   5.0   3.6   3.5   2.8   3.0   2.5   2.3   2.2   2.2   4.9   6.8   6.4   6.1   5.6   5.4   4.2   3.9   3.4   2.3   1.2   1.4   1.5   1.2   1.3   1.0   1.1   1.1   1.3   1.0   1.0   1.1   1.1   1.2   6.0   5.6   5.7   5.7   5.7   5.1   5.4   4.7   4.4   2.9   1.2   1.1   1.2   1.2   1.2   1.1   1.1   1.1   1.2   6.1   5.4   5.8   5.6   5.8   4.8   4.9   3.9   3.5   1.9   1.0   1.0   1.2   0.9   1.1   1.2   0.9   0.9   1.1   5.8   5.6   5.9   5.5   5.2   5.2   4.4   3.5   2.8   2.0   1.1   1.0   1.0   1.1   1.0   0.9   1.1   0.8   1.3   5.8   5.6   5.3   5.1   5.6   4.8   4.4   4.0   2.6   1.7   1.1   1.1   0.8   1.2   1.1   1.2   0.9   1.1   1.1   5.9   5.7   5.7   5.8   5.1   4.7   4.7   3.5   2.9   1.7   1.0   1.0   0.9   1.3   1.0   1.2   0.9   0.9   1.1   5.9   5.4   6.0   5.4   5.7   4.7   4.6   3.7   2.7   1.6   1.2   0.9   0.8   1.3   0.9   1.0   0.8   0.9   1.3   5.8   6.1   5.9   5.0   4.9   5.0   4.6   3.3   2.6   1.5   1.1   0.9   1.0   1.1   0.8   0.9   1.2   0.9   0.9   1.0   0.9   1.0   0.8   1.7   5.7   5.8   5.8   6.4   5.3   5.5   4.8   4.7   4.0   2.0   1.1   1.0   0.9   0.9 
B: 21.5 21.5 22.1 22.6 22.2 21.4 21.5 21.2 21.5 21.1 21.3 21.4 22.0 22.3 22.1 23.4 24.3 24.5 24.7 25.2 26.1 25.9 26.5 26.4 22.7 22.2 21.9 22.5 21.8 22.3 22.1 22.4 23.5 24.3 27.8 26.7 28.0 27.6 26.9 27.1 27.0 27.6 27.1 27.6 27.5 27.8 27.3 27.5 23.2 23.0 23.0 22.8 22.7 23.0 23.2 22.9 23.1 24.1 27.9 27.6 27.2 26.5 27.5 28.1 27.5 27.9 28.0 24.0 23.1 23.3 23.3 23.6 22.7 22.6 23.5 22.8 25.5 27.2 29.1 27.7 28.3 28.6 28.3 28.0 27.7 27.7 23.6 23.6 23.5 23.2 23.1 23.0 22.7 23.2 23.1 24.8 29.1 28.5 29.0 27.7 27.4 27.8 28.6 28.9 29.2 24.0 23.5 23.5 23.2 23.2 23.3 22.7 23.3 23.7 24.8 27.3 27.8 27.6 28.0 27.4 28.8 27.1 28.6 28.3 24.0 24.0 23.1 23.3 23.1 23.2 22.3 23.2 22.3 25.0 27.2 28.4 28.9 28.4 28.4 29.1 29.0 27.9 27.1 23.7 23.4 24.1 23.4 23.2 23.5 23.2 23.7 23.2 25.0 27.9 28.2 28.0 28.4 27.9 28.1 28.5 27.7 28.3 24.2 23.3 23.6 23.1 23.1 22.8 22.7 22.9 22.9 25.0 28.3 27.9 28.2 28.2 27.3 27.7 28.3 27.5 28.2 27.4 28.2 28.4 28.5 26.4 23.7 23.9 23.6 23.1 23.4 23.4 23.0 23.3 23.0 23.7 28.0 26.8 29.0 27.0 
Direction:  n n n n {352 188} {2 178} {355 185} {355 185} {353 187} n n {2 178} {11 169} n {357 183} {2 178} n n n n n n n n n {34 146} {38 142} n n n n n n n n n n n n n n n n n n n n n n {40 140} {37 143} n {41 139} {40 140} {38 142} n n n n n n n n n n n n {44 136} n n {34 146} {40 140} n n n n n n n n n n n n n n {40 140} {40 140} n {38 142} {43 137} n n n n n n n n n n n n n n {47 133} {37 143} {40 140} n {41 139} n n n n n n n n n n n n n n {46 134} {33 147} {37 143} {37 143} {38 142} n n n n n n n n n n n n n n {39 141} {37 143} {35 145} n {42 138} n n n n n n n n n n n n n n {37 143} {44 136} {40 140} {43 137} n n n n n n n n n n n n n n n n n n n n {37 143} {42 138} {42 138} {36 144} {37 143} {41 139} n n n n n n n n

55.0: Count:   2.9 (  2.5) A:  16.0 [13-57] B:  23.1 [13-67] Phase: 49% 16 (42.1) Direction:  {6 174}  49% 122 (16.8) Direction:  {57 123}  75% 91 (17.1) Direction:  {39 141}
Phase: {1213,783,1003,891,1008,842,926,875,913,1045,881,871,873,996,873,914,847,853,1000,673,820,775,757,841,722,749,554,852,664,681,637,634,709,588,636,551,616,545,561,619,549,584,553,566,460,648,465,583,545,564,536,609,624,601,660,540,567,601,681,711,663,782,736,772,671,776,828,853,834,847,899,888,1051,1011,1035,1090,1073,1275,1122,1332,1241,1289,1190,1262,1375,1342,1446,1457,1374,1305,2011,1328,1399,1484,1583,1223,1578,1495,1579,1488,1471,1424,1293,1607,1447,1538,1503,1459,1586,1202,1347,1305,1224,1326,1157,1254,1009,1353,1223,1132,1052,1031,1022,846,962,819,925,788,862,849,682,719,784,685,549,644,460,560,472,502,441,538,429,370,339,390,363,320,338,279,295,266,253,283,178,259,213,250,201,177,199,177,180,157,138,145,129,131,117,122,112,146,100,89,91,87,99,77,70,48,141,67,51,74,80,25,37,54,56,46,51,58,32,53,47,43,36,40,47,32,43,56,47,34,21,44,37,46,29,43,37,41,41,34,42,31,31,25,33,20,25,48,30,40,29,45,23,36,24,44,29,30,40,32,42,46,27,33,32,38,27,43,39,48,21,59,36,40,31,49,41,29,62,32,36,44,34,49,45,50,49,57,69,36,64,56,72,58,55,51,75,36,60,44,74,45,92,65,68,66,61,76,72,97,81,86,108,117,95,83,105,77,86,118,96,100,62,125,114,121,113,116,153,131,133,157,127,167,154,167,157,178,157,187,143,213,168,172,231,266,204,219,212,213,282,264,284,259,295,327,305,351,306,355,324,398,361,439,376,468,454,422,572,498,533,591,583,661,554,689,637,794,747,677,786,680,923,826,831,789}
Count:   5.6   5.2   6.1   5.8   6.3  10.6  12.3  11.3  11.0   9.9   9.3   8.8   7.8   6.6   5.4   3.6   2.8   2.8   2.0   2.0   1.8   1.6   1.6   1.6   4.6   6.4   5.9   5.8   4.7   5.0   3.6   3.5   2.5   1.9   0.9   0.9   0.9   0.9   0.8   0.8   0.8   0.7   0.8   0.7   0.7   0.7   0.8   0.8   5.5   5.3   5.4   5.3   5.6   4.6   4.5   4.3   4.5   2.3   0.8   0.8   0.8   0.9   0.8   0.8   0.7   0.7   0.9   5.4   5.0   5.5   5.3   5.1   4.2   4.3   3.5   2.9   1.7   0.7   0.6   0.6   0.6   0.7   0.7   0.6   0.7   0.6   5.6   5.5   5.3   4.9   5.1   4.4   4.3   3.1   2.4   1.4   0.7   0.6   0.5   0.7   0.6   0.6   0.6   0.7   0.7   5.7   5.3   5.2   4.5   5.3   4.1   4.2   3.3   2.4   1.4   0.7   0.6   0.7   0.6   0.6   0.8   0.7   0.6   0.7   5.5   5.5   5.6   4.9   4.9   4.1   4.3   3.2   2.3   1.3   0.6   0.7   0.6   0.6   0.6   0.7   0.5   0.7   0.6   5.6   5.1   5.5   5.0   5.4   4.2   4.1   3.2   2.3   1.4   0.6   0.7   0.6   0.7   0.6   0.7   0.6   0.7   0.6   5.1   5.4   5.4   5.0   4.6   4.3   3.9   2.8   2.6   1.3   0.6   0.6   0.5   0.6   0.6   0.6   0.6   0.7   0.6   0.8   0.6   0.7   0.5   1.3   5.2   5.6   5.5   5.4   4.5   5.1   4.7   4.7   3.6   1.6   0.7   0.5   0.6   0.5 
B: 20.8 21.0 21.6 22.0 21.7 21.0 21.0 20.4 21.2 20.9 20.8 20.8 21.1 21.3 21.4 23.1 23.7 24.1 24.2 24.6 25.3 25.1 25.5 25.3 22.5 21.9 21.8 21.8 21.6 21.8 21.5 21.6 22.0 23.2 25.8 26.8 26.2 26.3 26.6 25.8 26.9 25.6 26.4 26.3 25.7 26.4 26.7 27.1 23.4 23.1 22.9 23.0 22.8 22.7 22.4 22.5 22.4 23.8 26.6 27.2 26.7 26.5 27.1 25.9 26.5 25.9 26.6 24.1 23.2 23.2 23.0 23.1 22.7 22.9 23.8 22.3 24.2 26.9 26.5 27.0 26.7 27.2 27.7 27.0 27.3 25.6 23.9 24.0 22.7 23.3 23.0 23.0 22.9 22.3 21.5 24.2 27.1 26.2 27.3 25.4 25.7 27.5 26.8 26.4 26.7 24.0 23.6 23.4 23.4 22.9 23.1 22.2 22.5 22.4 23.9 26.6 26.3 26.3 26.0 27.5 26.6 25.7 26.8 26.3 24.2 23.7 23.1 23.4 23.1 23.1 22.3 22.7 22.7 24.5 25.7 26.8 26.7 26.8 26.6 26.8 27.1 26.7 27.4 24.5 23.1 23.1 23.2 22.9 22.9 22.4 22.6 23.0 23.9 26.4 26.7 25.6 26.1 26.7 26.8 27.2 26.9 26.8 24.1 23.7 23.3 23.3 22.6 22.8 22.4 22.1 22.5 23.9 26.4 26.6 27.0 26.7 26.7 27.7 28.1 26.7 27.1 26.8 27.6 27.8 27.8 24.5 23.7 23.6 23.6 23.0 23.1 23.1 22.5 22.9 22.2 23.7 26.7 27.2 26.8 26.7 
Direction:  n n n n n n n n n n n n n n n n n n n n n n n n n {38 142} {39 141} {41 139} n n n n n n n n n n n n n n n n n n n n {47 133} {46 134} {42 138} {49 131} {37 143} n n n n n n n n n n n n n n {41 139} {46 134} {47 133} {42 138} {39 141} n n n n n n n n n n n n n n {47 133} {39 141} {39 141} n {47 133} n n n n n n n n n n n n n n {46 134} {42 138} n n n n n n n n n n n n n n n n n {46 134} {49 131} {47 133} {38 142} {37 143} n n n n n n n n n n n n n n {47 133} n {42 138} {47 133} {46 134} n n n n n n n n n n n n n n {38 142} {53 127} {40 140} n n n n n n n n n n n n n n n n n n n n n n {43 137} {51 129} {47 133} n n n n n n n n n n

55.1: Count:   3.1 (  2.5) A:  16.0 [13-56] B:  22.9 [13-64] Phase: 94% 97 (32.3) Direction:  {42 138}  47% 7 (17.8) Direction:  {3 177}  24% 338 (29.3) Direction:  {351 189}  13% 28 (20.9) Direction:  {11 169}
Phase: {1375,813,1060,958,1174,982,947,938,971,1150,977,967,980,1029,983,962,939,994,1054,818,872,891,915,848,816,881,610,899,806,808,773,710,796,642,744,700,660,621,600,656,662,657,673,663,534,795,614,665,657,618,615,722,634,668,683,670,665,648,685,740,698,761,780,777,660,755,870,895,851,944,952,849,1167,1015,1025,983,1014,1209,1060,1074,1052,1309,1252,1220,1304,1198,1399,1395,1364,1197,1756,1152,1333,1383,1507,1298,1399,1357,1512,1442,1405,1503,1418,1536,1324,1371,1432,1425,1561,1198,1327,1337,1219,1362,1162,1158,990,1249,1100,1102,1083,977,1094,894,1016,916,945,762,796,818,683,684,634,689,555,791,545,559,511,602,471,540,436,440,437,368,355,319,364,313,322,292,255,338,197,277,207,230,199,176,187,185,211,190,158,145,136,152,116,155,128,144,129,134,108,112,130,91,82,77,109,67,50,70,76,74,68,63,73,44,50,54,59,68,52,43,49,36,68,62,47,49,51,61,52,56,33,41,35,27,44,41,43,32,40,26,49,43,39,40,24,31,33,24,40,46,37,38,35,39,31,32,30,36,46,44,46,37,59,32,42,32,58,42,33,33,39,52,38,39,41,14,39,53,33,59,54,44,61,27,44,52,49,56,60,58,63,50,65,61,84,43,68,70,98,83,76,59,65,64,65,76,91,88,98,83,89,116,117,81,81,129,82,100,91,151,115,143,129,160,150,158,186,163,164,168,165,201,185,195,187,223,215,193,192,294,260,277,304,257,277,332,321,342,389,319,346,320,395,419,448,400,455,530,416,498,490,577,585,660,516,523,770,616,673,705,727,779,776,723,797,927,919,836,847,903,1070,804,923,802}
Count:   6.0   5.8   6.2   6.0   7.1  10.6  12.2  11.7  11.2  10.4   9.9   9.6   8.4   7.2   5.8   3.8   3.5   3.2   2.6   2.5   2.1   2.1   1.9   1.7   5.1   6.3   6.1   5.7   4.9   5.6   4.3   3.7   2.7   1.9   1.3   1.2   1.2   1.1   1.1   0.9   1.0   0.9   0.8   1.0   1.0   1.0   0.9   0.9   5.9   5.3   5.7   5.3   5.6   4.5   4.9   4.4   4.4   2.5   1.0   1.1   0.8   0.9   0.9   0.8   1.0   0.9   0.8   5.6   5.3   5.6   5.2   5.1   4.1   4.2   3.5   3.0   1.9   0.9   0.9   0.7   0.7   0.9   0.9   0.9   0.9   0.9   5.8   5.3   5.4   4.8   5.3   4.6   4.1   3.3   2.6   1.4   0.9   0.9   0.8   1.0   0.6   0.7   0.7   0.8   0.8   5.8   5.2   5.3   4.9   5.2   4.3   4.2   3.3   2.5   1.6   0.9   0.7   0.9   0.9   0.9   1.0   0.9   0.8   0.8   5.7   5.9   5.2   4.8   4.9   4.4   4.2   3.2   2.5   1.1   0.9   0.9   0.7   0.7   0.8   0.8   0.9   0.8   0.9   5.4   5.2   5.5   5.0   5.3   4.1   4.2   3.6   2.5   1.4   0.6   0.9   0.9   0.9   0.8   0.9   0.9   0.9   0.9   5.1   5.4   5.6   4.9   4.7   4.5   4.0   2.9   2.6   1.4   0.9   0.7   0.9   0.8   0.8   0.7   0.8   0.7   0.7   0.9   0.9   0.9   0.8   1.6   5.6   5.5   5.6   5.2   4.6   5.2   4.6   4.8   4.0   1.7   0.8   0.7   0.7   0.7 
Direction:  n n n n n n n n n n n n n n n n n n n n n n n n n n n n n n n n n n n n n n n n n n n n n n n n {46 134} n n {42 138} {44 136} n {47 133} n n n n n n n n n n n n {40 140} n {44 136} n n n n n n n n n n n n n n n n {37 143} n n n n n n n n n n n n n n n n n n {45 135} n {41 139} n n n n n n n n n n n n n n n n n {44 136} n {44 136} n n n n n n n n n n n n n n n {39 141} n {47 133} n n n n n n n n n n n n n n n n {48 132} {45 135} {48 132} n n n n n n n n n n n n n n n n n n n n n {47 133} {43 137} {38 142} n n n n n n n n n n n

55.2: Count:   3.8 (  2.6) A:  15.9 [13-51] B:  22.5 [13-64] Phase: 100% 41 (53.5) Direction:  {16 164}
Phase: {2457,1366,1556,1588,2059,1357,1702,1505,1803,1689,1401,1643,1464,1667,1398,1426,1490,1446,1570,1167,1390,1275,1206,1358,1207,1259,1035,1314,1214,1143,1111,1027,1041,962,993,945,955,909,923,1001,957,933,954,803,774,1037,685,830,790,887,847,933,865,867,866,821,830,817,979,917,946,949,1018,1078,924,1145,1017,1087,1161,1135,1173,1022,1291,1226,1317,1225,1177,1363,1205,1336,1348,1318,1418,1325,1348,1306,1437,1300,1293,1159,1863,1173,1345,1331,1448,1279,1238,1233,1281,1321,1262,1264,1117,1410,1146,1202,1130,1121,1297,924,1076,987,1008,988,929,1004,714,989,950,913,861,838,816,706,726,743,669,652,675,653,690,567,534,504,466,578,464,519,508,474,383,446,376,384,396,376,343,294,367,321,314,326,280,304,234,281,231,243,226,224,203,150,198,144,153,195,143,173,184,134,135,139,146,131,121,79,132,115,97,88,179,103,106,92,128,59,84,74,57,80,63,54,49,71,69,88,71,55,53,63,56,58,51,66,42,55,32,53,37,62,53,35,50,60,39,48,36,43,36,44,34,48,48,38,30,58,34,34,39,52,42,45,41,47,50,37,38,38,50,43,47,66,51,45,37,29,44,45,41,72,30,40,65,35,57,65,33,48,47,56,54,47,62,46,69,71,59,69,69,53,114,71,74,94,97,92,73,82,100,92,96,121,126,117,98,98,110,91,134,105,120,139,158,128,128,148,163,167,163,156,167,204,239,161,232,258,282,273,286,336,304,320,331,344,304,521,364,443,441,476,488,614,465,482,594,600,625,570,797,688,772,954,805,1057,694,1035,892,1010,1034,1124,1156,950,1386,1280,1221,1268,1214,1403,1307,1273,1356,1590,1609,1412,1506,1318,2010,1526,1489,1356}
Count:   7.1   7.5   8.0   7.1   8.4  12.0  13.7  13.4  13.0  12.2  11.9  11.3  10.5   9.1   7.0   5.4   4.9   4.9   4.0   4.1   3.6   3.4   3.2   3.0   6.2   6.6   7.1   6.5   5.9   6.0   5.4   4.7   3.6   3.0   1.9   2.0   2.2   2.0   1.9   1.6   1.6   1.7   1.7   1.8   1.6   1.7   1.8   1.6   6.6   5.7   6.0   5.7   6.2   5.3   5.5   4.7   4.9   3.0   1.6   1.6   1.6   1.7   1.5   1.5   1.4   1.5   1.4   6.2   5.8   5.8   5.4   5.4   5.1   5.1   4.1   3.8   2.3   1.6   1.5   1.3   1.2   1.5   1.5   1.4   1.4   1.5   6.1   5.6   5.8   5.1   5.5   5.2   4.6   3.9   3.6   2.3   1.5   1.5   1.4   1.5   1.4   1.5   1.4   1.6   1.5   6.2   5.5   5.7   5.3   5.7   4.8   4.6   4.1   3.1   2.3   1.5   1.5   1.7   1.6   1.7   1.6   1.2   1.4   1.4   6.1   6.3   5.7   5.4   5.6   4.8   5.0   3.9   3.3   1.9   1.4   1.5   1.6   1.5   1.4   1.5   1.4   1.4   1.6   6.0   5.6   5.9   5.2   5.6   4.7   4.6   4.1   3.3   2.2   1.5   1.5   1.6   1.6   1.5   1.5   1.3   1.3   1.6   6.0   6.5   5.6   5.2   5.3   4.7   4.6   3.6   3.3   2.1   1.5   1.3   1.5   1.5   1.4   1.3   1.3   1.4   1.2   1.6   1.4   1.5   1.5   2.2   5.8   5.7   6.0   6.1   5.6   5.6   5.2   4.9   4.4   2.4   1.4   1.3   1.3   1.5 
Direction:  n {359 181} {356 184} n {359 181} {1 179} {3 177} {358 182} {4 176} {2 178} {7 173} {353 187} {353 187} {0 180} n {356 184} n {0 180} n {359 181} n n n n n n n n n n n n n n n n n n n n n n n n n n n n {46 134} n {40 140} n n n n n n n n n n n n n n n n {41 139} n n n n n n n n n n n n n n n n n n n n n n n n n n n n n n n n n n n n n {36 144} n n n n n n n n n n n n n n n n n n n {41 139} {37 143} n n n n n n n n n n n n n n n n {38 142} n n n {40 140} n n n n n n n n n n n n n n {35 145} {40 140} n n n n n n n n n n n n n n n n n n n n n n n {39 141} n n n {34 146} n n n n n n n n

55.3: Count:   3.6 (  2.8) A:  16.0 [13-51] B:  22.7 [13-65] Phase: 100% 47 (54.8) Direction:  {19 161}
Phase: {2006,1148,1567,1271,1810,1295,1514,1386,1524,1617,1331,1476,1504,1522,1355,1355,1432,1408,1578,1130,1338,1271,1259,1286,1126,1296,976,1299,1146,1074,1114,1137,1182,902,882,984,1063,924,786,938,865,874,913,934,753,1048,853,966,850,929,871,1035,889,941,1002,937,987,944,1138,1017,1148,1074,1177,1316,1054,1252,1199,1266,1278,1431,1343,1213,1524,1429,1510,1372,1433,1647,1392,1445,1424,1558,1488,1486,1417,1357,1546,1390,1400,1171,1697,1117,1363,1221,1352,1155,1204,1150,1194,1233,1064,1060,992,1183,925,1016,978,982,1008,769,876,899,842,850,763,879,652,884,783,799,741,658,618,546,578,641,554,531,497,597,446,507,468,424,364,525,355,431,414,381,383,398,333,368,362,322,368,324,324,272,277,283,300,338,231,257,244,252,226,256,245,182,231,208,200,190,148,205,174,180,176,134,174,132,162,122,181,141,99,84,174,84,111,101,118,72,77,88,105,94,47,72,73,71,79,63,56,64,70,73,69,72,56,45,69,57,29,48,38,59,42,44,68,42,33,32,38,46,36,37,30,32,25,45,29,60,46,30,54,42,57,47,37,38,36,32,33,31,42,44,45,37,26,47,25,40,48,46,51,44,43,49,70,46,49,56,52,70,38,59,54,85,64,52,40,40,86,56,39,79,87,54,69,99,94,66,102,90,97,92,80,97,84,102,108,86,92,104,123,98,117,125,115,154,135,148,110,158,171,170,208,156,171,164,232,184,203,202,243,277,218,246,246,303,221,418,306,360,350,377,384,435,451,443,452,453,538,463,639,560,575,593,625,714,546,747,699,779,740,868,825,731,1096,957,913,1049,1039,1241,1070,1143,1188,1267,1290,1255,1290,1176,1631,1243,1397,1172}
Count:   6.8   7.8   8.3   8.0   8.2  12.6  14.3  13.8  13.1  12.2  12.2  12.0  11.0   9.3   7.3   5.3   5.0   4.6   4.1   3.9   3.5   3.2   3.1   2.7   6.1   6.8   6.6   5.9   5.5   5.6   5.2   4.2   3.6   2.7   1.7   1.8   1.6   1.5   1.7   1.4   1.6   1.4   1.4   1.3   1.5   1.3   1.4   1.4   6.3   5.6   5.2   5.0   5.5   5.5   5.0   4.7   4.6   3.0   1.4   1.4   1.3   1.4   1.2   1.2   1.2   1.1   1.3   5.4   5.3   5.4   5.4   5.6   5.2   4.7   3.9   3.8   2.0   1.2   1.2   1.0   1.1   1.2   1.4   1.1   1.2   1.2   5.6   5.9   5.7   4.8   5.0   4.8   4.3   3.6   3.4   1.7   1.0   1.0   1.1   1.1   1.1   1.1   1.4   1.2   1.0   6.0   5.0   5.1   4.9   5.1   4.3   4.4   3.7   3.0   2.3   1.2   1.2   1.2   1.3   1.4   1.3   1.1   1.2   1.2   6.0   6.0   5.4   5.1   4.9   4.9   4.5   3.9   3.4   1.8   1.0   1.3   1.2   1.2   1.1   1.2   1.1   1.1   1.3   5.6   5.7   5.4   5.0   5.3   4.2   4.3   3.7   3.4   2.0   1.2   1.2   1.4   1.3   1.1   1.3   1.1   1.3   1.1   5.5   5.9   5.6   4.9   5.0   4.6   4.3   3.7   2.9   1.9   1.0   1.2   1.2   1.1   1.0   1.1   1.1   1.1   1.1   1.0   1.1   1.1   1.0   1.8   5.8   5.4   5.5   5.9   4.8   5.4   4.9   4.5   4.3   2.2   1.1   1.1   1.0   1.2 
Direction:  n {359 181} {0 180} {357 183} {359 181} {353 187} {356 184} {355 185} {5 175} {352 188} {0 180} {357 183} {359 181} {357 183} {356 184} n n n n n n n n n n n {29 151} n n n n n n n n n n n n n n n n n n n n n {33 147} n n n n n n n n n n n n n n n n n n n n {40 140} n n n n n n n n n n n n n n n n n n n n n n n n n n n n n n n n n n n n n n n n n n n n n n n n n n n n n n {35 145} {38 142} n n n n n n n n n n n n n n n n n n {39 141} n n n n n n n n n n n n n n n n n n {32 148} n {39 141} n n n n n n n n n n n n n n n n n n n n {46 134} n n {36 144} n n n n n n n n n n

55.4: Count:   2.8 (  2.5) A:  15.9 [13-56] B:  22.3 [13-74] Phase: 52% 23 (42.7) Direction:  {9 171}  87% 96 (18.6) Direction:  {41 139}
Phase: {1173,628,730,798,965,695,813,736,831,900,734,870,785,845,744,797,689,791,882,608,752,697,746,762,677,733,573,781,722,720,637,633,737,588,611,568,653,575,535,672,565,667,551,643,500,698,545,702,620,659,620,756,625,642,744,770,728,664,893,782,826,889,879,983,795,1023,872,1038,1018,1078,1096,964,1310,1201,1207,1194,1287,1435,1276,1280,1284,1450,1402,1410,1483,1363,1560,1555,1401,1265,1896,1234,1336,1397,1468,1295,1335,1286,1297,1370,1224,1253,1241,1263,1059,1116,1110,1084,1229,874,1024,923,962,914,918,968,756,951,821,803,787,644,824,630,632,678,729,648,607,602,535,554,550,530,412,578,372,465,455,484,363,418,374,372,382,316,337,281,326,235,311,247,262,283,210,250,190,248,217,192,197,137,218,147,147,130,127,185,140,156,112,120,105,120,109,87,115,99,78,66,161,66,69,60,89,65,53,60,66,53,58,64,43,54,49,57,54,48,42,49,34,56,43,37,44,57,28,41,38,33,33,35,40,34,30,48,47,33,37,40,38,35,30,39,38,35,25,13,50,40,36,37,46,27,35,20,29,35,40,20,45,41,27,46,20,26,36,41,22,35,35,48,44,38,39,42,32,64,56,42,33,27,44,35,67,31,54,55,65,39,98,70,54,78,55,49,68,42,74,74,64,73,88,88,101,78,55,79,96,69,94,76,103,96,101,113,67,137,104,118,112,128,148,86,131,109,170,140,141,189,180,210,171,176,210,253,173,263,268,215,226,314,250,259,287,269,334,282,349,290,321,385,365,447,293,423,426,465,438,492,518,455,607,545,539,512,586,745,575,611,618,734,821,634,685,605,940,708,742,595}
Count:   5.7   6.1   6.3   5.6   6.7  10.8  12.3  12.0  11.2  10.7  10.1  10.1   9.1   7.3   5.6   3.7   3.3   2.8   2.5   2.4   2.0   1.8   1.7   1.5   5.3   5.8   5.8   5.3   4.9   4.8   4.4   3.3   2.7   1.8   1.0   0.9   0.9   0.9   0.9   0.7   0.8   0.6   0.8   0.7   0.8   0.6   0.7   0.6   5.2   4.7   4.8   4.1   4.4   4.8   4.1   4.0   3.6   2.0   0.8   0.7   0.7   0.7   0.6   0.6   0.4   0.5   0.8   4.9   4.5   4.9   4.4   4.3   4.0   4.1   3.8   2.9   1.4   0.6   0.5   0.6   0.6   0.6   0.7   0.6   0.6   0.6   4.9   5.2   5.0   4.1   4.3   4.2   3.8   2.8   2.6   1.2   0.8   0.5   0.6   0.6   0.6   0.5   0.6   0.6   0.5   5.3   4.6   4.3   4.1   4.5   3.7   3.7   3.0   2.4   1.5   0.7   0.7   0.6   0.6   0.7   0.7   0.6   0.6   0.5   4.6   4.9   4.9   4.0   4.3   3.9   3.8   3.2   2.6   1.1   0.5   0.7   0.6   0.6   0.6   0.6   0.5   0.7   0.6   4.6   4.5   4.6   4.8   4.4   3.6   3.9   3.2   2.6   1.3   0.7   0.6   0.8   0.7   0.6   0.7   0.7   0.6   0.5   4.7   4.8   4.7   4.6   4.0   4.1   3.5   2.9   2.2   1.4   0.6   0.5   0.6   0.6   0.4   0.5   0.5   0.5   0.5   0.5   0.6   0.6   0.5   1.1   5.0   4.4   4.7   5.0   4.0   4.3   4.4   3.7   3.6   1.7   0.6   0.5   0.5   0.5 
Direction:  n n n n n n n {37 143} n n n n n n n n n n n n n n n n n n n n n n n n n n n n n n n n n n n n n n n n {38 142} n n n n n n n n n n n n n n n n n n {39 141} n n {37 143} n n n n n n n n n n n n n n n n {36 144} n n n n n n n n n n n n n n n n n {35 145} n n {42 138} n n n n n n n n n n n n n n n {41 139} {37 143} {36 144} n n n n n n n n n n n n n n n n n n n {40 140} n n n n n n n n n n n n n n n n {38 142} n {40 140} n n n n n n n n n n n n n n n n n n n n {33 147} n n n n n {37 143} n n n n n n n

55.5: Count:   2.1 (  2.2) A:  15.8 [13-53] B:  22.5 [13-76] Phase: 81% 94 (27.7) Direction:  {40 140}  16% 109 (18.1) Direction:  {48 132}
Phase: {375,186,276,238,355,221,272,232,258,302,297,301,244,306,335,271,293,260,322,267,305,225,307,339,276,243,245,340,280,312,302,288,294,285,264,290,320,326,310,352,288,286,325,309,277,448,274,343,316,347,368,517,386,360,396,451,450,437,493,475,513,535,556,585,478,703,691,687,722,706,732,690,924,874,890,1008,928,1010,1027,1050,1030,1108,1107,1192,1248,1210,1436,1346,1289,1258,1753,1251,1393,1365,1554,1379,1444,1478,1456,1520,1363,1490,1335,1498,1253,1384,1290,1322,1380,1104,1209,1116,1135,1184,1104,1232,911,1178,1061,988,1001,960,946,852,755,836,767,746,644,751,594,581,544,575,509,612,406,504,475,417,387,394,346,353,373,272,281,227,273,279,248,223,227,214,162,203,136,190,129,143,120,116,156,140,101,92,83,137,100,87,85,74,74,68,61,66,97,60,45,63,83,35,47,40,65,34,38,57,54,47,42,34,37,41,29,39,32,41,34,28,29,39,26,34,27,34,26,39,32,45,38,15,27,31,26,43,20,30,19,39,22,35,34,34,18,26,33,36,25,30,24,31,37,19,28,24,29,35,28,39,37,35,36,26,26,35,42,35,30,47,34,35,36,29,29,34,34,38,29,36,27,34,42,51,41,40,80,26,42,34,91,47,48,32,56,41,60,37,60,49,35,54,58,70,74,46,74,55,69,57,61,47,75,62,77,71,61,83,63,73,73,78,93,63,71,81,112,80,103,108,94,103,121,108,81,121,104,111,119,109,97,126,131,111,122,122,123,124,165,164,145,174,154,218,126,149,181,191,197,186,180,146,202,187,198,218,196,246,197,218,189,231,230,265,221,231,344,236,234,220}
Count:   4.1   3.9   4.4   4.3   4.7   9.2  10.6  10.3   9.4   9.1   8.5   8.0   6.1   5.7   4.1   2.1   1.7   1.4   1.0   0.9   0.8   0.9   0.6   0.5   3.9   4.8   4.5   4.0   4.0   3.5   3.7   2.5   1.8   1.2   0.3   0.3   0.3   0.2   0.3   0.2   0.3   0.2   0.2   0.2   0.2   0.2   0.2   0.2   4.3   4.0   3.8   3.5   3.7   3.9   3.7   3.3   2.9   1.3   0.2   0.2   0.2   0.2   0.2   0.2   0.2   0.2   0.1   4.3   3.9   4.2   3.7   3.7   3.1   3.3   2.7   2.4   0.9   0.2   0.2   0.1   0.2   0.2   0.2   0.1   0.2   0.3   3.7   4.2   4.0   3.4   3.6   3.5   2.9   2.3   2.0   0.7   0.2   0.1   0.2   0.1   0.2   0.1   0.2   0.2   0.2   4.0   3.9   3.8   3.8   3.9   2.7   2.8   2.4   1.7   0.9   0.2   0.2   0.2   0.2   0.2   0.2   0.1   0.2   0.3   3.6   4.0   4.5   3.6   3.7   3.5   3.2   2.3   1.8   0.6   0.2   0.2   0.1   0.2   0.2   0.2   0.2   0.2   0.2   3.7   4.1   3.7   4.1   3.6   3.0   2.9   2.5   1.8   0.8   0.2   0.1   0.2   0.1   0.2   0.2   0.1   0.2   0.2   3.7   4.0   3.9   3.8   3.4   3.1   2.8   2.5   1.6   0.8   0.2   0.2   0.2   0.2   0.2   0.1   0.2   0.2   0.1   0.2   0.2   0.2   0.2   0.6   4.3   3.6   3.8   4.1   3.8   3.3   3.5   2.9   2.7   1.2   0.2   0.2   0.1   0.1 
Direction:  n n n n n n n n n n n n n n n n n n n n n n n n n n {44 136} n n n {38 142} n n n n n n n n n n n n n n n n n {39 141} {42 138} n n {44 136} n n n n n n n n n n n n n n {41 139} n {47 133} n n n n n n n n n n n n n n n n n {42 138} n n n n n n n n n n n n n n n n n n n n n {37 143} n n n n n n n n n n n n n n n {41 139} {41 139} n n n {43 137} n n n n n n n n n n n n n n n n {44 136} n n n n n n n n n n n n n n n n n {43 137} n n n n n n n n n n n n n n n n n n n n {38 142} n n n n n n n n n n n n n

55.6: Count:   1.9 (  2.1) A:  15.7 [13-53] B:  22.7 [13-66] Phase: 100% 99 (26.1) Direction:  {42 138}
Phase: {270,123,132,156,193,130,157,143,166,188,163,180,162,212,212,179,192,170,223,154,212,176,201,203,179,218,169,219,191,197,168,224,231,177,207,235,221,184,197,239,223,218,293,251,229,317,265,287,280,313,316,319,308,326,350,328,320,331,415,359,401,446,432,521,447,554,522,579,634,623,713,595,783,781,780,813,808,960,889,1022,997,1112,1012,1114,1214,1017,1409,1279,1278,1180,1884,1308,1347,1396,1596,1354,1551,1501,1469,1488,1322,1447,1273,1437,1367,1321,1364,1407,1415,1132,1250,1255,1213,1159,1154,1104,957,1134,1052,1022,1009,916,997,780,848,778,772,739,687,681,565,671,554,583,494,542,442,491,451,409,356,425,290,304,327,291,278,257,304,227,236,228,199,209,165,215,157,166,121,161,138,115,125,120,93,75,65,81,91,82,97,76,93,67,67,75,93,64,42,37,86,47,44,42,53,38,42,33,50,41,47,36,38,69,38,28,46,23,36,24,53,31,18,46,22,34,30,40,20,33,30,36,31,26,29,28,26,23,19,24,35,19,28,21,27,33,32,24,25,34,20,30,21,40,32,37,27,28,41,28,34,27,42,38,33,18,39,34,37,30,35,27,42,49,25,37,26,33,38,42,35,41,43,43,30,44,32,40,36,25,58,39,31,68,54,39,39,40,70,56,37,33,49,75,51,75,54,42,75,48,71,60,74,90,75,82,44,86,70,61,76,47,78,76,73,77,63,82,66,86,69,78,90,97,62,103,48,101,86,83,78,106,101,124,100,106,118,98,131,95,110,116,120,120,89,108,125,137,103,129,135,103,172,106,123,127,141,150,118,156,153,164,172,149,168,136,199,172,131,134}
Count:   3.6   3.6   4.1   3.8   4.1   8.7   9.6   9.7   9.0   9.3   8.2   7.4   6.2   5.1   3.7   1.6   1.2   0.9   0.7   0.6   0.5   0.5   0.3   0.3   3.6   4.6   4.0   3.4   3.5   3.4   3.4   2.5   2.0   1.1   0.2   0.2   0.2   0.2   0.1   0.1   0.2   0.2   0.2   0.1   0.1   0.1   0.2   0.2   4.0   3.9   3.7   3.1   3.3   3.5   3.3   2.8   2.6   1.2   0.1   0.1   0.1   0.1   0.1   0.2   0.1   0.1   0.1   3.8   3.5   3.8   3.6   3.4   2.9   3.1   2.6   2.2   0.7   0.1   0.1   0.1   0.1   0.1   0.2   0.1   0.1   0.1   3.3   3.6   3.8   3.0   3.1   2.9   2.7   2.3   2.0   0.7   0.1   0.1   0.1   0.1   0.1   0.1   0.1   0.1   0.2   3.5   3.5   3.7   3.5   3.5   2.6   2.6   2.3   1.7   0.7   0.2   0.1   0.1   0.1   0.1   0.1   0.1   0.1   0.2   3.5   3.4   3.8   3.4   3.0   3.0   3.0   2.2   1.8   0.7   0.1   0.1   0.1   0.1   0.1   0.1   0.1   0.1   0.1   3.3   3.8   3.0   3.6   3.4   3.1   2.7   2.4   1.9   0.8   0.1   0.1   0.1   0.1   0.1   0.1   0.1   0.1   0.1   3.4   3.7   3.4   3.5   3.2   3.1   2.6   2.3   1.6   0.8   0.1   0.1   0.1   0.1   0.1   0.1   0.1   0.1   0.1   0.1   0.1   0.1   0.1   0.4   4.1   3.1   3.3   3.5   3.5   3.0   3.4   2.7   3.1   1.1   0.1   0.1   0.1   0.1 
B: 17.9 17.9 18.7 18.6 18.5 19.8 19.8 19.6 19.4 19.4 19.8 19.6 19.4 19.4 19.0 19.2 19.4 20.1 19.8 19.8 19.6 20.5 20.3 19.8 23.2 23.0 22.9 21.9 21.8 22.0 22.2 20.9 20.7 20.7 20.1 20.6 19.0 21.2 22.3 21.4 20.2 21.2 21.2 20.9 19.4 21.7 23.9 31.3 26.2 24.8 24.9 24.2 24.3 24.7 24.0 23.0 22.9 22.7 20.0 23.7 22.0 22.2 23.1 20.4 21.3 19.2 21.2 26.2 24.7 24.8 24.7 24.6 23.5 24.0 23.4 22.4 23.1 21.7 23.2 19.7 20.8 22.7 21.6 20.5 21.3 19.9 24.2 24.6 25.4 23.8 24.4 24.7 23.2 22.5 21.6 21.9 19.0 22.9 20.5 21.7 22.2 22.5 18.1 19.9 22.3 25.7 24.8 24.8 24.7 24.3 23.9 23.0 22.7 21.3 20.9 20.1 20.1 21.0 22.8 22.1 21.0 21.0 21.9 26.1 24.7 25.6 25.0 24.7 24.7 24.1 23.4 23.0 22.0 21.2 19.6 22.1 21.3 22.2 21.6 19.6 22.2 23.2 21.6 25.7 24.5 24.9 24.4 25.0 23.8 23.2 22.4 20.7 20.8 20.2 23.5 22.8 22.8 21.6 21.4 18.6 18.8 21.6 25.2 24.7 24.6 24.8 25.1 24.0 23.2 22.4 22.1 20.7 21.0 20.5 20.2 22.7 22.5 18.6 18.8 20.5 22.8 19.7 21.2 23.1 22.6 22.9 25.3 24.8 24.1 25.1 24.4 24.2 24.8 24.2 23.6 22.5 20.7 22.2 22.3 20.8 
Direction:  n n n n n n n n n n {41 139} n n n n n n n n n n n n n n n n n n n n n n n n n n n n n n n n n n n n n {39 141} n n n n n n n n n n n n n n n n n n {45 135} n n n {43 137} n n n n n n n n n n n n n n n n {38 142} n n n n n n n n n n n n n n n n n n n {49 131} n n n n n n n n n n n n n n n n {43 137} {40 140} n n n n n n n n n n n n n n n n n n n n n n n n n n n n n n n n n n n n n n n n n n n n n n n n n n n n n n n n n n n {37 143} n {41 139} n {40 140} n n n n n n n n n

55.7: Count:   2.0 (  2.1) A:  15.7 [13-50] B:  22.8 [13-62] Phase: 95% 97 (25.7) Direction:  {41 139}  25% 8 (22.0) Direction:  {3 177}
Phase: {426,257,286,304,392,231,307,280,327,320,248,315,285,346,281,318,310,279,365,268,268,289,301,337,288,305,248,368,261,285,329,322,312,260,292,324,286,313,302,342,303,339,336,375,312,468,349,378,424,368,371,485,416,461,488,497,487,460,583,582,587,607,606,735,515,668,635,775,726,789,744,757,1025,889,866,917,847,1074,917,945,1002,1084,1091,994,1125,1025,1389,1149,1200,1194,1728,1144,1274,1349,1471,1364,1416,1286,1370,1352,1324,1304,1219,1450,1318,1303,1280,1196,1384,1047,1230,1169,1088,1097,1087,1161,873,1054,979,897,958,810,942,694,778,729,701,658,634,613,544,563,532,524,374,575,373,399,420,341,349,374,309,317,288,261,253,201,258,207,218,178,205,193,137,209,137,157,116,131,129,122,172,151,116,128,106,103,81,76,91,88,105,86,69,52,107,64,70,55,100,34,56,60,46,47,34,31,50,30,55,30,41,57,38,27,32,51,53,35,30,40,39,25,39,38,21,25,32,44,23,46,25,33,32,33,26,36,23,33,23,42,28,20,23,28,24,21,40,21,36,29,36,23,43,37,37,18,30,20,31,40,30,46,18,25,33,28,36,44,40,47,44,18,25,45,39,51,16,46,48,39,51,42,35,24,47,56,50,41,82,50,35,58,57,41,50,57,63,55,63,50,62,48,56,45,73,73,64,53,60,79,61,72,53,80,65,95,75,92,78,97,113,100,98,106,88,126,102,95,99,109,94,110,99,169,93,133,132,124,104,176,137,156,161,113,156,141,150,162,204,219,208,191,167,200,182,196,200,181,205,209,247,210,258,233,200,260,234,256,266,285,277,252,274,289,346,256,281,279}
Count:   3.7   4.0   4.6   4.3   4.5   9.1  10.2  10.3   9.4   9.6   8.6   8.3   7.2   6.2   4.5   2.2   1.8   1.5   1.2   1.1   1.0   1.0   0.8   0.7   4.2   4.7   4.3   3.7   3.9   3.4   3.5   2.9   2.4   1.8   0.3   0.4   0.3   0.4   0.3   0.3   0.3   0.3   0.3   0.3   0.2   0.2   0.2   0.4   3.6   3.7   3.5   3.1   3.4   3.4   3.7   3.1   2.5   1.3   0.3   0.3   0.2   0.3   0.3   0.3   0.2   0.3   0.3   3.3   3.7   3.4   3.7   3.5   3.2   3.3   2.9   2.6   0.8   0.2   0.3   0.2   0.2   0.2   0.2   0.2   0.2   0.3   3.4   3.4   3.9   3.0   3.3   3.2   3.0   2.3   2.2   1.0   0.3   0.3   0.2   0.2   0.2   0.2   0.2   0.3   0.3   3.3   3.4   3.4   3.5   3.1   2.6   2.6   2.6   2.2   0.9   0.2   0.2   0.2   0.2   0.2   0.3   0.2   0.2   0.2   3.4   2.9   3.9   3.6   3.3   3.1   3.2   2.5   2.0   1.2   0.3   0.2   0.2   0.2   0.2   0.2   0.1   0.2   0.1   3.4   3.9   3.3   3.6   3.2   3.6   2.6   2.2   2.3   1.1   0.2   0.2   0.2   0.2   0.2   0.2   0.2   0.2   0.2   3.7   3.6   3.1   3.4   3.2   3.3   2.8   2.7   2.0   1.1   0.2   0.2   0.3   0.2   0.3   0.2   0.2   0.2   0.2   0.2   0.2   0.3   0.1   0.6   4.1   3.4   3.1   3.0   4.0   3.5   3.5   2.6   3.0   1.1   0.2   0.2   0.1   0.2 
B: 17.5 17.6 17.7 17.8 17.8 19.7 19.5 19.7 19.4 19.5 19.5 19.6 19.6 19.2 18.9 18.3 18.9 18.6 18.9 19.2 19.9 19.5 18.9 19.1 23.4 23.0 23.2 23.1 22.5 22.7 22.1 21.2 21.1 20.3 19.8 20.7 19.5 19.7 20.8 19.5 21.1 21.4 19.5 20.3 21.9 20.0 21.8 27.5 26.1 24.6 25.3 24.7 24.7 24.2 25.2 24.7 23.7 23.1 21.8 21.8 21.5 23.3 21.1 21.4 21.1 21.4 21.4 24.9 24.9 26.0 26.1 25.0 24.3 24.9 24.1 23.0 21.9 22.7 21.6 21.8 19.9 22.2 23.0 19.1 23.1 21.6 24.0 25.2 25.5 24.5 24.6 24.7 24.3 22.8 23.1 23.0 20.7 22.6 20.6 21.3 20.4 20.7 20.8 19.6 21.7 25.9 25.2 25.6 25.6 25.5 24.7 23.5 23.4 22.4 21.7 21.1 20.3 20.8 21.6 20.6 22.1 21.5 21.0 21.1 24.7 25.4 25.3 25.4 24.6 24.3 24.4 23.6 23.9 22.5 21.3 21.0 23.6 22.1 22.7 21.0 20.4 23.2 20.5 25.8 25.3 25.9 24.6 25.2 25.4 23.9 23.1 22.1 21.6 22.8 19.7 21.9 19.9 20.7 19.0 20.6 22.4 23.1 26.2 25.5 25.0 24.7 25.0 24.3 24.0 23.6 22.7 21.5 20.9 20.5 20.0 21.1 21.6 23.0 22.3 22.5 21.7 22.5 21.3 22.1 21.6 24.7 25.5 25.3 24.8 25.0 25.8 24.8 24.4 24.6 24.1 23.0 21.2 21.0 23.3 22.0 
Direction:  n n n n n n n n n n n n n n n n n n n n n n n n n {40 140} n n n n n n n n n n n n n n n n n n n n n n n n n n n n n n n n n n n n n n n n n n n n n n n n n n n n n n n n n n n n n n {43 137} n n n n n n n n n n n n n n n n n n n n n n n n n n n n n n n n n n n n n n n n n n n n n n n n n n n n n n n n n n n n n n n n n n n n n n n n n n n n n n n n n n n n n n n n n n n n n n n n n {44 136} n n n {39 141} n n n n n n n n n

55.8: Count:   3.9 (  2.6) A:  15.6 [13-48] B:  21.5 [13-68] Phase: 51% 81 (36.6) Direction:  {33 147}  23% 98 (16.8) Direction:  {42 138}  90% 6 (18.9) Direction:  {2 178}
Phase: {3005,1429,1735,1910,2757,1764,1994,1877,2392,2089,1906,2130,1864,2374,1932,2028,1887,1997,2150,1560,1828,1840,1692,1669,1621,1657,1164,1641,1382,1433,1293,1310,1354,1059,1186,1090,1197,904,973,1163,901,940,1030,1026,808,1175,848,920,944,931,860,945,900,819,936,978,982,812,1134,996,1072,1009,1026,1088,890,1059,1016,1111,1193,1071,1166,1024,1343,1393,1319,1355,1261,1470,1287,1352,1429,1520,1436,1439,1488,1458,1613,1420,1498,1372,1987,1318,1521,1490,1668,1393,1474,1483,1574,1449,1470,1408,1352,1433,1364,1398,1385,1290,1333,1137,1244,1227,1123,1115,1076,1009,865,994,847,912,846,768,822,737,669,687,690,670,546,625,483,516,540,503,387,527,372,431,408,329,369,376,316,320,304,266,299,231,291,239,240,222,207,221,172,158,144,156,152,176,139,124,153,134,114,128,101,98,73,70,92,112,80,85,97,63,85,82,64,69,96,54,50,52,72,64,54,41,78,61,50,62,39,52,42,50,46,57,67,33,37,33,54,54,39,54,38,50,49,37,28,32,54,24,33,43,35,54,37,36,22,22,39,38,29,60,33,39,16,32,22,43,23,18,35,41,26,28,37,36,39,37,63,72,21,34,28,33,34,59,29,43,58,59,49,56,49,39,57,28,41,49,57,38,39,55,58,57,41,51,84,29,52,43,97,45,63,67,66,78,59,77,85,77,81,70,73,98,97,65,107,107,104,112,91,122,110,153,129,155,150,140,171,159,173,139,202,214,159,243,160,255,278,264,214,377,173,302,327,399,330,395,351,321,441,398,457,442,532,446,530,580,570,784,468,709,706,752,780,779,874,753,1202,1010,1023,1090,990,1362,1227,1194,1158,1473,1506,1284,1605,1395,2106,1625,1587,1526}
Count:   6.4   7.1   7.7   7.7   8.1  12.5  13.8  13.7  13.5  13.2  12.5  12.2  11.1  10.3   8.2   5.5   5.1   4.4   4.1   4.0   3.9   3.5   3.4   3.2   6.1   6.8   6.3   6.4   6.0   6.5   5.9   5.7   5.0   4.0   2.1   2.3   2.4   2.2   2.2   2.1   2.1   2.1   2.1   2.0   2.0   1.9   1.9   1.7   5.1   5.5   4.9   4.8   4.8   4.9   5.6   5.0   4.6   2.9   1.9   1.8   1.8   2.1   1.8   1.9   1.8   1.5   2.0   4.9   5.2   5.0   5.6   5.0   5.1   4.9   4.6   4.4   2.5   1.7   2.0   1.7   1.7   1.8   1.9   1.6   1.7   2.0   4.9   5.0   5.2   4.9   4.8   4.8   4.8   4.6   4.5   2.8   1.8   1.7   1.7   1.8   1.6   1.7   1.7   1.6   1.8   4.7   5.0   5.4   5.6   4.9   5.0   4.3   4.7   4.3   2.4   1.8   1.7   1.7   1.8   1.9   1.9   1.7   1.6   1.9   5.2   4.8   5.0   5.5   5.2   4.8   4.9   4.4   4.0   3.0   1.8   1.8   1.7   1.7   1.6   1.6   1.6   1.6   1.5   5.1   5.3   5.3   5.1   5.1   5.3   4.8   4.2   4.2   2.9   1.7   1.6   1.6   1.9   1.7   1.5   1.7   1.5   1.8   5.4   5.0   4.9   5.1   5.3   5.1   4.4   4.6   3.9   2.9   1.9   1.9   1.8   1.8   1.7   1.6   1.8   1.7   1.8   1.8   1.8   1.7   1.7   1.9   6.0   5.7   4.6   4.7   5.9   4.9   4.7   4.5   4.8   2.6   1.8   1.7   1.5   1.4 
B: 17.1 17.4 17.7 17.5 17.7 19.3 19.7 19.5 19.6 19.8 19.5 20.0 19.7 19.5 19.1 18.0 18.0 18.0 18.1 18.5 18.4 18.1 18.0 18.3 22.2 22.6 22.3 22.3 22.5 22.3 22.0 21.0 20.6 20.1 18.5 18.3 18.1 18.5 18.4 18.3 18.6 19.1 18.6 18.9 19.2 19.0 18.3 20.3 24.3 24.2 24.0 23.7 24.2 23.7 24.4 23.7 23.3 22.1 19.1 19.1 19.0 19.0 18.7 18.7 18.2 18.5 19.2 23.1 24.9 24.6 25.0 24.0 23.9 23.9 24.1 22.9 21.2 18.9 19.3 18.2 19.5 18.9 19.1 18.9 18.7 19.5 23.5 24.1 25.0 24.3 25.0 23.9 23.8 23.3 22.2 20.9 19.3 18.2 18.9 18.8 18.4 18.5 18.6 19.0 18.3 24.4 24.0 24.7 24.6 24.4 23.7 23.1 23.2 22.3 20.8 18.6 18.7 19.0 19.1 19.1 18.4 19.0 19.2 19.2 24.2 24.3 24.6 24.8 24.4 23.8 23.8 23.1 22.0 22.0 19.1 18.7 18.8 18.9 18.4 19.2 18.9 19.1 18.9 24.7 24.4 24.7 24.4 23.9 24.2 23.5 23.0 22.0 20.7 18.5 18.4 19.5 18.5 19.2 18.7 19.0 19.3 19.0 25.2 24.5 23.7 24.2 24.4 23.7 23.7 23.4 22.7 21.0 18.6 18.4 19.2 18.4 19.2 18.5 18.7 18.5 19.2 18.8 19.1 19.1 17.7 20.1 24.6 24.3 23.6 24.4 25.1 24.5 24.6 23.9 23.8 21.9 19.0 19.1 19.5 19.2 
Direction:  n {3 177} {358 182} {359 181} {359 181} {14 166} {3 177} {6 174} {19 161} {3 177} {16 164} {7 173} {0 180} {4 176} {5 175} {4 176} {359 181} {8 172} n n {4 176} n n n n n n n n n n n n n n n n n n n n n n n n n n n n n n n n n n n n n n n n n n n n n n n {41 139} n {39 141} n n n n n n n n n n n n n n n n {40 140} n n n n n n n n n n n n n n n n n n n n {44 136} n n n n n n n n n n n n n n n n n n n n n n n n n n n n n n n n n n n {42 138} n n n {39 141} n n n n n n n n n n n n n n n n n n n n n n n n n n n n n n n n n n n n n {33 147} {36 144} n n {45 135} n n n n n n n n n

55.9: Count:   7.9 (  3.2) A:  15.8 [13-55] B:  21.0 [13-90] Phase: 97% 16 (19.9) Direction:  {6 174}  34% 86 (13.0) Direction:  {36 144}
Phase: {7056,3894,4663,5099,6372,4775,5676,5908,6502,6499,5707,6453,6117,7246,6229,6636,6484,6827,7315,5330,6325,6177,5878,6086,5289,5781,4307,6012,4977,4988,4627,4219,4739,3651,3921,3693,3853,3377,3017,3475,2817,2900,2745,2722,2219,3037,2176,2353,2269,2166,2093,2214,1834,1952,1935,1798,1717,1782,1890,1704,1755,1693,1765,1931,1470,1743,1598,1751,1679,1675,1638,1463,1831,1758,1595,1700,1620,1928,1629,1729,1666,1824,1764,1677,1776,1642,1969,1832,1787,1548,2224,1526,1868,1574,1958,1595,1766,1486,1629,1722,1467,1541,1416,1548,1388,1352,1294,1299,1328,1116,1139,1196,1073,1151,1083,1045,893,1059,926,913,828,791,836,729,727,722,728,641,635,633,543,530,530,500,405,569,345,435,354,333,350,313,291,275,272,306,269,245,288,231,263,219,207,204,168,242,174,211,176,161,139,114,153,136,125,175,153,151,109,100,112,157,85,96,89,74,118,129,96,73,114,59,104,83,92,57,79,78,80,74,60,68,50,67,64,70,70,56,92,65,68,60,55,86,59,53,56,56,54,46,64,47,57,55,45,41,54,55,38,59,47,49,44,69,29,61,36,79,50,50,29,65,61,37,39,36,59,48,59,41,70,43,49,67,44,68,47,53,60,55,58,48,43,70,60,44,73,76,56,61,63,69,103,45,74,46,115,91,68,66,155,102,77,100,135,105,109,85,119,123,137,98,141,166,146,155,118,151,177,142,162,154,150,192,196,256,177,256,203,319,255,308,351,236,320,361,362,346,346,526,414,473,501,494,448,689,497,624,650,713,633,749,676,735,902,795,825,824,1053,929,1060,1104,1144,1380,1033,1388,1305,1404,1473,1522,1598,1501,2055,1880,1957,2034,2124,2600,2352,2472,2574,2986,3048,2946,3266,3114,4453,3828,3871,3631}
Count:  13.1  13.2  13.6  14.1  14.5  18.3  19.9  19.6  20.3  20.0  19.7  19.1  17.2  16.6  14.0  11.1  11.0  10.0   9.9   9.6   9.2   9.0   8.7   8.6  11.1  11.8  11.3  11.7  10.9  10.7  10.4  10.5  10.3   8.5   6.2   6.1   6.0   6.6   5.9   6.2   6.0   6.3   6.3   6.0   6.6   6.1   5.9   5.5   8.8   9.0   8.7   8.7   8.7   8.6   9.2   8.6   8.6   6.6   5.4   5.4   5.8   5.7   5.6   5.8   5.5   5.3   5.9   8.5   9.2   8.9   9.1   8.6   8.4   8.8   8.3   8.1   6.3   5.3   5.3   5.2   5.3   5.1   5.5   5.3   5.3   6.0   8.7   8.7   8.4   8.5   8.1   8.4   8.1   8.1   8.4   6.7   5.6   5.5   5.4   5.4   5.0   5.2   5.1   4.9   5.2   8.5   8.8   8.6   9.2   8.4   8.5   8.0   8.3   7.5   6.1   5.3   5.2   5.4   5.4   5.2   5.3   5.1   4.7   5.8   9.0   8.3   9.0   8.9   8.8   8.5   8.2   8.4   7.6   6.6   5.7   5.8   5.2   4.7   5.1   4.9   5.3   5.1   4.9   8.1   8.7   8.6   8.5   8.8   9.1   8.9   8.2   8.1   6.9   5.2   4.7   5.1   5.3   5.0   4.8   4.9   4.8   5.5   8.9   8.6   7.9   8.8   9.1   8.4   7.9   8.2   7.8   6.9   5.4   5.7   5.2   5.1   5.4   5.4   5.7   5.4   5.7   5.6   5.3   5.6   5.7   5.9   9.4   9.4   8.0   8.4   9.3   8.9   8.4   8.4   8.7   6.4   5.6   5.2   5.1   4.8 
Direction:  {11 169} {8 172} {2 178} {6 174} {2 178} {6 174} {8 172} {11 169} {5 175} {8 172} {7 173} {8 172} {7 173} {7 173} {3 177} {4 176} {7 173} {5 175} {7 173} {7 173} {7 173} {8 172} {6 174} {8 172} {8 172} {7 173} {8 172} {7 173} {7 173} {6 174} {5 175} {7 173} {7 173} {7 173} {5 175} {7 173} {4 176} {6 174} {7 173} {7 173} {7 173} {7 173} {3 177} {6 174} {2 178} {5 175} {6 174} {6 174} {5 175} {5 175} {10 170} {4 176} {8 172} {7 173} {6 174} {5 175} {6 174} {6 174} {4 176} {3 177} {7 173} {5 175} {2 178} {2 178} {8 172} {3 177} {5 175} {3 177} {3 177} {7 173} {4 176} {6 174} {5 175} {6 174} {5 175} {8 172} {6 174} {6 174} {6 174} {7 173} {5 175} {6 174} {6 174} {6 174} {5 175} {3 177} {4 176} {8 172} {4 176} {4 176} {6 174} {4 176} {3 177} {7 173} {5 175} {7 173} {3 177} {5 175} {6 174} {6 174} {8 172} {5 175} {4 176} {6 174} {4 176} {7 173} {7 173} {4 176} {8 172} {8 172} {6 174} {4 176} {4 176} {6 174} {5 175} {5 175} {4 176} {6 174} {7 173} {4 176} {4 176} {6 174} {5 175} {6 174} {4 176} {7 173} {5 175} {4 176} {8 172} {4 176} {7 173} {4 176} {7 173} {5 175} {4 176} {7 173} {5 175} {4 176} {5 175} {4 176} {7 173} {6 174} {3 177} {7 173} {8 172} {5 175} {5 175} {7 173} {4 176} {6 174} {3 177} {5 175} {2 178} {7 173} {3 177} {5 175} {7 173} {4 176} {7 173} {5 175} {6 174} {5 175} {4 176} {6 174} {8 172} {5 175} {6 174} {6 174} {9 171} {5 175} {6 174} {6 174} {6 174} {3 177} {7 173} {6 174} {6 174} {6 174} {7 173} {4 176} {6 174} {4 176} {3 177} {6 174} {4 176} {4 176} {5 175} {3 177} {4 176} {6 174} {6 174} {3 177} {8 172} {6 174} {11 169} {4 176} {7 173} {7 173} {5 175} {2 178}

56.0: Count:   7.1 (  3.6) A:  15.8 [13-55] B:  21.2 [13-75] Phase: 88% 17 (24.2) Direction:  {7 173}  17% 116 (14.8) Direction:  {51 129}  35% 80 (16.3) Direction:  {32 148}
Phase: {5500,2904,3517,3718,5129,3648,4261,4064,4949,4744,4128,4751,4752,5199,4717,4904,4946,5056,5888,4122,4723,4664,4911,4842,4197,5079,3568,4897,4281,4297,4036,3742,4123,3319,3573,3378,3375,2950,2982,3485,2651,2879,2698,2620,2157,3158,2040,2397,2430,2283,2089,2383,1848,2146,2090,2043,1946,1833,2177,1939,2090,2029,1957,2115,1579,1971,1971,1981,1936,2052,1878,1769,2190,2042,1925,2028,1975,2052,1950,1923,1900,2115,2047,1930,1896,1877,1940,1805,1873,1698,2377,1542,1747,1757,1869,1570,1682,1522,1649,1542,1531,1465,1417,1487,1310,1344,1239,1342,1396,1158,1173,1206,1108,1139,986,1024,794,1089,837,912,949,819,876,785,669,717,741,657,646,708,634,606,533,581,425,585,432,488,476,475,358,389,320,370,366,339,327,326,308,263,298,249,292,277,172,247,219,236,228,198,200,166,192,186,146,133,135,185,146,141,163,126,152,117,110,129,134,115,121,74,144,80,80,92,112,75,83,92,97,95,76,89,69,84,46,75,73,83,62,65,63,55,70,56,50,75,38,77,54,53,49,35,46,38,58,48,62,40,30,54,37,44,46,38,39,74,40,66,54,58,45,46,42,38,42,48,47,51,49,59,57,55,68,85,40,61,41,68,51,55,64,53,50,73,66,45,60,89,58,58,69,84,68,68,71,65,119,67,67,72,179,94,87,89,105,99,100,102,115,143,130,133,125,142,163,133,134,133,167,109,159,168,166,255,187,237,194,264,199,231,267,275,271,295,270,249,292,347,358,405,318,348,401,410,358,563,429,531,548,536,511,675,561,577,641,718,711,650,890,808,812,939,942,1167,794,1144,1056,1183,1200,1247,1356,1171,1778,1547,1641,1658,1690,2162,1933,2087,2158,2468,2584,2447,2601,2497,3608,3048,3065,2760}
Count:  14.0  13.6  13.7  13.9  14.5  18.8  19.5  20.6  20.2  20.5  20.0  19.4  17.7  17.0  13.9  11.1  10.0   9.7   9.6   9.1   8.9   8.3   7.8   7.8  10.5  11.0  10.7  10.9  10.5  10.2  10.1   9.9   9.6   7.8   5.2   5.2   4.9   5.4   4.7   5.0   5.0   5.4   5.0   4.7   4.9   5.2   4.4   4.4   7.9   8.5   7.5   8.5   7.6   7.9   8.5   8.1   7.6   5.5   4.4   4.2   4.5   4.9   4.6   4.7   4.3   4.6   4.8   7.9   8.4   8.0   8.2   8.0   8.0   8.0   7.8   7.6   5.4   4.4   4.1   4.3   4.1   4.0   4.2   4.4   4.2   4.8   7.3   7.6   7.3   7.9   7.4   7.3   7.3   7.7   7.7   5.6   4.4   4.2   3.9   4.1   3.8   4.1   3.8   3.9   3.9   7.7   8.4   8.3   8.4   8.1   8.2   7.6   7.4   7.1   5.2   4.0   4.3   4.0   3.9   4.1   4.1   3.9   3.8   4.6   8.3   7.7   7.4   8.1   8.0   7.7   8.1   7.7   6.8   5.5   4.3   4.7   3.8   3.8   4.0   3.9   4.2   4.0   3.8   7.4   8.5   8.0   8.5   7.7   8.5   8.3   7.8   6.9   6.1   3.9   3.8   4.1   3.8   3.8   3.7   3.6   3.7   3.9   7.9   7.7   7.2   8.2   8.6   7.8   7.0   7.5   6.9   6.2   4.5   4.6   4.3   3.9   4.1   4.3   4.4   4.5   4.5   4.5   3.8   4.1   4.5   4.8   8.6   8.6   7.8   7.3   8.2   8.0   7.8   7.6   8.0   5.4   4.5   4.2   3.7   4.3 
B: 17.4 17.6 17.6 17.6 17.6 19.8 20.0 20.0 20.1 20.4 20.1 20.4 20.3 20.2 19.5 17.8 18.0 18.1 18.1 18.1 17.8 18.1 18.1 18.2 21.8 22.7 21.8 22.3 22.4 22.3 21.9 21.7 21.5 20.8 18.6 18.6 18.4 18.4 18.3 18.6 18.9 18.5 18.4 18.6 18.6 18.8 18.9 19.5 23.9 23.8 24.3 24.3 23.8 23.5 23.4 24.1 23.8 22.2 18.8 18.6 18.6 18.7 18.9 18.8 18.6 18.5 18.7 23.5 24.2 24.3 23.9 23.6 24.0 23.9 23.6 23.5 21.1 18.8 18.4 18.9 18.4 18.7 18.4 19.0 18.3 19.3 23.7 24.6 23.6 24.5 24.2 23.4 23.9 24.1 23.2 21.0 18.6 18.4 18.9 18.5 18.9 18.8 18.5 18.6 18.4 24.2 24.5 24.2 24.6 24.1 24.5 24.0 23.7 22.9 20.5 18.5 18.5 18.6 18.3 18.8 18.1 18.7 18.4 18.8 23.6 24.4 23.7 24.5 25.2 24.2 24.1 23.5 22.6 21.7 18.7 18.6 19.0 18.5 18.4 18.5 18.6 18.5 18.3 24.6 25.3 24.2 24.1 23.5 24.1 23.9 22.6 22.3 21.3 18.8 19.0 18.5 18.2 19.1 18.5 18.7 18.4 18.4 24.1 24.8 23.7 24.2 24.5 23.9 23.5 23.7 22.7 20.8 18.5 18.9 18.5 18.3 18.7 18.9 19.0 18.2 18.8 18.6 18.8 18.5 18.8 19.5 24.8 25.0 24.7 23.7 24.8 23.8 23.9 24.0 24.4 20.4 18.9 18.8 18.6 18.6 
Direction:  {1 179} {9 171} {0 180} {9 171} {6 174} {12 168} {10 170} {4 176} {11 169} {11 169} {15 165} {3 177} {3 177} {7 173} {9 171} {8 172} {7 173} {7 173} {8 172} {6 174} {7 173} {6 174} {5 175} {7 173} {8 172} {5 175} {6 174} {5 175} {7 173} {8 172} {7 173} {7 173} {7 173} {4 176} {10 170} {5 175} {6 174} {3 177} {5 175} {6 174} {7 173} {8 172} {8 172} {10 170} {3 177} {6 174} {3 177} {7 173} n {4 176} {6 174} {33 147} n n {39 141} {3 177} {9 171} n {7 173} {7 173} {9 171} {5 175} {7 173} {9 171} {6 174} {3 177} {8 172} {4 176} {5 175} n {27 153} {33 147} {7 173} {6 174} {8 172} n {4 176} {4 176} {5 175} {7 173} {6 174} {7 173} {5 175} {6 174} {3 177} {5 175} n {32 148} {31 149} {4 176} n {3 177} n n {9 171} {3 177} {4 176} {7 173} {7 173} {5 175} {6 174} {7 173} {6 174} {2 178} {9 171} n n {37 143} n {7 173} {7 173} {4 176} n n n {5 175} {8 172} {7 173} {6 174} {7 173} {6 174} n n {6 174} {5 175} {33 147} {7 173} {7 173} {33 147} n {39 141} {26 154} {7 173} {6 174} {8 172} {7 173} {4 176} {5 175} {7 173} {6 174} {6 174} {6 174} {3 177} {37 143} {32 148} {32 148} {6 174} n {5 175} {9 171} {8 172} {8 172} {3 177} {6 174} {5 175} {2 178} {9 171} {8 172} {8 172} n n {7 173} {7 173} {6 174} n {31 149} n {38 142} {11 169} n n {7 173} {6 174} {3 177} {6 174} {5 175} {9 171} {8 172} {7 173} {6 174} {6 174} {8 172} {5 175} {4 176} {8 172} {5 175} {4 176} {5 175} {27 153} n {38 142} {7 173} {7 173} n {32 148} {8 172} {4 176} {7 173} {7 173} {10 170}

