54.0: Count:   4.7 (  0.4) A:  16.3 [14-38] B:  31.4 [14-74] Phase: 100% 356 (19.8) Direction:  {358 182}
Phase: {6250,4478,4669,4502,4780,4196,4244,4213,4046,3944,3696,3681,3454,3402,3154,3039,2921,3003,2741,2327,2377,2312,2105,1958,1874,1806,1480,1804,1565,1419,1464,1246,1207,1073,1083,1076,997,964,879,816,812,719,708,724,592,694,511,573,525,507,508,468,387,413,433,393,367,341,320,292,339,251,289,273,199,240,220,213,211,201,170,132,171,171,152,158,126,132,113,114,101,93,121,88,77,86,83,75,65,56,98,52,42,49,66,44,40,47,52,33,24,39,22,34,30,23,19,32,23,19,26,19,13,18,33,15,20,21,15,7,7,12,10,6,13,10,12,7,8,9,11,9,8,4,9,10,9,7,8,3,8,6,8,5,2,3,7,5,6,5,1,2,1,1,3,5,2,2,1,3,5,2,5,3,2,3,4,2,5,5,1,0,4,0,1,1,4,1,0,2,2,2,1,2,3,3,3,1,1,6,3,2,2,1,1,2,2,5,5,2,3,3,3,0,4,4,2,5,2,3,5,2,3,1,4,5,4,2,6,2,2,7,2,6,4,3,1,2,4,3,5,11,5,6,4,1,6,2,5,4,1,5,4,3,3,7,9,12,4,6,10,8,8,10,14,9,13,10,9,7,17,12,8,14,13,12,16,14,25,13,31,18,26,10,21,16,28,35,36,27,25,33,41,41,43,52,40,57,51,35,71,79,77,74,93,102,80,129,124,123,146,138,190,190,239,215,275,311,316,366,357,403,451,557,493,661,662,792,837,852,997,1163,1064,1350,1387,1407,1564,1649,1892,1826,2189,2092,2559,2679,2234,2954,2796,3094,3250,3511,3512,3292,4054,4311,4173,4287,4125,4512,4466,4698,4606,4730,5040,4899,4878,4709,5265,4857,4930,4458}
Count:   3.6   3.8   5.0   5.6   5.6   5.8   5.6   5.6   5.3   5.6   5.2   5.1   4.6   4.4   4.8   4.7   4.7   4.4   4.3   4.7   4.9   5.3   5.6   5.5   5.4   5.2   5.2   5.1   5.0   4.6   4.6   4.2   4.5   4.0   4.4   4.0   4.3   4.2   4.6   4.4   4.8   5.4   5.4   5.0   5.2   5.0   5.0   4.9   4.7   4.6   4.4   4.3   4.2   4.5   4.1   4.3   4.1   4.4   4.3   5.1   5.4   5.0   5.2   5.3   4.9   5.1   5.0   4.4   4.5   4.4   4.0   4.4   4.5   4.8   5.1   5.2   5.1   5.1   4.6   4.4   4.3   4.4   4.6   4.4   4.5   4.3   4.5   4.3   4.5   4.1   4.4   4.3   4.7   5.1   5.3   5.0   5.3   4.9   5.1   4.8   4.9   4.8   4.4   4.1   4.4   4.3   4.4   4.3   4.2   4.4   4.3   4.6   5.0   5.0   5.0   5.2   4.9   5.0   4.8   5.0   4.8   4.7   4.4   4.9   4.5   4.6   4.3   4.3   4.2   4.6   4.1   4.6   4.1   4.5   4.0   4.8   4.9   5.3   5.1   5.0   4.9   4.9   4.5   4.9   4.6   4.4   4.5   4.4   4.2   4.2   4.1   4.2   4.1   4.2   4.3   4.3   4.2   4.1   4.4   4.7   5.3   5.1   5.0   5.1   5.0   4.8   5.0   4.6   4.7   4.0   4.6   4.1   4.2   4.5   4.4   4.2   4.2   4.2   4.8   5.1   5.1   5.1   5.2   4.8   4.9   4.8   5.0   4.7   4.5   4.3   4.3   4.3   4.3   4.4   4.2   4.3   4.4   4.4   3.9   4.1 
Direction:  {1 179} {357 183} {357 183} {0 180} {359 181} {0 180} {0 180} {0 180} {359 181} {359 181} {357 183} {0 180} {2 178} {359 181} {359 181} {357 183} {359 181} {359 181} {0 180} {0 180} {0 180} {0 180} {0 180} {357 183} {359 181} {357 183} {359 181} {359 181} {359 181} {0 180} {359 181} {359 181} {0 180} {0 180} {358 182} {356 184} {356 184} {0 180} {359 181} {2 178} {356 184} {359 181} {357 183} {356 184} {356 184} {1 179} {359 181} {0 180} {359 181} {359 181} {355 185} {358 182} {356 184} {359 181} {359 181} {0 180} {356 184} {357 183} {357 183} {358 182} {0 180} {359 181} {353 187} {359 181} {359 181} {359 181} {0 180} {359 181} {358 182} {0 180} {0 180} {358 182} {354 186} {357 183} {359 181} {355 185} {359 181} {357 183} {357 183} {359 181} {359 181} {355 185} {359 181} {0 180} {355 185} {356 184} {0 180} {357 183} {359 181} {0 180} {1 179} {353 187} {359 181} {358 182} {358 182} {359 181} {356 184} {0 180} {0 180} {356 184} {359 181} {357 183} {359 181} {0 180} {355 185} {359 181} {355 185} {357 183} {359 181} {359 181} {359 181} {2 178} {359 181} {0 180} {358 182} {356 184} {354 186} {357 183} {0 180} {0 180} {356 184} {356 184} {0 180} {356 184} {0 180} {356 184} {357 183} {357 183} {359 181} {357 183} {356 184} {357 183} {359 181} {359 181} {0 180} {0 180} {356 184} {359 181} {0 180} {359 181} {356 184} {356 184} {357 183} {358 182} {357 183} {358 182} {359 181} {358 182} {0 180} {359 181} {3 177} {357 183} {358 182} {357 183} {356 184} {353 187} {356 184} {356 184} {357 183} {358 182} {358 182} {359 181} {359 181} {358 182} {358 182} {358 182} {357 183} {356 184} {358 182} {358 182} {357 183} {0 180} {356 184} {357 183} {359 181} {353 187} {1 179} {356 184} {0 180} {359 181} {357 183} {358 182} {1 179} {356 184} {359 181} {359 181} {359 181} {359 181} {358 182} {359 181} {357 183} {358 182} {355 185} {358 182} {356 184} {358 182} {355 185} {357 183} {357 183} {354 186}

54.1: Count:   5.4 (  0.5) A:  16.4 [14-37] B:  31.1 [14-70] Phase: 100% 358 (20.8) Direction:  {359 181}
Phase: {7042,5014,5260,5108,5503,5009,4891,4889,5027,4594,4332,4378,4059,4167,3827,3716,3554,3600,3343,2981,3162,3000,2771,2637,2401,2423,1917,2198,2119,1865,1869,1579,1568,1485,1511,1324,1403,1178,1120,1137,1017,953,853,911,764,874,748,788,733,667,659,606,559,574,575,444,513,431,463,411,417,348,438,354,255,374,279,279,289,250,307,201,230,250,229,190,201,193,166,172,159,144,157,164,112,117,147,123,102,79,133,86,67,88,61,44,53,52,72,64,49,59,54,54,44,35,31,51,27,31,39,29,35,28,22,28,19,22,15,20,19,20,18,13,12,16,14,20,9,10,16,9,13,9,6,22,11,5,10,16,5,8,7,4,7,8,8,5,12,4,5,8,10,8,6,3,5,2,1,4,11,5,13,9,6,5,1,3,4,5,6,7,2,2,2,6,3,2,5,1,6,1,4,5,3,4,3,4,9,3,2,3,1,5,2,3,1,2,8,2,2,9,4,4,3,3,6,8,2,1,4,4,2,5,1,7,4,5,1,6,6,4,6,5,6,8,3,4,14,4,6,4,7,12,14,3,5,8,5,4,2,4,10,9,9,17,5,11,15,16,15,5,6,14,10,21,23,20,19,20,17,19,24,26,21,15,16,26,22,25,42,32,39,39,42,20,35,40,49,53,44,56,45,66,52,60,85,80,77,69,78,104,91,135,121,180,117,151,224,172,239,228,294,276,335,306,406,439,433,490,537,542,638,671,699,899,867,938,996,1011,1136,1457,1301,1500,1645,1717,1866,1814,2062,2073,2358,2318,2787,2915,2414,3110,3166,3410,3402,3663,3889,3503,4170,4553,4322,4500,4543,4765,4763,5023,4831,5139,5458,5321,5346,5097,5879,5437,5363,4939}
Count:   4.3   4.4   5.9   6.6   6.3   6.8   6.3   6.2   5.9   6.4   5.9   6.0   5.2   5.0   5.1   5.4   5.3   5.1   5.0   5.3   5.3   6.1   6.7   6.3   6.1   6.0   6.3   6.1   5.6   5.6   5.4   4.8   5.1   4.9   5.0   4.8   5.0   5.1   5.1   5.1   5.8   6.1   6.6   5.9   6.6   6.0   6.2   5.9   5.9   5.5   5.2   4.8   4.8   4.8   4.7   4.9   4.9   5.2   5.0   5.9   6.1   5.8   5.9   6.0   5.9   5.9   5.6   5.7   5.1   5.0   4.8   5.1   4.9   5.9   6.2   6.4   5.7   5.8   5.2   5.0   5.1   5.2   5.1   5.3   5.0   5.2   5.1   5.0   5.2   4.8   4.9   4.9   5.5   6.1   6.1   6.1   6.2   5.8   6.1   5.5   5.7   5.7   5.2   4.8   5.0   5.0   5.0   5.0   5.0   4.9   5.0   5.2   6.2   5.6   5.9   5.6   5.7   5.7   5.7   5.6   5.7   5.4   5.4   5.4   5.2   5.4   4.8   5.0   4.9   5.1   4.8   5.1   4.7   5.2   4.7   5.7   5.7   6.3   6.0   6.1   5.7   5.9   5.3   5.6   5.5   5.0   5.0   4.9   5.0   4.8   4.6   4.6   4.8   4.8   4.8   5.0   4.6   4.7   4.7   5.7   6.3   6.1   5.9   6.2   6.3   5.7   6.1   5.5   5.6   4.7   4.9   4.8   5.1   5.0   5.1   4.8   5.1   4.8   5.6   5.8   6.1   5.8   6.0   5.4   5.7   5.5   5.8   5.3   4.8   4.8   4.7   5.1   4.9   5.0   4.8   5.0   4.8   5.1   4.7   4.8 
Direction:  {359 181} {356 184} {0 180} {1 179} {356 184} {358 182} {0 180} {3 177} {358 182} {1 179} {2 178} {0 180} {0 180} {359 181} {357 183} {359 181} {359 181} {359 181} {359 181} {3 177} {357 183} {0 180} {359 181} {359 181} {358 182} {357 183} {359 181} {359 181} {359 181} {2 178} {359 181} {0 180} {2 178} {358 182} {358 182} {1 179} {359 181} {0 180} {357 183} {357 183} {359 181} {357 183} {2 178} {2 178} {359 181} {0 180} {359 181} {359 181} {2 178} {2 178} {359 181} {359 181} {357 183} {355 185} {0 180} {359 181} {0 180} {354 186} {357 183} {359 181} {2 178} {2 178} {359 181} {357 183} {3 177} {359 181} {355 185} {359 181} {3 177} {358 182} {355 185} {357 183} {359 181} {1 179} {356 184} {355 185} {0 180} {358 182} {359 181} {359 181} {0 180} {359 181} {359 181} {357 183} {0 180} {357 183} {0 180} {0 180} {0 180} {1 179} {359 181} {358 182} {357 183} {0 180} {359 181} {2 178} {359 181} {359 181} {1 179} {1 179} {0 180} {0 180} {2 178} {359 181} {359 181} {358 182} {0 180} {0 180} {2 178} {359 181} {359 181} {358 182} {359 181} {359 181} {2 178} {0 180} {359 181} {359 181} {359 181} {0 180} {1 179} {357 183} {359 181} {359 181} {358 182} {358 182} {358 182} {1 179} {359 181} {359 181} {358 182} {355 185} {0 180} {358 182} {0 180} {357 183} {1 179} {1 179} {357 183} {358 182} {0 180} {0 180} {0 180} {0 180} {356 184} {359 181} {0 180} {357 183} {0 180} {355 185} {357 183} {0 180} {358 182} {2 178} {359 181} {0 180} {357 183} {359 181} {0 180} {359 181} {1 179} {359 181} {359 181} {0 180} {0 180} {357 183} {0 180} {0 180} {359 181} {0 180} {0 180} {0 180} {357 183} {0 180} {358 182} {357 183} {357 183} {359 181} {359 181} {359 181} {357 183} {3 177} {0 180} {359 181} {357 183} {357 183} {0 180} {358 182} {359 181} {357 183} {358 182} {359 181} {359 181} {359 181} {359 181} {359 181} {357 183} {1 179} {2 178} {358 182}

54.2: Count:   4.5 (  0.7) A:  16.3 [14-37] B:  32.8 [14-66] Phase: 100% 1 (20.3) Direction:  {0 180}
Phase: {5694,4364,4453,4635,4715,4279,4215,4185,4456,4099,3901,3856,3772,3749,3430,3279,3273,3315,2997,2551,2777,2623,2496,2333,2157,2110,1733,1946,1864,1718,1685,1567,1574,1379,1450,1288,1290,1271,1139,1110,1032,1032,933,921,833,955,682,807,771,728,721,703,647,717,652,611,618,578,603,456,498,429,509,482,311,454,408,397,401,345,362,290,347,334,293,259,236,252,206,242,209,204,243,164,160,143,188,160,151,100,213,110,83,96,116,118,95,114,79,71,70,102,44,62,56,44,57,45,48,35,53,43,27,27,44,29,15,25,27,25,30,15,33,15,21,13,17,24,23,22,23,20,11,14,15,18,13,13,12,9,17,11,12,9,12,4,6,20,9,10,6,10,16,10,8,10,4,13,10,10,8,4,13,6,4,5,10,3,7,3,4,5,6,13,2,4,7,5,1,2,7,2,2,7,1,4,4,5,5,5,7,8,5,2,5,4,2,5,3,5,3,3,2,9,6,2,3,8,5,3,5,3,3,3,7,13,6,5,5,5,6,3,4,4,5,4,4,8,9,1,7,9,5,3,11,4,5,7,7,6,8,13,14,8,10,15,16,14,8,10,5,12,12,15,18,10,12,17,16,13,18,15,18,20,24,25,29,35,17,24,38,14,21,15,36,38,35,26,44,39,38,49,41,38,44,37,60,64,50,48,75,76,72,60,90,102,75,109,133,108,134,131,150,185,176,210,229,210,241,304,272,300,391,387,358,472,435,582,593,594,740,807,768,910,997,929,1034,1093,1192,1266,1511,1440,1793,1898,1549,2155,2051,2320,2360,2571,2834,2636,2985,3313,3321,3382,3528,3782,3691,4049,3942,4055,4432,4243,4358,4302,4791,4424,4487,4352}
Count:   3.4   3.7   5.2   5.8   5.9   5.8   5.5   5.4   5.1   5.3   5.1   5.1   4.0   4.1   4.1   4.2   4.0   3.8   3.9   4.2   4.1   5.1   5.4   5.5   5.2   5.2   5.3   5.3   4.9   4.9   4.6   3.8   3.9   3.8   3.9   3.7   4.0   4.0   4.3   4.1   5.0   5.5   5.8   5.2   5.6   5.4   5.5   5.1   4.8   4.3   4.0   3.8   3.9   3.8   3.9   3.9   3.8   3.9   3.6   4.7   5.4   5.0   5.3   5.4   5.0   5.3   5.0   4.8   4.0   4.1   3.9   4.3   4.1   4.6   5.4   5.6   5.2   5.1   4.3   3.9   3.9   3.9   4.1   3.8   3.9   4.0   4.0   4.2   4.1   3.9   4.0   4.1   4.3   5.5   5.5   5.5   5.4   5.1   5.2   4.9   5.1   4.9   4.2   3.9   4.0   3.7   4.1   3.8   4.0   4.0   3.9   4.1   5.6   5.1   5.1   5.0   5.1   4.9   4.8   4.9   4.8   4.5   4.9   4.3   4.3   4.4   3.8   4.0   3.9   4.1   3.8   3.9   3.8   4.1   3.6   4.6   5.3   5.6   5.3   5.3   5.2   5.0   4.5   4.7   4.4   4.0   4.1   3.9   4.0   4.0   3.8   4.0   3.6   3.9   3.8   4.0   3.9   3.6   3.6   4.8   5.3   5.4   5.1   5.4   5.1   5.0   5.2   4.8   4.3   3.8   3.8   3.7   3.9   3.9   3.9   3.5   4.1   3.7   5.0   5.1   5.5   5.3   5.2   4.9   5.0   4.8   5.0   4.7   4.0   3.8   3.9   4.0   3.8   3.8   3.7   3.8   3.9   3.9   3.9   3.8 
Direction:  {357 183} {358 182} {359 181} {0 180} {359 181} {1 179} {3 177} {2 178} {2 178} {359 181} {3 177} {0 180} {1 179} {1 179} {2 178} {359 181} {359 181} {0 180} {1 179} {2 178} {2 178} {0 180} {359 181} {0 180} {0 180} {5 175} {2 178} {0 180} {2 178} {2 178} {357 183} {357 183} {359 181} {359 181} {358 182} {357 183} {1 179} {359 181} {357 183} {1 179} {354 186} {355 185} {1 179} {359 181} {3 177} {2 178} {358 182} {1 179} {0 180} {0 180} {1 179} {0 180} {359 181} {0 180} {357 183} {2 178} {359 181} {359 181} {0 180} {355 185} {355 185} {0 180} {359 181} {359 181} {1 179} {3 177} {0 180} {359 181} {1 179} {3 177} {358 182} {356 184} {1 179} {2 178} {358 182} {3 177} {2 178} {1 179} {0 180} {0 180} {358 182} {1 179} {356 184} {357 183} {358 182} {0 180} {358 182} {359 181} {359 181} {359 181} {1 179} {1 179} {0 180} {0 180} {0 180} {2 178} {6 174} {355 185} {0 180} {359 181} {1 179} {0 180} {0 180} {4 176} {357 183} {359 181} {358 182} {3 177} {2 178} {358 182} {358 182} {0 180} {2 178} {359 181} {1 179} {359 181} {0 180} {0 180} {358 182} {358 182} {3 177} {0 180} {4 176} {1 179} {359 181} {356 184} {357 183} {359 181} {359 181} {359 181} {356 184} {0 180} {355 185} {0 180} {0 180} {3 177} {3 177} {1 179} {357 183} {2 178} {357 183} {3 177} {357 183} {359 181} {1 179} {359 181} {0 180} {0 180} {2 178} {1 179} {357 183} {358 182} {5 175} {359 181} {358 182} {1 179} {357 183} {0 180} {1 179} {359 181} {1 179} {0 180} {1 179} {3 177} {359 181} {359 181} {4 176} {1 179} {0 180} {358 182} {359 181} {0 180} {356 184} {2 178} {0 180} {356 184} {1 179} {1 179} {0 180} {1 179} {2 178} {0 180} {2 178} {358 182} {0 180} {1 179} {0 180} {0 180} {4 176} {359 181} {359 181} {3 177} {359 181} {359 181} {0 180} {0 180} {356 184} {357 183} {3 177} {3 177}

54.3: Count:   2.8 (  0.7) A:  15.9 [14-35] B:  32.4 [14-64] Phase: 100% 2 (17.2) Direction:  {1 179}
Phase: {3562,2783,3147,3044,3249,2778,2947,2852,2872,2668,2516,2520,2350,2308,2150,2028,2065,2032,1902,1616,1627,1481,1415,1453,1254,1242,1048,1138,1068,978,999,862,896,764,764,667,783,721,616,670,642,585,574,593,548,648,534,610,489,569,540,572,523,593,573,520,546,511,574,462,478,509,529,504,379,499,493,404,431,428,496,388,447,406,413,390,366,364,338,390,335,343,332,289,291,256,271,248,210,172,338,171,180,192,211,156,135,175,176,108,102,157,98,140,101,91,83,103,81,56,98,76,61,78,54,55,43,41,56,35,41,29,39,28,34,39,31,32,37,43,31,24,28,22,22,26,27,30,14,15,21,19,10,15,22,11,16,13,23,16,15,5,15,16,9,15,8,15,5,1,10,12,7,7,7,8,8,7,11,4,1,5,2,9,5,7,5,0,4,5,8,5,4,3,0,0,1,1,4,5,4,6,3,5,6,8,6,5,2,2,3,2,3,5,0,2,3,4,3,3,1,6,5,4,1,5,1,3,4,1,3,5,2,5,7,8,0,4,3,6,6,5,1,4,7,2,2,3,5,8,9,2,4,10,12,7,6,6,6,9,6,5,3,13,17,9,10,11,17,15,10,14,21,7,16,12,11,24,16,15,23,7,20,17,17,18,17,29,22,19,19,22,20,24,27,25,28,31,23,31,29,36,23,43,29,42,26,33,29,50,47,40,48,57,55,58,84,80,76,101,76,92,85,112,100,157,113,131,172,175,218,229,239,247,335,295,368,357,410,423,570,589,636,691,659,858,907,987,1040,1131,1246,1308,1476,1658,1658,1827,1898,2004,2108,2202,2206,2461,2658,2604,2753,2650,3050,2775,3085,2814}
Count:   1.8   1.8   3.5   4.3   4.1   4.1   4.0   3.9   3.6   3.7   3.3   3.2   2.3   2.6   2.4   2.7   2.3   2.3   2.2   2.3   2.3   3.4   3.9   4.0   3.5   3.5   3.5   3.4   3.3   3.3   2.6   2.2   2.1   2.1   2.2   2.2   2.3   2.2   2.5   2.2   3.3   4.2   4.2   3.7   3.8   3.4   3.5   3.1   3.2   2.7   2.1   2.2   2.2   2.1   2.1   2.1   2.1   2.2   2.0   2.9   3.7   3.7   3.6   3.8   3.3   3.3   3.2   2.9   2.5   2.1   2.1   2.4   2.0   2.8   3.9   3.7   3.5   3.3   2.4   2.1   2.0   2.1   2.1   2.5   2.3   2.3   2.2   2.1   2.1   2.3   2.3   2.3   2.6   3.8   3.6   3.7   3.6   3.6   3.6   3.7   3.3   3.2   2.4   2.0   2.1   2.2   1.9   2.2   2.1   2.2   2.2   2.4   4.0   3.6   3.8   3.7   3.6   3.7   3.6   3.3   2.9   2.6   2.8   2.6   2.7   2.4   2.1   2.0   2.1   2.2   2.1   2.1   2.1   2.2   2.1   2.8   3.9   3.6   3.8   3.4   3.4   3.3   2.8   2.9   2.6   2.1   2.0   2.1   2.0   2.2   1.9   2.3   2.1   2.0   1.9   2.2   1.9   2.0   1.9   3.1   3.6   3.8   3.6   3.5   3.4   3.6   3.4   3.3   2.6   1.9   2.0   2.1   2.2   2.0   2.1   2.1   2.2   2.1   3.3   3.4   3.8   3.4   3.4   3.3   3.7   3.0   3.4   2.4   2.2   2.0   2.2   2.1   2.1   2.0   2.0   2.0   2.2   2.2   1.9   2.2 
B: 34.1 33.3 31.6 29.6 29.9 30.3 30.2 30.1 30.7 31.9 32.3 32.9 35.3 35.0 35.0 35.0 35.5 35.3 35.3 35.1 34.9 31.4 29.2 29.5 28.9 30.1 30.2 30.2 31.5 31.5 32.4 35.5 34.8 34.8 34.8 34.4 34.8 34.1 34.3 34.1 31.0 29.2 29.5 29.9 29.8 30.3 31.4 30.9 31.6 32.7 34.9 35.1 35.3 35.2 35.2 34.3 35.2 35.3 35.5 31.7 29.2 29.6 29.7 29.9 30.2 31.0 31.1 32.3 32.8 35.5 34.3 34.7 34.5 32.5 29.7 29.8 29.9 30.6 33.1 35.2 34.8 34.7 35.3 34.9 34.2 34.7 35.2 34.8 34.3 34.6 35.0 35.1 33.4 29.3 30.1 30.1 30.1 29.3 30.2 29.9 30.8 30.7 33.7 35.4 35.9 35.7 35.2 35.6 36.1 35.5 35.7 33.1 29.5 29.3 29.7 29.9 30.1 29.8 30.7 31.6 31.7 33.3 32.1 33.4 33.3 33.5 35.4 35.1 35.2 35.1 35.0 35.0 35.1 35.9 34.8 32.7 29.2 30.3 29.8 30.3 30.4 32.2 31.5 33.3 33.4 35.4 35.3 34.8 35.8 35.6 35.2 35.7 35.0 35.2 35.9 35.6 36.0 36.4 34.9 30.1 29.2 29.5 29.1 29.9 30.4 29.7 30.1 30.6 31.8 35.6 35.2 34.5 34.9 35.2 35.7 34.6 34.7 34.7 31.2 29.3 29.7 28.3 30.1 30.4 30.4 30.5 32.5 32.2 35.3 33.8 34.8 34.3 35.3 35.4 35.2 35.4 34.8 35.2 35.1 35.5 
Direction:  n n n n n {1 179} n {1 179} n {359 181} n n n {359 181} n n {359 181} n n n n n n n n n n n n n n n n n n n n n n n n n n n n n n n n n n n n n n n n n n n n n n n n n n n n n n n n n n n n n n n n n n n n n n n n n n n n n n n n n n n n n n n n n n n n n n n n n n n n n n n n n n n n n n n n n n n n n n n n n n n n n n n n n n n n n n n n n n n n n n n n n n n n n n n n n n n n n n n n n n n n n n n n n n n n n n n n n n n n n n n

54.4: Count:   2.0 (  0.9) A:  15.8 [14-33] B:  29.8 [14-66] Phase: 95% 4 (16.6) Direction:  {2 178}  36% 71 (10.4) Direction:  {29 151}
Phase: {2347,1674,1949,1852,1983,1836,1884,1817,1901,1774,1798,1666,1574,1581,1499,1446,1332,1422,1276,1040,1081,1092,996,936,864,896,674,869,721,673,670,578,579,608,586,532,511,501,543,485,459,492,459,460,486,544,355,437,455,419,441,459,486,504,525,478,515,441,560,448,534,505,530,535,478,579,554,587,545,538,569,483,615,680,618,556,539,587,539,571,511,474,524,489,472,429,525,477,385,316,597,310,348,326,368,327,306,338,352,253,242,298,267,249,248,244,203,235,195,114,179,191,165,167,141,141,99,115,142,118,101,74,100,101,70,69,78,76,62,80,60,65,51,61,63,69,44,60,55,36,37,37,37,27,28,36,32,36,39,24,31,30,29,34,20,27,18,21,20,24,15,13,23,20,22,19,7,13,10,15,8,8,8,12,8,7,17,11,7,6,10,4,7,7,2,2,1,1,5,4,8,2,6,4,5,2,6,9,4,10,3,3,2,4,6,4,0,0,4,4,2,4,6,1,1,6,2,4,2,7,4,6,6,7,11,4,6,13,7,1,8,7,5,7,6,1,3,3,7,9,6,5,9,6,3,11,9,5,11,5,8,9,6,8,4,9,6,3,6,7,11,6,18,10,10,6,13,5,15,7,16,5,9,13,17,15,15,12,12,7,17,21,16,12,11,17,15,16,17,17,24,19,33,23,18,31,20,29,21,27,36,25,25,21,26,42,33,39,36,43,42,55,45,56,49,70,57,58,81,77,75,109,97,148,128,130,148,146,225,192,235,210,334,308,347,388,407,502,532,560,629,676,786,831,893,890,971,1033,1192,1236,1285,1408,1553,1537,1626,1658,1693,1770,1872,1733}
Count:   1.0   0.8   2.8   3.7   3.6   3.4   3.4   3.2   2.9   2.7   2.3   2.3   1.4   1.5   1.5   1.5   1.3   1.5   1.4   1.4   1.4   2.8   3.3   3.3   3.2   3.3   2.6   2.9   2.4   2.2   1.9   1.4   1.3   1.4   1.3   1.4   1.4   1.5   1.4   1.5   2.4   3.5   3.6   3.5   3.3   3.0   2.9   2.4   2.4   1.9   1.3   1.2   1.3   1.3   1.2   1.2   1.3   1.2   1.3   2.2   3.3   3.2   3.3   3.1   2.8   2.7   2.5   2.1   2.0   1.3   1.2   1.3   1.2   1.9   3.4   3.2   2.9   2.8   1.6   1.3   1.2   1.3   1.2   1.4   1.3   1.4   1.2   1.2   1.2   1.2   1.4   1.1   1.7   3.5   3.1   3.1   3.1   3.3   3.1   3.3   2.7   2.7   1.4   1.2   1.3   1.1   1.1   1.2   1.2   1.0   1.3   1.8   3.3   3.6   3.1   3.3   3.1   2.9   2.9   2.2   2.5   1.9   2.2   1.9   1.9   1.4   1.3   1.3   1.2   1.2   1.2   1.2   1.1   1.2   1.3   2.4   3.2   3.0   3.2   2.8   2.7   2.6   2.0   2.0   1.8   1.4   1.1   1.3   1.0   1.2   1.1   1.3   1.1   1.2   1.2   1.1   1.1   1.2   1.1   2.6   3.0   3.5   3.0   2.9   2.9   2.6   2.6   2.7   2.1   1.1   1.1   1.2   1.3   1.3   1.2   1.1   1.2   1.2   2.8   3.1   3.1   3.2   2.9   2.6   2.9   2.5   2.3   1.6   1.4   1.0   1.4   1.3   1.2   1.2   1.3   1.1   1.1   1.2   1.2   1.2 
B: 33.6 33.3 27.7 27.1 27.7 27.4 27.0 28.0 28.4 29.1 30.5 31.6 33.5 34.4 34.4 34.6 34.0 34.5 34.1 34.1 34.4 27.8 26.5 25.9 26.2 26.8 27.2 27.7 29.1 30.0 30.6 34.0 33.7 34.0 32.9 33.6 33.5 34.0 32.9 33.4 29.6 26.3 26.7 26.2 27.0 27.7 28.3 27.7 30.1 30.2 33.4 33.8 33.9 33.9 34.4 34.1 34.3 33.5 33.7 29.7 26.2 26.8 26.7 25.8 26.8 27.0 28.1 30.5 31.2 34.1 34.4 34.0 33.4 30.6 27.1 27.3 27.1 28.6 30.5 34.7 34.3 33.4 33.7 33.8 33.9 34.4 34.1 33.1 34.0 33.5 33.8 34.2 32.0 26.9 26.6 27.0 26.4 26.3 27.5 26.8 28.0 28.3 32.9 34.7 34.4 34.1 34.6 34.3 34.5 35.0 35.4 31.1 27.3 26.4 27.0 26.6 27.6 27.7 28.9 29.4 29.6 30.2 31.1 32.0 32.5 33.6 33.6 34.7 34.1 34.9 33.6 33.9 34.9 34.1 34.3 29.3 26.2 27.6 26.8 28.0 27.3 28.8 29.3 31.8 31.7 34.8 34.9 35.2 34.3 34.5 35.1 34.1 33.7 34.3 34.3 34.9 35.2 33.5 34.0 28.2 26.5 26.1 26.8 26.7 27.2 27.6 27.4 27.9 30.1 34.4 34.8 34.3 33.8 34.0 33.7 34.2 34.8 34.1 27.4 26.3 26.8 26.5 26.6 27.2 28.1 27.8 29.6 30.1 34.7 34.0 33.2 33.2 34.2 34.4 34.7 34.5 34.3 33.7 34.5 34.4 
Direction:  n n n n n n n n n n n n n n n n n n n n n n n n n n n n n n n n n n n n n n n n n n n n n n n n n n n n n n n n n n n n n n n n n n n n n n n n n n n n n n n n n n n n n n n n n n n n n n n n n n n n n n n n n n n n n n n n n n n n n n n n n n n n n n n n n n n n n n n n n n n n n n n n n n n n n n n n n n n n n n n n n n n n n n n n n n n n n n n n n n n n n n n n n n n n n n n n n n n n n n n n

54.5: Count:   2.1 (  1.1) A:  16.1 [14-38] B:  27.5 [14-62] Phase: 48% 78 (25.7) Direction:  {33 147}  96% 4 (16.9) Direction:  {2 178}
Phase: {1748,1267,1602,1397,1715,1404,1511,1404,1518,1513,1440,1338,1309,1327,1222,1214,1096,1161,1137,1049,951,1001,928,976,841,855,738,874,752,656,687,673,712,622,625,525,593,592,552,471,522,515,490,500,423,583,423,522,465,493,503,511,457,538,496,497,548,515,557,533,589,517,636,591,516,664,657,611,599,684,689,629,733,752,711,727,645,799,725,764,677,707,733,702,773,653,784,711,636,580,983,556,545,661,650,600,562,584,573,523,498,549,466,522,416,416,418,482,408,326,359,385,302,348,316,300,244,311,289,218,270,201,243,180,203,178,172,169,184,175,157,169,143,135,117,128,122,88,126,102,113,96,82,81,97,77,84,73,69,59,66,63,70,63,54,59,56,54,43,57,47,37,31,37,33,20,23,21,26,23,20,17,27,29,15,15,21,14,17,8,17,10,10,9,15,8,17,9,10,11,4,8,14,7,4,12,16,10,4,5,10,4,6,7,8,6,2,7,13,8,9,5,1,8,9,9,17,4,7,8,6,6,8,13,5,3,11,13,5,9,3,10,7,17,12,5,14,9,7,7,11,5,7,9,12,18,8,4,9,16,10,18,13,6,14,9,4,9,9,13,9,12,13,7,5,6,10,16,11,11,14,11,4,14,5,7,7,28,15,13,14,18,23,15,23,20,12,30,17,12,27,25,27,29,16,25,18,21,34,22,39,15,40,22,41,26,40,31,36,31,34,54,49,58,56,87,72,82,75,105,102,106,118,95,130,156,152,141,196,208,226,258,290,349,327,438,404,438,474,563,525,594,644,731,698,797,848,856,919,1066,1086,1135,1267,1235,1321,1309,1512,1316,1436,1236}
Count:   0.8   0.8   3.0   4.0   4.2   3.9   3.8   3.5   3.2   2.8   2.3   2.3   1.2   1.1   1.2   1.2   1.1   1.2   1.1   1.3   1.1   3.1   4.3   4.0   3.8   3.7   3.1   3.0   2.6   2.3   1.7   1.1   0.9   1.2   1.0   1.3   1.1   1.2   1.2   1.1   2.5   4.0   3.8   3.8   3.6   3.3   3.1   2.5   2.4   2.2   1.1   1.1   1.2   1.2   1.2   1.0   1.1   1.0   1.1   2.4   4.2   3.8   3.9   3.8   3.3   3.0   2.6   2.2   2.1   1.3   1.0   1.2   1.1   2.1   3.8   3.7   3.2   2.8   1.6   1.2   1.0   1.1   1.1   1.2   1.1   1.4   1.0   1.0   1.1   1.0   1.2   0.9   1.6   4.0   3.6   3.8   3.6   4.1   3.7   3.3   3.1   3.1   1.4   1.0   1.1   0.9   1.0   1.1   1.1   0.9   1.2   1.5   3.8   3.9   3.6   3.7   3.4   3.1   3.3   2.6   2.4   2.2   2.2   1.7   1.7   1.4   1.2   0.9   1.0   1.2   1.2   1.0   1.0   1.0   1.2   2.5   3.9   3.6   3.6   3.1   3.1   2.6   2.2   2.0   1.7   1.1   1.1   1.0   1.0   1.1   1.1   1.1   1.0   1.2   0.9   1.0   0.9   1.0   1.1   2.6   3.8   3.7   3.6   3.6   3.2   3.1   3.0   2.8   2.3   0.9   0.9   1.1   1.3   1.1   1.1   1.1   1.0   0.9   2.6   3.8   3.4   3.6   3.4   3.4   3.0   2.6   2.4   1.7   1.4   1.2   1.1   1.1   1.2   1.1   1.1   0.8   1.0   1.0   1.1   1.0 
B: 30.4 31.8 26.5 25.2 24.5 25.1 25.1 25.8 25.9 27.2 28.7 29.2 32.3 32.3 31.8 32.8 31.8 32.7 32.0 32.5 32.1 26.3 24.7 25.1 24.7 24.5 25.3 25.3 26.2 27.6 28.7 32.5 32.0 32.5 31.4 31.6 32.5 32.5 32.3 31.6 27.0 24.9 25.0 24.2 25.3 25.0 25.8 27.0 27.7 28.6 31.8 32.9 31.6 32.3 31.8 31.9 32.3 32.7 32.7 26.0 24.7 24.5 25.1 25.2 25.1 25.5 26.1 27.0 28.9 32.0 31.6 32.5 32.9 28.7 25.5 25.4 25.5 26.7 28.4 32.5 30.6 32.3 32.6 31.6 32.5 32.3 32.7 32.7 32.3 32.3 32.9 32.4 28.2 25.2 24.5 24.8 24.9 25.3 25.1 25.1 26.1 25.7 28.8 33.0 32.5 31.9 33.3 32.6 33.4 32.8 32.3 29.5 25.7 24.8 25.0 24.2 25.7 25.2 26.4 26.8 27.3 28.1 27.8 29.9 30.0 31.8 32.1 32.8 32.1 32.8 32.8 32.1 32.3 32.2 32.2 26.5 24.7 25.3 24.5 25.9 25.6 26.8 27.7 29.1 29.9 32.7 32.2 32.4 32.5 32.7 32.5 32.8 32.6 31.9 32.0 32.9 32.4 32.8 32.4 26.7 24.8 25.0 24.7 24.6 25.0 25.5 25.5 25.5 26.9 32.6 32.9 33.0 32.4 32.1 33.4 33.0 31.9 32.9 26.2 24.8 24.8 24.7 25.2 24.3 25.4 26.0 27.2 28.2 32.1 31.6 31.6 32.7 31.6 32.9 32.0 32.5 32.1 32.2 32.3 32.6 
Direction:  n n n n n n n n n n n n n n n n n n n n n n n n n n n n n n n n n n n n n n n n n n n n n n n n n n n n n n n n n n n n n n n n n n n n n n n n n n n n n n n n n n n n n n n n n n n n n n n n n n n n n n n n n n n n n n n n n n n n n n n n n n n n n n n n n n n n n n n n n n n n n n n n n n n n n n n n n n n n n n n n n n n n n n n n n n n n n n n n n n n n n n n n n n n n n n n n n n n n n n n n

54.6: Count:   2.3 (  1.4) A:  16.3 [14-39] B:  26.3 [14-65] Phase: 94% 5 (20.0) Direction:  {2 178}  25% 113 (16.0) Direction:  {51 129}  57% 77 (23.8) Direction:  {32 148}
Phase: {1591,1227,1397,1263,1477,1263,1414,1482,1358,1324,1273,1273,1209,1220,1242,1172,1097,1204,1011,907,1006,1007,906,997,877,843,750,904,781,705,685,705,685,653,602,552,626,652,571,585,519,563,528,587,527,585,485,554,586,522,564,515,551,553,552,572,578,505,682,580,668,630,711,690,610,729,758,764,709,721,752,681,818,853,868,782,749,899,777,939,772,816,852,892,783,855,962,971,844,751,1245,724,828,931,889,820,787,828,842,818,713,843,711,815,642,708,671,742,747,583,680,643,605,564,576,619,411,495,563,451,484,398,408,329,421,360,365,353,292,337,295,237,262,275,202,278,202,223,168,157,216,205,140,162,161,143,147,129,134,121,136,111,94,110,64,77,87,112,59,53,69,42,70,68,68,55,34,50,47,49,35,28,39,33,38,29,43,36,31,18,49,28,26,26,21,23,23,17,15,21,10,16,11,23,14,22,16,24,10,24,8,19,14,8,9,7,6,14,7,14,14,11,8,14,5,15,17,14,12,7,2,9,6,11,20,9,5,11,10,17,10,12,14,17,15,6,5,8,17,12,10,16,14,14,5,6,12,8,4,12,6,10,24,3,7,7,8,10,10,16,5,14,8,9,19,9,26,13,10,7,25,6,12,10,23,17,6,19,25,22,13,28,19,13,25,31,20,26,23,22,31,20,10,20,24,28,20,29,28,31,34,27,29,33,35,45,45,35,52,67,52,61,63,86,71,71,75,87,82,94,106,138,134,137,183,172,200,243,241,296,260,304,331,323,364,423,450,497,492,536,599,590,758,736,689,744,808,873,915,954,976,1073,1088,1113,1157,1126,1397,1182,1367,1140}
Count:   0.9   0.8   3.4   4.9   4.9   4.5   4.5   4.1   3.8   3.1   3.0   2.4   1.3   1.1   1.4   1.2   1.2   1.3   1.0   1.3   1.3   3.5   5.1   4.8   4.4   4.3   4.0   3.3   3.3   2.8   1.8   1.1   1.1   1.1   1.1   1.1   1.1   1.1   1.2   1.0   3.1   4.5   4.2   4.3   3.9   3.7   3.4   2.9   2.4   2.0   1.2   1.1   1.3   1.2   1.2   1.0   1.3   1.2   1.3   2.9   4.8   4.5   4.4   4.1   3.8   3.4   3.2   2.5   2.5   1.2   1.2   1.1   1.0   2.1   4.6   4.4   4.1   3.3   1.8   1.2   1.0   1.0   1.0   1.1   1.0   1.2   1.0   1.1   1.0   1.2   1.1   1.1   2.1   4.6   4.2   4.5   4.3   4.6   4.0   3.9   3.6   3.3   1.6   1.0   1.1   1.2   1.0   1.1   1.1   1.1   1.1   1.9   4.5   4.8   4.3   4.6   4.3   3.9   3.6   3.3   3.0   2.3   2.3   1.7   1.5   1.3   1.1   0.9   1.2   1.1   1.2   1.1   1.1   1.1   1.1   2.7   4.7   4.0   4.2   3.3   3.6   3.0   2.5   1.8   1.6   1.2   1.3   1.0   1.1   1.2   1.1   1.1   1.1   1.0   0.9   1.2   0.9   1.1   1.0   3.5   4.4   4.4   4.6   4.3   4.1   3.8   3.4   3.3   2.5   1.2   1.1   1.0   1.1   1.2   1.0   1.1   1.2   1.1   3.4   4.5   3.8   4.4   3.9   3.7   3.4   3.1   2.5   1.9   1.1   1.1   1.2   1.2   1.3   1.0   1.1   0.9   1.2   1.0   1.1   1.1 
B: 29.0 30.0 25.3 23.2 24.1 23.6 24.1 24.5 24.3 25.2 25.6 27.4 31.5 31.0 31.1 31.9 31.0 31.0 30.4 30.6 31.1 25.1 23.8 24.3 23.6 24.4 24.5 24.3 25.7 25.9 27.5 31.9 31.0 30.2 31.0 30.2 31.1 31.9 31.3 31.3 25.7 24.3 24.7 23.8 24.5 23.7 24.9 25.7 25.2 27.2 30.9 31.0 30.2 31.4 30.6 30.1 30.5 30.1 31.1 25.7 24.5 24.4 25.1 24.7 24.7 24.7 25.0 25.6 26.8 31.1 31.8 30.7 30.9 27.1 24.3 24.8 24.7 25.5 27.1 30.8 31.4 30.2 32.8 31.0 30.8 31.4 30.5 31.4 31.9 31.0 31.5 31.3 26.8 24.7 24.6 24.4 24.0 24.2 24.6 24.5 24.8 24.4 27.8 32.2 31.6 31.7 31.0 31.8 31.6 31.8 30.9 28.4 24.0 25.0 23.8 23.6 24.4 24.6 24.9 24.8 25.9 26.2 27.0 27.0 28.2 29.7 30.6 31.4 31.3 31.8 31.5 30.8 30.9 31.1 31.7 26.0 24.4 23.7 24.1 25.2 24.0 25.6 26.4 27.3 28.7 31.7 30.8 30.5 31.1 31.6 31.2 31.2 31.3 30.9 30.7 32.0 31.3 31.5 31.7 25.4 24.2 24.1 24.1 24.4 24.2 24.6 24.9 24.6 25.1 30.8 31.6 31.1 31.7 31.4 31.6 31.3 31.6 31.1 25.6 24.4 24.1 24.2 24.0 24.4 23.7 25.0 25.5 27.8 30.8 30.4 30.7 31.4 31.0 32.0 30.3 30.1 31.0 30.6 30.7 31.0 
Direction:  n n n n n n n n n n n n n n n n n n n n n n n n n n n n n n n n n n n n n n n n n n n n n n n n n n n n n n n n n n n n n n n n n n n n n n n n n n n n n n n n n n n n n n n n n n n n n n n n n n n n n n n n n n n n n n n n n n n n n n n n n n n n n n n n n n n n n n n n n n n n n n n n n n n n n n n n n n n n n n n n n n n n n n n n n n n n n n n n n n n n n n n n n n n n n n n n n n n n n n n n

54.7: Count:   2.6 (  1.6) A:  16.5 [14-37] B:  26.0 [14-66] Phase: 100% 41 (42.9) Direction:  {16 164}
Phase: {1627,1338,1462,1300,1590,1352,1526,1433,1437,1347,1428,1344,1402,1306,1295,1239,1088,1239,1162,980,1062,1004,978,977,867,880,714,911,893,744,802,721,719,602,646,568,634,588,614,589,638,592,542,630,524,674,514,631,575,686,574,581,571,690,674,572,693,709,714,684,730,727,752,868,678,882,831,868,893,915,963,883,1017,1059,1026,994,958,1097,1064,1056,1138,1123,1082,1168,1139,975,1180,1202,1106,949,1449,942,993,1090,1075,925,972,945,987,905,872,865,819,861,849,855,738,781,784,639,688,723,642,592,566,610,523,593,490,484,528,454,469,460,424,400,412,377,355,366,329,330,298,353,249,310,246,289,234,233,275,241,226,214,187,202,194,179,175,155,172,142,175,153,116,131,110,131,108,104,101,72,94,103,80,88,78,76,42,72,55,50,65,45,50,55,58,41,46,29,70,26,32,39,22,28,21,29,19,29,15,25,23,19,13,18,12,12,17,11,18,15,18,14,8,10,5,13,11,9,10,14,13,11,13,11,12,5,18,14,13,17,6,13,13,12,13,14,18,14,8,10,20,9,11,9,14,11,15,18,8,15,15,17,9,5,12,14,6,5,20,6,11,4,13,3,12,20,9,7,8,11,13,7,6,11,12,9,12,2,17,10,13,13,9,16,11,11,12,21,17,8,10,9,18,26,24,24,15,20,37,12,21,24,18,23,20,31,18,36,25,40,41,41,33,41,42,46,46,47,46,48,53,62,72,109,80,108,85,105,98,124,121,154,173,189,200,226,212,223,256,271,328,352,329,465,410,503,490,464,590,605,699,745,729,769,874,910,1004,978,993,1071,1146,1099,1138,1160,1399,1216,1433,1171}
Count:   0.8   1.0   3.8   5.2   5.4   4.9   4.8   4.5   4.5   3.4   3.2   2.4   1.3   1.4   1.6   1.4   1.2   1.3   1.2   1.4   1.3   3.6   5.6   5.3   5.2   4.7   4.3   3.7   3.6   2.8   2.1   1.2   1.3   1.0   1.2   1.1   1.1   1.2   1.1   1.2   3.7   4.6   4.9   4.9   4.6   4.5   3.8   3.3   2.7   2.1   1.2   1.1   1.2   1.3   1.3   1.2   1.4   1.0   1.3   3.0   5.2   5.2   4.8   4.6   4.5   3.9   3.7   2.9   2.3   1.1   1.2   1.1   1.1   2.4   5.1   4.8   4.5   3.5   2.2   1.2   1.1   1.2   1.2   1.1   1.1   1.2   1.0   1.2   1.1   1.2   1.2   1.5   2.3   5.2   4.9   4.8   4.9   4.9   4.4   4.3   3.7   3.8   1.5   1.3   1.3   1.2   1.1   1.2   1.3   1.4   1.0   2.2   5.0   4.9   4.9   4.9   4.6   4.3   3.9   3.8   3.3   2.5   2.7   2.1   1.8   1.6   1.2   1.1   1.2   1.0   1.3   1.2   1.1   1.2   1.1   3.1   5.3   4.5   4.8   3.9   4.0   3.6   2.8   2.2   2.0   1.1   1.3   1.3   1.3   1.3   1.2   1.3   1.3   1.2   1.1   1.1   1.0   1.1   1.0   3.8   4.9   4.9   5.1   4.6   4.5   4.0   3.9   3.7   2.7   1.1   0.9   1.2   1.2   1.3   1.1   1.2   1.2   1.2   4.2   5.3   4.5   4.8   4.3   4.3   3.9   3.5   2.9   2.0   1.3   1.0   1.3   1.3   1.4   1.0   1.3   1.0   1.2   1.0   1.2   1.1 
B: 28.9 28.9 24.5 23.3 23.8 23.4 23.8 23.6 24.2 24.2 25.4 26.0 31.0 30.1 29.9 30.9 30.5 31.1 29.7 29.9 30.3 25.1 23.9 24.2 23.5 23.9 24.5 24.2 25.6 26.0 25.6 30.2 30.2 30.2 30.2 29.9 29.4 30.6 29.8 30.8 25.4 24.4 24.0 24.4 24.5 24.3 24.7 23.8 25.1 26.1 30.4 29.8 29.7 30.6 30.3 30.0 30.2 30.8 30.5 24.6 24.7 24.2 24.5 24.6 24.6 24.7 25.0 26.4 26.8 30.3 30.8 31.1 30.7 27.2 24.9 24.0 24.2 24.4 26.7 30.2 31.3 30.0 31.2 30.4 30.2 30.5 30.7 31.1 31.2 31.1 30.7 30.9 27.8 24.6 24.2 24.1 24.3 24.5 24.6 24.4 24.4 23.8 28.5 30.4 30.6 30.5 29.9 31.6 30.9 31.5 30.1 27.2 24.1 25.1 24.5 24.1 24.4 24.2 24.9 24.0 25.4 26.1 26.7 25.7 27.7 28.9 30.0 29.4 30.2 30.2 30.0 30.1 30.0 30.0 29.6 25.9 24.5 24.1 24.5 24.8 24.5 24.9 25.7 26.4 28.0 31.3 30.8 30.3 30.5 30.9 30.9 30.5 31.1 30.8 30.7 30.3 30.4 30.9 30.3 24.8 24.5 24.4 23.6 24.9 23.6 24.8 24.3 25.3 24.5 30.3 29.8 30.5 30.4 30.0 30.5 30.9 30.7 30.5 24.9 24.7 24.3 24.1 24.4 24.5 24.6 24.9 25.2 26.2 29.7 29.7 30.5 30.0 30.1 29.6 30.4 30.0 30.1 28.6 30.8 29.1 
Direction:  n n n n {34 146} n n n n n n n n n n n n n n n n n {37 143} n n n n n n n n n n n n n n n n n n n n n n n n n n n n n n n n n n n n n n n n n n n n n n n n n n n n n n n n n n n n n n n n n n n n n n n n n n n n n n n n n n n n n n n n n n n n n n n n n n n n n n n n n n n n n n n n n n n n n n n n n n n n n n n n n n n n n n n n n n n n n n n n n n n n n n n n n n n n n n n n n n n n n n n n n n n n n n n n n

54.8: Count:   2.5 (  1.7) A:  16.6 [14-37] B:  25.6 [14-68] Phase: 49% 80 (38.8) Direction:  {33 147}  93% 4 (14.4) Direction:  {2 178}  40% 88 (21.6) Direction:  {37 143}
Phase: {1515,1130,1239,1226,1400,1276,1239,1186,1277,1273,1206,1166,1094,1171,1151,1095,1019,1071,1003,906,927,934,798,828,811,800,636,788,723,649,653,605,603,595,633,503,577,512,469,471,443,512,481,539,430,581,488,568,502,594,499,630,546,592,621,601,605,614,691,669,740,743,826,879,685,858,875,888,987,990,1021,948,1112,1126,1053,1076,1081,1340,1145,1283,1136,1267,1215,1316,1232,1270,1307,1279,1242,1059,1675,1051,1271,1288,1229,1182,1128,1165,1148,997,1067,1009,925,889,876,830,798,835,773,677,740,697,693,671,663,639,535,528,539,457,560,511,472,439,469,449,461,429,363,421,405,314,341,372,337,407,287,329,310,302,272,282,217,249,243,208,252,174,187,170,206,148,166,159,84,137,157,120,102,111,121,74,96,96,101,87,67,66,74,88,30,55,56,53,66,54,49,45,30,22,80,30,29,28,49,32,17,39,35,15,13,24,19,25,14,20,22,16,19,20,7,20,16,16,14,21,4,12,15,13,17,12,15,8,9,16,10,14,16,11,9,17,13,6,5,18,5,16,12,11,2,8,9,9,16,6,22,6,10,6,17,16,12,6,3,9,14,4,8,21,15,7,12,6,10,12,5,8,11,9,6,8,14,10,10,6,12,3,8,9,10,11,9,7,19,12,18,7,13,13,16,14,13,3,8,15,13,22,12,14,16,22,14,17,20,22,11,16,12,23,26,26,31,18,37,31,32,30,17,36,36,38,48,36,36,57,59,61,82,69,94,92,96,91,106,137,126,152,150,191,232,186,231,259,238,285,290,358,311,382,459,459,545,632,636,568,597,689,738,759,909,906,1043,952,1044,1071,1178,1056,1184,1080}
Count:   1.0   0.7   3.8   5.4   5.4   5.0   4.9   4.5   4.5   3.5   3.1   2.3   1.0   1.1   1.1   1.1   1.0   1.1   1.0   1.1   1.4   3.5   6.1   5.3   5.4   4.6   4.5   3.8   3.5   2.6   2.0   1.0   1.1   0.9   1.0   1.0   0.8   0.9   0.9   0.9   3.9   5.1   4.9   5.1   4.8   4.4   3.6   3.4   2.6   2.1   0.9   1.0   1.0   1.1   1.2   1.1   1.2   1.0   0.9   3.3   5.2   5.3   4.8   4.6   4.2   3.7   3.4   2.8   2.1   0.9   1.0   0.7   1.1   2.5   5.0   4.4   4.6   3.6   2.0   1.0   0.9   0.9   0.8   1.0   0.7   1.0   0.9   1.0   0.7   1.1   1.0   1.0   2.5   5.1   5.3   4.8   4.7   4.6   4.6   4.6   3.9   3.7   1.5   0.9   0.9   0.9   0.9   1.1   1.0   1.0   1.0   2.0   4.8   5.1   4.8   4.9   4.6   4.4   3.8   4.0   3.0   2.6   2.6   1.9   1.6   1.4   1.2   1.0   1.1   1.0   1.2   0.8   1.0   1.1   1.0   3.4   5.4   4.7   4.7   4.1   3.7   3.7   2.8   2.3   1.9   0.9   0.9   1.1   1.0   0.9   1.1   1.0   1.0   1.0   1.0   1.0   0.9   0.9   0.9   3.9   4.8   4.8   5.4   4.6   4.8   4.0   3.8   3.4   2.6   1.0   1.0   0.8   1.1   1.0   0.9   1.0   1.1   1.0   4.1   5.6   4.8   4.6   4.4   4.6   3.8   3.7   2.7   1.9   1.1   1.1   1.2   1.1   1.0   0.9   1.1   0.9   0.8   0.8   0.9   1.1 
B: 28.6 28.5 24.1 22.9 23.0 23.3 23.2 23.1 24.0 24.2 24.5 26.1 30.3 29.8 30.3 30.4 29.2 30.2 29.9 29.8 29.8 24.4 23.9 24.2 23.1 23.8 23.9 24.8 24.0 25.8 25.2 29.8 31.2 29.4 31.2 29.2 29.6 29.7 31.0 29.7 24.7 24.4 24.3 24.2 24.3 24.3 24.1 23.8 24.5 25.2 30.1 30.0 29.5 30.0 30.0 28.8 30.3 29.5 30.2 25.2 24.8 24.3 25.2 24.3 24.0 24.3 25.1 25.4 26.1 30.8 30.6 29.6 30.2 26.2 24.5 24.0 23.9 24.1 25.9 30.0 32.1 31.0 31.1 30.9 30.7 29.7 29.4 30.5 30.6 31.2 30.9 30.6 27.7 24.6 24.4 24.4 24.4 24.5 24.7 24.1 24.3 23.2 27.7 30.5 29.8 31.1 30.0 30.0 30.0 30.4 30.6 26.5 24.7 25.2 24.2 24.5 23.8 24.1 24.1 24.3 25.5 25.1 26.2 27.5 27.2 28.4 29.6 30.2 29.4 29.6 31.0 31.7 30.3 29.7 30.1 25.0 24.2 24.7 24.3 24.4 24.0 24.3 25.5 25.7 27.0 29.9 30.4 29.4 29.8 30.4 30.8 30.6 29.8 30.4 30.0 31.4 30.3 31.7 30.1 24.8 23.8 24.7 23.7 24.1 23.8 23.9 23.5 25.0 25.1 30.5 30.6 29.4 29.5 31.3 30.0 30.6 30.0 29.8 25.1 24.6 24.3 24.3 23.8 24.1 24.6 24.4 24.3 26.1 30.7 29.3 29.0 30.2 30.0 28.9 30.3 29.6 31.1 30.7 31.0 30.4 
Direction:  n n n {33 147} {32 148} n n n n n n n n n n n n n n n n n {39 141} {40 140} n n n n n n n n n n n n n n n n n n n n n n n n n n n n n n n n n n n n n n n n n n n n n n n n n n n n n n n n n n n n n n n n n n n n n n n n n n n n n n n n n n n n n n n n n n n n n n n n n n n n n n n n n n n n n n n n n n n n n n n n n n n n n n n n n n n n n n n n n n n n n n n n n n n n n n n n n n n {36 144} n n n n n n n n n n n n n n n n n n n n

54.9: Count:   2.1 (  1.7) A:  16.6 [14-34] B:  24.3 [14-67] Phase: 37% 15 (33.2) Direction:  {6 174}  91% 95 (23.0) Direction:  {41 139}
Phase: {815,518,696,563,759,587,662,629,805,653,688,698,621,635,627,611,612,616,641,534,581,561,521,543,479,478,393,422,448,391,409,376,370,371,416,432,374,341,364,386,308,386,343,483,359,470,362,398,407,401,362,408,399,425,478,533,486,484,521,537,580,598,664,602,633,726,725,692,720,847,898,765,962,1054,1044,1022,1084,1145,1109,1172,1168,1295,1247,1289,1349,1269,1411,1403,1220,1197,1763,1146,1298,1333,1377,1206,1207,1169,1238,1236,1131,1178,1070,1154,1005,1124,1050,1118,1081,900,931,988,889,790,833,878,613,792,830,687,690,610,658,589,598,555,566,555,495,495,466,442,375,422,306,460,324,383,360,288,291,354,265,314,248,239,238,224,224,182,140,184,168,188,125,142,152,151,140,101,122,54,109,96,88,88,97,54,72,90,52,39,61,46,41,36,49,54,25,30,47,19,28,29,24,20,31,13,24,21,13,13,13,11,8,5,20,8,15,14,18,9,19,13,15,6,10,7,12,10,7,11,9,4,6,6,10,11,1,12,11,15,10,13,4,12,3,5,2,3,4,6,7,12,14,4,3,10,0,5,11,4,8,5,4,8,3,12,9,6,4,3,3,7,2,6,4,5,7,11,5,7,12,3,7,7,3,8,9,5,6,4,10,3,7,4,9,10,1,10,7,11,4,6,4,8,6,5,9,8,9,4,5,8,8,10,12,15,18,13,22,14,4,9,7,14,11,13,23,22,21,17,12,9,21,25,17,37,35,29,26,48,32,53,58,49,35,52,77,60,84,69,91,114,108,126,142,158,188,198,194,204,243,294,237,282,332,383,399,386,379,409,480,496,515,521,593,497,634,516}
Count:   0.5   0.4   3.3   5.0   5.2   4.8   4.6   4.1   4.2   2.9   2.6   1.8   0.6   0.5   0.6   0.5   0.6   0.6   0.7   0.7   0.6   3.4   5.6   4.9   5.1   4.4   4.1   3.3   3.0   2.1   1.5   0.6   0.5   0.6   0.7   0.6   0.5   0.5   0.4   0.6   3.1   4.9   4.6   5.0   3.9   4.2   3.3   2.7   1.9   1.5   0.6   0.5   0.5   0.8   0.7   0.5   0.6   0.5   0.4   3.2   4.5   5.2   4.3   4.3   4.0   3.7   2.8   2.3   1.5   0.4   0.5   0.5   0.5   2.2   4.7   4.1   4.3   3.1   1.5   0.4   0.5   0.5   0.4   0.6   0.5   0.5   0.5   0.6   0.6   0.6   0.4   0.4   2.2   5.1   5.1   4.7   4.5   4.1   4.4   4.4   3.5   3.3   0.9   0.5   0.4   0.5   0.5   0.6   0.4   0.6   0.4   1.7   4.6   4.8   4.6   4.8   4.1   4.1   3.4   3.4   2.4   2.2   1.7   1.2   1.2   0.7   0.6   0.6   0.6   0.6   0.6   0.4   0.5   0.5   0.5   3.2   5.0   4.5   4.2   3.8   3.4   3.1   2.1   1.6   1.2   0.4   0.4   0.7   0.5   0.5   0.6   0.5   0.5   0.6   0.5   0.5   0.5   0.5   0.4   3.6   4.5   4.2   4.7   4.5   4.3   3.5   3.6   2.7   2.3   0.4   0.5   0.5   0.5   0.5   0.4   0.5   0.4   0.5   3.6   4.9   4.4   4.1   4.2   4.0   3.3   3.0   2.1   1.3   0.6   0.5   0.6   0.6   0.5   0.4   0.5   0.4   0.4   0.5   0.5   0.6 
B: 27.1 27.2 23.6 22.5 22.1 22.7 21.8 23.0 22.8 22.8 23.0 24.8 30.0 29.2 28.2 28.0 28.1 29.5 26.9 26.7 27.5 23.8 23.6 23.8 23.2 23.5 23.2 22.9 22.8 23.1 24.5 28.6 28.9 27.9 28.3 29.4 29.0 29.7 29.9 29.7 24.5 23.5 23.3 23.4 23.7 23.1 22.6 23.2 23.6 24.0 28.0 27.4 27.2 27.6 28.5 27.5 28.7 28.8 28.4 24.9 23.9 24.1 23.8 23.2 23.7 23.5 23.3 23.6 24.6 28.5 29.0 29.1 29.4 25.6 23.9 23.4 23.7 22.9 23.7 28.4 29.9 29.9 29.5 30.5 30.2 29.2 30.6 28.9 29.5 29.0 29.6 27.7 26.5 24.2 23.9 24.0 23.5 23.6 23.7 23.7 23.3 22.8 26.1 28.4 28.7 28.6 28.2 28.8 28.9 30.0 28.7 24.3 24.3 23.9 23.6 24.4 23.6 23.6 23.6 23.2 23.2 23.9 24.4 26.1 26.4 27.6 28.6 27.9 28.0 27.7 28.3 28.9 29.9 29.4 29.3 24.6 23.8 24.1 23.4 22.8 22.8 23.3 23.2 25.3 25.5 28.5 28.7 28.6 27.9 29.6 30.3 29.0 29.1 29.5 29.2 29.5 29.1 29.7 29.2 24.4 23.7 24.2 22.9 23.8 23.6 23.0 22.6 23.4 24.3 29.3 28.9 28.5 29.6 29.7 28.3 28.3 28.1 29.2 24.9 24.1 24.2 23.4 23.9 23.2 23.8 23.5 23.8 24.4 29.1 28.9 28.2 27.5 29.9 28.0 29.1 28.9 28.7 27.8 28.5 28.9 
Direction:  n n n {34 146} {35 145} {33 147} n n n n n n n n n n n n n n n n {40 140} n n n n n n n n n n n n n n n n n n {40 140} {39 141} {36 144} n {36 144} n n n n n n n n n n n n n n {46 134} {38 142} n n n n n n n n n n n n n n n n n n n n n n n n n n n n n n n {38 142} {34 146} {42 138} n n {38 142} n n n n n n n n n n n n n {39 141} n n n n n n n n n n n n n n n n n n n n n n n n {34 146} {39 141} n n n n n n n n n n n n n n n n n n n n n n n n n n n n n n n n n n n n n n n n n n n n n n n n n n n n n n n n n n n n n

55.0: Count:   1.8 (  1.7) A:  16.6 [14-34] B:  23.8 [14-69] Phase: 94% 97 (26.2) Direction:  {42 138}  26% 11 (22.0) Direction:  {4 176}
Phase: {445,276,385,342,400,322,400,340,412,356,385,404,383,365,362,379,351,398,395,346,365,361,341,332,303,343,268,285,349,264,309,284,296,236,274,274,264,290,265,276,267,298,287,279,285,312,259,318,289,301,331,379,350,370,402,361,389,435,396,430,507,468,558,552,461,583,600,615,696,706,672,694,795,873,878,824,956,963,982,1019,984,1093,1106,1175,1093,1066,1235,1206,1327,1017,1668,1153,1254,1391,1409,1153,1292,1352,1327,1267,1201,1271,1173,1355,1125,1165,1211,1297,1213,995,1177,1146,1081,1169,1059,1038,805,1044,1067,845,852,864,819,789,739,739,782,634,571,551,615,509,574,477,415,475,312,421,311,393,329,353,313,315,272,216,256,269,210,182,196,156,179,166,117,143,122,158,107,100,72,76,97,84,64,80,84,74,78,56,47,49,38,49,35,38,40,38,25,26,59,25,19,26,35,14,18,25,20,22,21,8,11,11,16,24,9,11,6,6,16,7,10,16,9,13,10,11,7,9,6,5,0,4,7,4,13,8,14,2,14,7,5,4,6,7,8,8,3,3,7,7,2,4,9,5,4,4,7,4,3,9,3,4,3,5,7,3,10,0,4,7,2,0,4,2,10,3,6,3,8,7,5,4,3,5,5,4,3,2,5,3,2,9,4,3,4,3,0,1,10,5,5,6,4,2,9,3,4,6,5,7,5,4,3,9,5,8,2,8,6,4,12,8,6,14,17,12,7,14,12,17,2,12,13,17,15,15,13,7,31,24,17,25,41,31,40,33,33,27,57,54,58,71,60,54,80,87,93,97,93,114,148,128,145,177,201,172,211,186,220,276,294,251,288,239,309,246,323,281}
Count:   0.2   0.2   3.1   4.8   4.8   4.8   4.1   4.0   3.7   2.8   2.3   1.4   0.4   0.4   0.3   0.4   0.3   0.4   0.3   0.3   0.4   2.9   5.2   4.7   4.8   4.2   3.9   3.2   2.9   1.7   1.2   0.3   0.4   0.3   0.3   0.3   0.3   0.2   0.2   0.4   3.0   4.4   4.1   4.5   3.9   4.0   3.3   2.6   1.8   1.1   0.3   0.3   0.4   0.4   0.5   0.4   0.4   0.3   0.4   2.9   4.5   5.0   4.3   3.8   3.7   3.1   2.5   2.0   1.3   0.3   0.3   0.4   0.4   2.1   4.4   3.8   3.8   2.7   1.1   0.3   0.3   0.3   0.3   0.3   0.3   0.3   0.2   0.3   0.2   0.3   0.3   0.4   2.1   4.7   4.7   4.4   4.3   4.0   4.1   4.0   3.6   3.4   0.7   0.4   0.3   0.3   0.3   0.4   0.3   0.2   0.3   1.6   4.5   4.4   4.2   4.4   3.9   3.9   2.9   3.1   2.0   2.1   1.3   0.9   0.6   0.5   0.3   0.4   0.4   0.4   0.4   0.4   0.3   0.3   0.4   2.8   4.9   4.6   3.6   3.6   2.9   2.4   1.8   1.3   0.9   0.3   0.4   0.3   0.3   0.4   0.4   0.4   0.3   0.3   0.2   0.3   0.4   0.3   0.3   3.4   4.3   3.7   4.7   4.1   4.3   3.2   3.3   2.5   2.0   0.3   0.3   0.3   0.3   0.4   0.3   0.4   0.3   0.3   3.4   4.5   4.0   3.9   4.0   3.9   3.0   2.8   1.6   1.3   0.3   0.4   0.3   0.3   0.3   0.4   0.4   0.3   0.2   0.3   0.3   0.3 
B: 25.0 24.0 22.5 22.2 22.3 22.2 22.1 22.1 21.9 22.1 22.4 22.6 27.0 27.3 27.1 26.5 28.4 26.9 25.6 26.3 27.2 23.6 23.3 23.8 23.7 23.5 23.4 23.2 22.9 23.2 23.3 27.3 27.6 26.9 25.4 26.5 26.2 27.7 26.5 26.9 24.4 23.5 23.1 23.5 23.5 22.8 22.4 22.6 22.5 22.7 27.6 28.1 26.3 26.3 27.7 27.4 27.0 27.2 26.4 23.8 24.0 24.1 24.0 23.0 23.5 23.4 22.9 22.8 22.7 28.8 27.6 27.6 27.8 25.2 23.8 23.5 23.2 22.7 24.4 26.7 26.9 28.2 26.2 26.3 25.9 27.9 26.3 26.2 27.4 28.8 27.2 27.2 27.0 24.1 24.4 23.8 23.7 22.8 23.3 23.7 22.9 23.0 24.7 27.4 28.1 27.1 28.1 27.3 29.3 29.0 26.7 24.0 24.3 23.8 23.8 24.3 23.4 23.4 22.8 23.1 22.8 22.7 23.2 24.0 25.0 24.4 28.9 26.3 28.1 28.0 27.4 25.8 27.1 26.0 26.9 24.2 23.6 23.6 22.8 22.5 22.8 23.1 23.1 24.3 25.3 27.7 27.5 28.2 26.6 27.3 27.9 27.2 26.5 26.9 27.5 28.4 28.1 28.3 27.4 24.9 23.6 24.2 23.9 24.0 23.5 22.7 22.2 22.7 23.7 26.7 27.7 25.6 25.9 28.0 27.1 26.8 27.6 28.7 24.4 24.0 23.7 23.9 22.7 23.7 22.9 23.2 22.6 23.6 26.6 26.8 26.9 27.5 28.2 26.2 28.3 26.2 25.1 27.0 26.9 25.9 
Direction:  n n n {38 142} {38 142} n n n n n n n n n n n n n n n n n {51 129} n {45 135} n n n n n n n n n n n n n n n n n n n n n n n n n n n n n n n n n n n {46 134} {42 138} n n n n n n n n n n n n n n n n n n n n n n n n n n n n n n n {44 136} {42 138} n {41 139} n n n n n n n n n n n n n n n n n n {40 140} n n n n n n n n n n n n n n n n n n n n n n n n n n n n n n n n n n n n n n n n n n n n {43 137} n {43 137} n n n n n n n n n n n n n n n n n n n n n n n n n n n n n n n n n n n n n

55.1: Count:   1.9 (  1.6) A:  16.6 [14-37] B:  24.2 [14-63] Phase: 94% 98 (28.5) Direction:  {42 138}  33% 9 (25.2) Direction:  {3 177}
Phase: {609,437,504,422,504,395,466,497,500,474,482,473,462,521,394,470,436,453,373,341,453,437,407,395,363,379,290,396,383,311,336,328,323,345,357,363,349,336,305,351,317,343,301,302,315,393,285,381,337,356,355,393,393,458,491,454,480,449,497,483,508,505,625,614,558,597,622,657,693,757,733,661,839,781,799,814,811,929,934,921,873,1073,1009,1038,1066,983,1170,1046,1080,1050,1535,1063,1229,1191,1343,1176,1206,1227,1256,1228,1246,1250,1158,1287,1138,1229,1170,1141,1214,1075,1120,1176,1120,1061,1020,1116,807,981,984,907,932,784,873,714,771,744,661,634,655,614,619,539,538,516,391,513,392,436,340,330,328,349,305,287,324,227,250,215,219,185,223,167,184,165,142,163,138,107,137,138,112,102,125,103,89,90,68,72,59,81,58,63,74,50,52,33,56,41,34,39,55,32,37,34,30,35,22,29,34,24,18,24,16,23,26,17,21,13,23,6,15,20,10,9,10,11,5,15,4,5,10,15,8,7,18,6,8,15,1,10,8,7,5,2,7,7,7,4,4,7,6,13,7,7,6,4,7,18,10,7,7,0,8,3,2,6,4,3,5,6,5,6,0,7,2,6,1,2,3,6,4,2,4,4,3,5,5,3,2,4,9,2,4,2,0,6,4,1,6,4,7,5,4,7,6,8,5,13,9,8,10,14,5,3,4,9,5,10,14,2,10,9,22,9,11,13,19,19,16,23,16,16,16,21,19,51,42,17,30,26,41,54,38,57,61,55,57,62,84,89,95,82,110,113,120,115,140,165,147,161,168,146,212,220,204,248,212,252,281,255,316,300,374,311,314,367,441,402,397,347}
Count:   0.3   0.4   3.5   5.0   5.0   4.7   4.3   4.2   3.6   3.2   2.2   1.4   0.6   0.5   0.5   0.6   0.5   0.5   0.5   0.5   0.6   3.3   5.1   4.6   4.7   4.1   3.7   3.2   2.6   1.7   1.4   0.4   0.5   0.4   0.5   0.5   0.5   0.5   0.4   0.5   3.3   4.5   4.4   4.1   4.0   4.0   3.1   2.6   1.9   1.4   0.4   0.5   0.6   0.5   0.6   0.5   0.5   0.4   0.5   3.1   4.3   4.8   4.4   3.8   3.4   3.2   2.6   2.4   1.3   0.4   0.5   0.4   0.5   2.0   4.3   3.7   3.8   3.3   1.3   0.4   0.4   0.4   0.4   0.5   0.4   0.4   0.4   0.4   0.4   0.4   0.5   0.4   2.1   4.5   4.8   4.2   4.2   4.0   4.1   3.9   3.9   3.2   0.9   0.4   0.4   0.5   0.5   0.4   0.5   0.4   0.4   1.6   4.4   4.4   4.0   4.5   4.1   3.8   2.9   3.1   2.3   2.2   1.4   1.1   0.7   0.8   0.5   0.5   0.5   0.4   0.5   0.5   0.5   0.4   0.6   2.5   4.6   4.7   3.8   3.5   3.0   3.0   2.1   1.4   1.0   0.5   0.5   0.5   0.5   0.4   0.6   0.5   0.5   0.5   0.4   0.3   0.5   0.5   0.4   3.4   4.0   3.9   4.6   4.0   4.3   3.4   3.4   2.5   2.0   0.4   0.5   0.4   0.4   0.5   0.3   0.5   0.4   0.4   3.7   4.7   4.5   4.0   3.7   3.6   3.2   2.8   1.9   1.4   0.5   0.5   0.5   0.5   0.5   0.4   0.4   0.4   0.4   0.4   0.5   0.4 
Direction:  n n n {40 140} {47 133} {38 142} n n n n n n n n n n n n n n n n {48 132} n n n n n n n n n n n n n n n n n n n n n n n n n n n n n n n n n n n n n n n n n n n n n n n n n n n n n n n n n n n n n n n n n n n n n n n {47 133} n n n n n n n n n n n n n n n n n n n n n n n n n n n n n n n n n n n n n n n n n n n n n n n n n n n n n n n n n n n n n n n n n n n n n {50 130} n n n n n n n n n n n n n n n n n n n n n n n n n n n n n n n n n n n

55.2: Count:   2.2 (  1.6) A:  16.6 [14-37] B:  24.3 [14-67] Phase: 51% 25 (39.1) Direction:  {10 170}  90% 96 (17.2) Direction:  {41 139}
Phase: {949,596,696,647,861,595,759,684,813,738,696,723,773,677,686,733,643,780,742,559,610,594,568,618,549,597,488,563,555,489,514,472,540,490,486,494,461,452,453,491,446,478,438,496,428,470,432,498,491,482,515,511,530,534,589,548,621,549,601,602,651,610,769,803,713,844,770,919,804,884,878,885,1021,1021,1053,1048,1034,1056,1030,1117,1083,1151,1255,1161,1170,1122,1196,1216,1197,1059,1572,1134,1199,1251,1214,1054,1095,1209,1096,1082,1015,1083,1051,1049,949,977,951,994,1006,886,978,823,846,828,813,743,627,838,673,632,679,677,628,532,616,547,622,591,473,509,495,406,389,456,383,422,332,420,351,404,327,320,291,300,265,287,226,243,238,205,215,214,251,210,153,160,175,138,124,139,133,112,130,112,112,97,109,105,68,97,56,74,81,62,60,61,88,67,52,39,77,42,35,41,55,44,32,32,39,38,29,37,18,29,31,26,39,30,37,15,18,14,14,15,17,27,4,13,16,13,14,10,16,3,16,22,11,17,7,11,11,15,4,14,5,13,4,14,12,12,5,9,9,6,10,5,10,6,9,2,5,11,14,8,3,5,3,2,2,8,5,6,4,1,9,1,6,7,3,1,7,1,10,6,3,10,7,9,4,11,10,9,4,3,16,7,7,4,3,8,8,12,4,7,9,4,14,6,9,10,21,14,10,14,12,17,10,23,27,23,22,16,32,22,19,32,50,38,39,38,65,59,60,62,65,90,63,102,76,78,82,109,127,121,135,125,165,160,224,142,207,217,252,216,230,273,267,299,315,330,371,357,389,497,431,461,434,507,522,550,504,581,715,591,590,535,757,592,633,600}
Count:   0.5   0.6   3.8   5.4   5.3   4.9   4.6   4.5   4.0   3.8   2.6   1.9   0.9   0.9   0.9   0.8   0.8   0.8   1.0   0.9   0.9   3.3   5.1   4.8   4.9   4.3   4.0   3.4   3.0   2.3   1.7   0.8   0.7   0.7   0.7   0.9   0.9   0.8   0.7   0.8   3.8   4.9   4.5   4.1   4.3   4.1   3.4   3.4   2.6   1.7   0.7   0.7   0.9   0.8   0.9   0.7   0.9   0.7   0.7   3.3   4.2   5.0   4.4   4.2   3.6   3.5   3.0   2.5   2.0   0.9   0.8   0.6   0.9   2.4   4.5   4.1   4.1   3.6   1.7   0.7   0.7   0.8   0.7   0.8   0.7   0.7   0.8   0.8   0.7   0.7   0.9   0.8   2.5   4.5   5.2   4.8   4.5   4.1   4.1   3.9   4.3   3.6   1.1   0.7   0.7   0.7   0.8   0.8   0.8   0.7   0.6   2.1   4.7   4.7   4.3   4.5   4.4   4.3   3.4   3.1   2.8   2.6   1.5   1.4   1.2   1.2   0.8   0.7   0.7   0.7   0.8   0.8   0.7   0.9   0.9   2.9   4.9   4.8   4.2   3.9   3.4   3.2   2.2   1.6   1.2   0.8   0.9   0.8   0.8   0.8   0.9   0.8   0.8   0.8   0.6   0.6   0.9   0.7   0.7   3.7   4.6   4.5   4.9   4.2   4.3   3.7   3.7   3.0   2.3   0.8   0.8   0.8   0.7   0.7   0.7   0.8   0.8   0.8   4.0   4.6   4.7   4.0   4.0   3.8   3.8   3.2   2.2   1.4   0.7   0.7   0.7   0.8   0.7   0.7   0.7   0.6   0.8   0.7   0.9   0.7 
Direction:  n n n {41 139} {38 142} n n n n n n n n n n n n n n n n n n n {39 141} n n n n n n n n n n n n n n n n n n n n n n n n n n n n n n n n n n n {41 139} n n n n n n n n n n n n n n n n n n n n n n n n n n n n n n n n n {37 143} n n n n n n n n n n n n n n n n n n n n n n n n n n n n n n n n n n n n n n n n n n n n n n n n n n n n n n n n n n n n n n n n n n n {39 141} n n n n n n n n n n n n n n n n n n n n n n n n n n n n n n n n n n n n n

55.3: Count:   2.0 (  1.6) A:  16.7 [14-33] B:  24.4 [14-64] Phase: 46% 32 (35.9) Direction:  {13 167}  89% 90 (16.6) Direction:  {38 142}
Phase: {716,453,532,591,615,590,660,584,639,570,631,643,594,556,588,646,547,617,606,495,597,515,558,534,503,554,455,466,526,475,504,445,449,421,444,454,520,444,451,539,472,432,487,466,406,559,405,485,503,558,578,576,564,604,589,521,684,693,739,737,818,755,850,1007,763,962,987,1010,1032,1104,1072,1077,1239,1317,1178,1289,1231,1341,1161,1258,1216,1332,1323,1289,1217,1171,1333,1211,1178,1090,1645,943,1131,1057,1099,1002,1032,923,979,1000,1024,958,862,882,793,903,817,816,753,697,774,759,678,686,607,665,579,659,620,519,547,521,510,439,459,438,465,434,433,419,378,360,348,358,327,359,326,333,293,288,304,308,235,274,223,248,246,238,252,206,267,199,224,219,138,191,184,208,132,167,135,112,133,184,100,102,104,103,81,98,68,95,69,68,74,70,84,62,68,59,76,29,51,46,46,35,41,32,47,41,24,28,33,16,37,17,18,20,16,23,27,16,21,22,14,12,9,4,12,6,10,4,12,3,13,8,7,7,7,8,6,12,3,7,13,6,5,7,5,11,8,9,7,5,3,0,3,4,8,4,8,3,2,2,3,6,4,6,10,8,8,0,5,7,2,5,4,5,3,9,4,6,4,3,2,5,5,3,4,1,10,9,3,6,5,3,2,6,5,4,4,4,3,5,0,2,8,11,2,5,5,10,9,5,6,10,9,10,6,11,17,17,15,17,10,13,17,15,14,25,28,24,15,22,31,35,40,29,37,34,61,56,64,63,62,71,66,68,70,80,135,113,118,141,131,163,181,197,137,198,224,229,283,270,207,319,320,355,331,337,370,456,488,387,414,446,551,438,527,417}
Count:   0.5   0.5   3.4   4.9   5.0   4.7   4.2   4.6   4.0   3.5   2.5   1.8   0.8   0.7   0.7   0.7   0.7   0.7   0.8   0.5   0.6   3.1   4.6   4.7   4.4   3.9   3.6   3.4   2.9   2.5   1.7   0.5   0.7   0.6   0.7   0.7   0.7   0.7   0.6   0.7   3.7   4.8   4.4   4.1   4.2   3.9   3.6   3.0   2.2   1.5   0.5   0.7   0.6   0.7   0.7   0.6   0.6   0.6   0.7   3.2   3.7   4.5   4.2   4.0   3.5   3.4   2.6   2.4   1.8   0.7   0.7   0.7   0.6   2.4   4.3   4.0   3.8   3.4   1.3   0.7   0.6   0.5   0.5   0.6   0.6   0.6   0.7   0.8   0.7   0.7   0.7   0.6   2.3   4.3   5.0   4.5   4.5   3.6   4.1   4.0   4.0   3.4   1.0   0.5   0.6   0.5   0.6   0.5   0.5   0.5   0.6   1.9   4.7   4.3   3.9   4.4   4.3   3.9   3.2   3.0   2.4   2.1   1.6   1.2   1.2   1.1   0.7   0.6   0.6   0.7   0.6   0.6   0.6   0.6   0.6   2.6   4.4   4.4   3.8   3.5   3.1   3.1   2.4   1.5   1.1   0.6   0.7   0.6   0.6   0.5   0.7   0.7   0.6   0.6   0.6   0.6   0.6   0.5   0.6   3.8   4.4   3.9   4.3   3.6   4.2   3.8   3.4   2.7   2.2   0.7   0.6   0.5   0.5   0.5   0.7   0.6   0.6   0.6   3.5   4.6   4.4   4.0   3.6   3.6   3.5   3.4   2.2   1.5   0.5   0.8   0.7   0.7   0.6   0.5   0.6   0.5   0.5   0.6   0.6   0.6 
Direction:  n n n {32 148} {30 150} n n {32 148} n n n n n n n n n n n n n n n n n n n n n n n n n n n n n n n n n n n n n n n n n n n n n n n n n n n n n {33 147} n n n n n n n n n n n n n n n n n n n n n n n n n n n n n n n n {34 146} {32 148} n n n n n n n n n n n n n n n n n n n n n n n n n n n n n n n n n n n n n n n n n n n n n n n n n n n n n n n n n n n n n n n n n n n n n n n n n n n n n n n n n n n n n n n n n n n n n n n n n n n n n n n n

55.4: Count:   1.6 (  1.5) A:  16.6 [14-32] B:  24.0 [14-63] Phase: 76% 92 (28.4) Direction:  {39 141}  17% 84 (20.2) Direction:  {35 145}
Phase: {334,185,225,233,286,229,223,270,289,265,268,261,270,248,257,256,284,285,266,231,266,270,269,258,220,256,227,264,310,266,243,221,213,249,260,259,321,258,243,241,293,251,294,295,284,307,257,376,308,358,334,402,374,397,464,420,486,455,515,480,541,574,595,668,541,721,667,773,830,849,840,817,967,1031,1001,1044,1043,1148,1057,1115,1163,1114,1231,1207,1195,1146,1164,1235,1129,1075,1587,1029,1201,1229,1263,1152,1206,1148,1101,1113,1068,1145,966,1106,953,868,959,911,972,791,878,775,824,714,699,742,586,786,680,631,599,556,609,518,513,470,475,462,401,433,439,438,425,469,307,394,315,410,291,311,268,291,240,291,242,230,232,208,236,177,179,147,163,174,137,182,141,116,118,111,145,96,117,91,70,110,70,77,62,81,40,67,56,61,35,33,49,25,46,40,60,23,20,38,31,38,29,26,27,19,28,19,12,17,21,9,13,18,11,16,10,8,6,13,7,6,6,9,9,4,8,8,5,4,11,8,4,3,1,4,6,3,11,4,6,3,5,8,3,3,10,2,2,3,0,0,2,9,8,2,0,2,4,1,4,6,1,1,3,3,3,4,8,4,3,1,2,3,6,7,1,3,1,1,1,3,4,0,1,1,8,2,0,0,2,2,1,2,3,1,0,1,0,5,2,0,1,3,2,2,0,4,5,6,0,4,8,5,2,6,7,3,8,7,7,11,5,16,4,10,7,14,6,13,13,10,15,15,14,12,18,31,24,30,23,34,30,43,49,45,39,68,52,56,77,74,60,85,84,89,88,72,78,106,128,114,102,128,161,136,159,174,191,169,199,173,258,162,225,175}
Count:   0.2   0.3   2.9   4.5   4.5   4.2   3.7   3.7   3.7   2.9   1.9   1.3   0.3   0.3   0.3   0.3   0.3   0.3   0.4   0.3   0.3   2.6   4.0   4.4   4.0   3.0   3.2   3.1   2.5   2.0   1.3   0.2   0.4   0.3   0.3   0.3   0.5   0.3   0.4   0.4   3.2   4.1   4.2   3.6   3.8   3.3   3.2   2.7   2.0   1.2   0.3   0.3   0.3   0.3   0.3   0.3   0.3   0.3   0.3   2.8   3.6   3.8   3.9   4.0   2.9   3.1   2.2   2.1   1.3   0.4   0.3   0.3   0.4   1.8   3.7   3.3   3.0   2.9   1.0   0.2   0.3   0.3   0.3   0.3   0.3   0.3   0.3   0.3   0.4   0.3   0.3   0.4   1.7   3.5   4.1   3.7   4.0   2.9   3.5   3.4   3.5   2.9   0.7   0.3   0.3   0.2   0.3   0.2   0.2   0.3   0.2   1.5   4.0   3.7   3.5   4.1   3.8   3.5   2.8   2.4   2.1   1.5   1.1   0.8   0.6   0.7   0.3   0.3   0.3   0.3   0.3   0.3   0.2   0.3   0.3   2.2   3.6   3.8   3.0   3.3   2.6   2.6   1.7   1.1   0.7   0.3   0.2   0.3   0.2   0.2   0.3   0.2   0.2   0.2   0.3   0.2   0.3   0.3   0.4   3.3   3.4   3.3   3.7   3.4   3.5   3.3   3.1   2.4   1.9   0.3   0.3   0.3   0.2   0.3   0.3   0.3   0.3   0.3   2.5   3.8   4.2   3.8   3.2   2.9   3.2   2.7   2.1   1.2   0.2   0.4   0.3   0.3   0.3   0.2   0.3   0.3   0.3   0.2   0.3   0.3 
Direction:  n n n n n {37 143} n n n n n n n n n n n n n n n n n {41 139} {43 137} n n n n n n n n n n n n n n n n n n n n n n n n n n n n n n n n n n n n n n n n n n n n n n n n n n n n n n n n n n n n n n n n n n n n n {40 140} n n n n n n n n n n n n n n n n n n n n n n n n n n n n n n n n n n n n n n n n n n n n n n n n n n n n n n n n n n n n n n n n n n n n n n n n n n n n n n n n n n n n n n n n n n n n n n n n n n n n n n n n n

55.5: Count:   1.3 (  1.3) A:  16.2 [14-35] B:  24.3 [14-61] Phase: 100% 98 (23.8) Direction:  {42 138}
Phase: {51,47,47,36,63,42,49,51,64,66,60,70,57,50,56,81,58,75,78,54,61,69,67,88,78,74,66,93,90,87,98,79,108,70,95,89,102,93,134,116,112,135,153,122,134,157,178,163,146,198,174,224,183,249,227,231,281,242,293,275,345,339,384,346,336,462,388,486,522,512,562,511,659,640,640,714,723,821,795,791,812,854,934,950,990,997,1070,1025,1070,1042,1454,1011,1100,1159,1231,1117,1188,1123,1274,1228,1143,1168,1165,1179,1141,1211,1112,1174,1228,937,1011,1000,916,919,969,880,716,848,823,687,755,667,678,608,609,598,571,592,448,524,434,380,391,403,332,396,269,309,294,249,261,265,240,245,194,161,170,137,171,135,130,123,128,108,94,102,85,96,73,84,69,49,53,63,22,37,43,44,36,54,23,43,42,19,36,7,14,12,26,13,23,14,9,7,18,10,6,7,12,9,7,6,9,6,6,6,11,3,13,3,5,3,4,5,10,1,1,7,2,4,1,0,5,3,1,3,5,1,3,0,4,4,0,0,1,0,1,0,3,3,6,1,3,0,0,0,0,0,0,1,1,2,1,0,0,0,0,0,0,0,0,1,0,6,0,0,0,0,0,0,0,3,2,0,0,3,1,0,0,0,2,4,0,0,0,0,0,0,0,0,1,3,1,0,0,0,0,1,0,0,0,0,0,2,1,1,0,0,2,2,3,1,1,0,6,1,0,3,1,3,5,6,1,3,2,3,3,5,4,4,3,9,0,3,8,4,3,5,5,9,10,7,21,5,17,2,13,8,10,19,13,17,21,19,24,26,14,31,25,22,28,26,50,43,48,20,43,32,33,41}
Count:   0.1   0.1   2.6   4.0   3.7   4.0   3.4   3.3   3.0   2.5   1.7   1.1   0.1   0.1   0.1   0.1   0.1   0.1   0.1   0.1   0.1   2.1   3.6   3.7   3.4   2.7   2.7   2.5   2.0   1.5   0.8   0.1   0.1   0.1   0.1   0.1   0.2   0.1   0.1   0.1   2.6   3.5   3.5   3.0   2.8   2.5   2.9   2.4   1.7   1.0   0.0   0.1   0.1   0.1   0.1   0.1   0.1   0.1   0.1   2.5   2.9   3.2   3.2   3.4   2.4   2.4   1.7   1.7   1.1   0.1   0.1   0.1   0.1   1.3   3.0   2.9   2.4   2.2   0.7   0.1   0.1   0.1   0.1   0.1   0.1   0.1   0.0   0.1   0.1   0.1   0.1   0.1   1.3   2.6   3.3   3.4   3.5   2.7   3.0   3.1   2.9   2.1   0.6   0.1   0.1   0.1   0.1   0.1   0.1   0.0   0.1   1.0   3.4   3.2   3.0   3.1   3.2   3.0   2.2   1.7   1.8   1.3   0.8   0.6   0.3   0.2   0.1   0.1   0.1   0.1   0.1   0.1   0.1   0.0   0.1   1.6   2.9   3.2   2.7   3.0   2.4   1.9   1.1   0.9   0.5   0.1   0.1   0.1   0.1   0.1   0.1   0.1   0.1   0.1   0.1   0.1   0.1   0.1   0.1   2.7   3.0   2.7   3.0   3.0   2.8   2.8   2.6   2.0   1.5   0.1   0.1   0.1   0.1   0.1   0.1   0.1   0.1   0.1   2.6   3.0   3.7   3.2   2.8   2.2   2.4   2.2   1.7   0.8   0.1   0.1   0.1   0.1   0.1   0.1   0.1   0.1   0.1   0.1   0.1   0.1 
Direction:  n n n n n n n n n n n n n n n n n n n n n n n {41 139} n n n n n n n n n n n n n n n n n n n n n n n n n n n n n n n n n n n n n n n n n n n n n n n n n n n n n n n n n n n n n n n n n n n n n n n n n n n n n n n n n n n n n n n n n n n n n n n n n n n n n n n n n n n n n n n n n n n n n n n n n n n n n n n n n n n n n n n n n n n n n n n n n n n n n n n n n n n n n n n n n n n n n n n n n n n n n n n n

55.6: Count:   1.1 (  1.2) A:  16.0 [14-30] B:  24.7 [14-60] Phase: 100% 99 (21.6) Direction:  {42 138}
Phase: {23,17,12,11,28,14,13,22,17,23,20,13,22,20,12,36,28,24,28,24,17,49,34,47,21,35,23,51,56,23,50,52,65,46,51,47,67,74,69,52,100,108,84,98,79,108,131,133,116,122,132,174,145,151,190,209,196,198,235,230,245,226,259,299,262,356,356,409,364,421,457,421,533,505,548,613,585,680,686,788,777,760,877,889,864,904,1050,937,1065,944,1373,990,1099,1209,1233,1143,1225,1198,1253,1215,1168,1175,1141,1131,1118,1114,1030,1110,1043,898,975,998,927,840,905,814,719,798,795,614,699,650,680,585,590,572,560,539,476,505,438,378,406,349,320,389,293,293,271,260,264,250,204,196,180,184,195,126,163,117,88,99,94,100,65,60,63,90,62,62,46,46,51,32,20,34,34,35,15,30,17,27,28,7,18,13,15,7,9,4,14,15,5,5,12,8,5,8,11,4,5,15,4,5,5,5,1,4,4,0,2,1,1,0,0,6,0,3,4,2,4,1,0,0,0,0,1,3,2,3,0,1,0,3,0,0,2,0,1,0,0,0,1,0,0,0,1,2,0,0,0,0,0,0,0,0,0,0,0,0,0,0,1,0,0,2,0,0,0,0,0,0,0,0,0,0,0,0,0,0,1,0,0,0,0,0,1,0,0,0,0,1,1,0,0,0,2,0,0,2,0,0,0,0,2,1,2,2,0,0,0,0,1,3,0,1,4,1,0,4,2,3,0,2,0,2,0,3,2,3,3,4,1,5,3,0,0,2,3,0,1,0,5,3,9,6,1,1,9,8,6,5,6,3,10,5,4,8,5,7,6,13,6,7,10,15,12,18,16,5}
Count:   0.0   0.0   2.6   3.3   3.5   3.4   2.9   3.2   3.0   2.3   1.7   1.1   0.1   0.0   0.1   0.0   0.1   0.0   0.1   0.0   0.1   2.0   3.1   3.2   3.4   2.4   2.4   2.5   1.7   1.4   0.7   0.0   0.1   0.1   0.0   0.1   0.0   0.1   0.1   0.1   2.4   3.1   3.0   2.5   2.6   2.2   2.3   2.1   1.6   1.0   0.0   0.1   0.1   0.1   0.0   0.0   0.1   0.1   0.0   2.0   2.6   2.4   2.9   2.9   2.3   2.1   1.7   1.4   0.9   0.1   0.0   0.1   0.0   1.2   2.8   2.9   2.0   2.2   0.6   0.0   0.1   0.0   0.0   0.0   0.0   0.0   0.0   0.1   0.0   0.1   0.0   0.1   1.2   2.4   2.9   3.5   3.7   2.5   2.7   2.7   2.3   1.9   0.5   0.1   0.1   0.0   0.0   0.0   0.0   0.0   0.0   1.0   3.4   3.0   2.7   2.7   3.0   2.6   2.3   1.9   1.5   1.2   0.8   0.6   0.3   0.3   0.0   0.1   0.1   0.1   0.1   0.0   0.1   0.0   0.0   1.4   2.6   3.1   2.6   2.8   2.1   1.5   1.1   0.8   0.5   0.0   0.0   0.1   0.0   0.0   0.1   0.0   0.1   0.0   0.0   0.0   0.0   0.0   0.0   2.4   2.8   2.7   2.8   2.9   2.1   2.4   2.1   1.7   1.4   0.0   0.0   0.0   0.1   0.1   0.0   0.0   0.1   0.0   2.2   2.7   3.3   2.6   2.6   2.0   2.5   1.7   1.6   0.8   0.0   0.0   0.1   0.1   0.1   0.0   0.0   0.1   0.0   0.0   0.0   0.0 
B: 20.5 21.4 25.1 24.4 24.6 24.1 23.9 23.9 23.1 22.6 22.0 20.6 22.1 20.7 23.0 22.4 19.4 22.8 21.8 20.9 20.9 24.1 25.3 25.1 25.4 24.3 24.4 24.4 23.4 23.6 22.9 20.3 20.2 19.1 21.5 22.6 21.6 21.0 21.5 17.4 27.2 24.8 24.8 24.8 25.0 24.0 24.4 23.5 22.1 22.0 23.9 20.5 22.0 22.7 20.3 24.8 26.0 19.2 21.5 26.2 25.5 25.1 25.7 26.3 24.4 24.4 23.8 22.2 22.7 21.5 22.9 22.1 20.0 26.0 25.6 25.2 25.0 24.1 23.9 21.6 20.6 21.3 21.0 21.3 17.7 21.3 26.1 23.7 22.1 23.8 21.7 20.6 27.5 24.8 25.5 25.9 26.0 24.8 24.6 24.9 24.9 25.0 24.4 24.2 24.8 25.6 22.3 18.0 22.3 22.2 23.7 28.6 25.8 26.2 25.5 25.1 24.9 25.1 24.9 23.4 23.9 22.7 21.1 21.7 20.3 22.1 21.4 20.4 22.9 22.8 22.8 18.8 23.7 19.7 33.6 24.0 25.6 25.2 24.9 25.0 24.2 23.0 23.3 22.0 23.0 19.6 26.2 21.6 22.0 23.9 21.6 23.6 19.4 22.3 20.6 22.5 19.1 20.0 27.3 26.4 25.6 25.4 25.4 25.3 25.5 24.8 24.7 23.7 23.5 22.2 21.5 22.8 23.4 21.9 21.0 21.5 25.2 23.0 26.0 25.3 25.9 25.3 25.8 24.4 24.4 24.6 22.3 22.3 16.9 21.1 20.9 20.0 24.1 22.1 17.1 23.4 21.0 18.2 24.4 21.0 
Direction:  n n n n {40 140} {42 138} n n n n n n n n n n n n n n n n n {44 136} {40 140} n n n n n n n n n n n n n n n n n n n n n n n n n n n n n n n n n n n n n n n n n n n n n n n n n n n n n n n n n n n n n n n n n n n n n n {43 137} {37 143} n n n n n n n n n n n n n n n n n n n n n n n n n n n n n n n n n n n n n n n n n n n n n n n n n n n n n n n n n n n n n n n n n n n n n n n n n n n n n n n n n n n n n n n n n n n n n n n n n n n n n n n

55.7: Count:   1.2 (  1.2) A:  16.1 [14-30] B:  25.1 [14-64] Phase: 97% 97 (23.7) Direction:  {41 139}  10% 24 (15.0) Direction:  {9 171}
Phase: {68,43,48,73,58,49,71,52,67,73,72,73,86,61,78,79,60,103,91,55,82,88,58,85,81,89,60,109,84,54,80,96,83,103,104,81,117,126,117,150,135,147,123,174,148,195,129,192,146,161,187,188,172,267,250,258,287,283,342,348,304,349,426,390,344,435,458,547,558,524,498,566,631,692,663,681,700,749,740,789,737,755,923,880,870,821,979,941,956,875,1291,870,1050,1069,1064,963,1058,1066,1045,1005,1046,1060,1075,1090,1021,1102,926,984,1026,841,961,884,870,807,808,778,665,752,726,687,626,610,600,497,507,447,502,429,379,388,364,369,378,265,237,326,259,279,255,203,232,211,198,128,144,146,145,101,112,101,116,82,105,96,65,69,61,70,44,56,62,57,60,56,55,38,24,38,29,41,19,16,28,21,13,25,21,20,17,16,27,7,15,13,4,20,7,7,11,4,10,8,5,5,4,15,7,4,8,2,4,1,5,4,3,6,2,0,1,0,4,2,3,0,0,5,0,4,2,0,1,2,0,1,2,1,0,0,1,2,0,2,0,1,2,0,0,0,0,1,0,0,0,2,0,0,2,0,0,1,1,1,0,0,3,0,1,0,1,0,0,0,0,0,0,2,4,0,0,0,2,0,1,0,0,0,0,0,1,1,1,0,0,1,1,1,2,3,1,0,0,2,4,0,1,3,1,0,1,4,0,1,13,5,0,5,6,4,11,5,6,3,5,6,6,10,6,11,9,5,6,9,6,16,12,11,7,14,15,11,3,10,15,18,23,28,33,28,17,16,14,21,34,40,31,42,20,22,34,36,24,48,41,57,41,46,71,33,40,55}
Count:   0.1   0.1   2.4   3.6   3.5   3.5   3.1   3.3   2.8   2.3   1.6   1.4   0.1   0.1   0.1   0.1   0.1   0.1   0.1   0.1   0.1   1.9   3.0   2.8   2.9   2.4   2.5   2.5   1.8   1.6   1.1   0.1   0.1   0.1   0.1   0.1   0.2   0.1   0.1   0.1   2.1   2.8   2.9   2.5   2.6   2.3   2.2   1.9   2.1   1.1   0.1   0.2   0.1   0.1   0.1   0.1   0.1   0.1   0.1   2.0   2.7   2.2   2.9   3.1   2.5   2.2   2.1   1.8   1.0   0.2   0.1   0.0   0.1   1.2   3.1   2.6   2.1   2.4   0.6   0.1   0.1   0.1   0.1   0.1   0.1   0.1   0.1   0.1   0.1   0.1   0.1   0.1   1.2   2.3   3.0   3.3   3.1   2.1   2.5   2.5   2.2   1.8   0.5   0.1   0.1   0.1   0.1   0.1   0.1   0.1   0.1   1.2   3.1   2.7   2.5   2.5   2.6   2.3   2.4   1.8   1.8   1.0   1.1   0.9   0.6   0.3   0.1   0.1   0.1   0.1   0.1   0.1   0.2   0.1   0.1   1.5   2.5   2.8   2.4   2.7   2.4   1.9   1.5   1.1   0.7   0.1   0.1   0.1   0.1   0.1   0.1   0.1   0.1   0.1   0.1   0.1   0.1   0.1   0.1   2.4   2.9   2.8   3.0   2.4   2.0   2.6   2.5   2.0   1.2   0.1   0.1   0.1   0.1   0.1   0.1   0.1   0.1   0.1   2.5   2.1   2.9   2.6   2.4   1.8   2.2   1.9   1.8   0.9   0.1   0.2   0.1   0.1   0.1   0.1   0.1   0.1   0.1   0.1   0.1   0.1 
B: 23.6 19.8 25.0 24.7 25.1 24.3 24.4 24.4 24.1 22.7 23.0 22.1 21.5 23.0 22.5 21.3 23.4 22.1 21.1 19.5 23.9 25.2 25.5 25.4 25.6 24.9 24.9 25.0 24.4 22.9 22.7 23.9 22.7 22.7 24.3 22.8 24.5 21.9 21.8 21.8 26.8 25.6 25.3 25.4 25.5 24.6 24.8 23.1 23.2 23.3 21.5 21.4 23.5 21.8 22.4 22.9 21.9 21.3 20.1 26.2 25.8 25.2 25.7 26.7 25.3 25.5 24.6 23.2 23.0 23.2 22.2 18.7 24.8 25.8 26.3 25.4 25.7 24.9 25.0 23.9 21.6 18.9 21.3 21.6 21.8 22.9 22.8 24.0 21.4 22.0 22.7 20.7 27.7 25.7 26.5 26.5 25.8 25.3 25.5 25.3 25.2 25.1 26.2 23.2 21.7 21.2 20.1 22.6 22.0 25.3 21.5 30.6 26.0 25.8 25.9 26.5 25.0 25.9 25.3 24.0 23.3 23.0 22.3 22.2 22.3 21.9 21.7 23.1 19.4 22.6 23.2 20.9 21.7 21.2 24.3 25.9 26.1 25.5 25.3 25.3 25.4 24.3 22.8 21.4 21.7 21.3 23.7 25.3 21.7 22.9 22.4 25.1 23.7 16.8 22.2 22.2 23.1 26.9 22.9 27.1 26.0 25.7 25.9 25.5 25.8 25.6 25.2 24.4 24.8 21.9 20.4 24.4 22.6 20.7 19.8 25.5 25.1 19.0 26.3 25.5 25.5 25.6 25.6 24.7 25.1 24.2 23.7 22.5 20.5 21.8 19.7 21.4 20.3 24.5 19.1 21.5 23.8 21.0 21.8 20.9 
Direction:  n n n n n n n n n n n n n n n n n n n n n n n n n n n n n n n n n n n n n n n n n n n n n n n n n n n n n n n n n n n n n n n n n n n n n n n n n n n n n n n n n n n n n n n n n n n n n n n n n n n n n n n n n n n n n n n n n n n n n n n n n n n n n n n n n n n n n n n n n n n n n n n n n n n n n n n n n n n n n n n n n n n n n n n n n n n n n n n n n n n n n n n n n n n n n n n n n n n n n n n n

55.8: Count:   2.1 (  1.3) A:  16.1 [14-33] B:  24.0 [14-69] Phase: 90% 91 (27.4) Direction:  {38 142}  65% 6 (17.9) Direction:  {2 178}  11% 32 (17.9) Direction:  {12 168}
Phase: {1316,674,739,834,1111,781,832,808,1046,919,776,876,892,888,846,798,885,907,898,677,772,869,692,694,685,682,606,697,723,574,629,572,507,521,591,462,570,563,436,483,453,490,445,475,400,533,436,472,491,475,506,533,553,565,553,577,611,588,635,593,691,650,703,722,584,710,718,780,761,817,915,829,916,983,904,952,983,1033,946,1052,1048,1125,1223,1103,1087,1103,1189,1168,1164,1108,1560,1043,1220,1132,1354,1098,1227,1174,1217,1081,1069,1189,1056,1035,946,989,1072,1006,1001,789,923,932,851,822,821,744,653,815,770,577,634,549,594,474,454,458,500,451,390,396,395,309,314,338,290,317,254,264,252,219,226,203,165,172,184,148,159,146,149,98,112,122,109,107,75,114,81,74,76,65,64,57,63,78,61,44,40,39,35,36,44,27,45,28,37,25,34,37,19,37,24,18,10,30,38,16,22,30,21,22,11,6,15,20,13,9,3,8,10,8,5,9,4,10,5,10,6,11,9,15,9,8,5,6,17,3,1,3,7,3,1,1,2,2,0,4,6,3,5,1,5,4,7,0,6,0,2,2,6,0,1,2,5,2,2,4,0,1,1,8,4,1,3,4,5,3,5,9,2,1,0,1,2,7,10,1,2,1,0,0,8,7,6,2,1,6,2,14,3,3,9,13,8,2,13,11,9,7,7,9,3,11,12,10,12,19,11,14,13,16,32,15,34,38,31,11,34,44,38,40,40,49,59,67,28,78,59,68,70,82,87,94,95,111,98,100,115,115,139,141,179,145,189,186,175,264,233,218,236,298,313,276,377,420,436,377,408,492,467,596,453,572,754,576,573,603,858,702,688,597}
Count:   0.9   0.7   3.2   4.6   4.1   4.6   4.4   4.3   4.1   3.6   3.5   2.8   1.0   1.0   1.1   0.9   0.9   1.0   1.0   1.0   0.9   3.2   4.3   4.0   3.7   3.7   3.6   3.6   3.1   3.3   2.2   0.9   1.0   0.9   1.0   0.8   0.9   0.9   0.9   0.9   3.3   3.8   4.4   3.8   3.6   3.3   3.6   3.0   2.9   2.3   0.9   0.9   0.9   1.0   1.0   1.0   1.0   0.9   0.7   2.8   3.7   3.2   3.9   3.9   4.2   3.4   3.1   3.1   2.3   0.9   0.9   0.9   1.0   2.0   4.2   4.1   3.6   3.2   1.4   0.8   0.8   0.8   0.8   0.8   0.8   0.8   0.9   1.0   0.7   1.0   0.9   0.9   2.1   3.8   3.8   3.8   3.7   3.2   3.6   3.8   3.5   3.2   1.4   1.0   0.8   0.8   0.8   0.8   0.9   0.9   0.9   2.0   3.9   3.9   4.1   3.7   3.7   3.5   3.8   3.3   3.1   2.3   2.7   2.4   1.9   1.3   0.8   0.9   0.9   0.8   0.9   0.7   0.9   1.0   0.9   2.5   4.0   3.7   3.3   3.7   3.6   3.5   2.6   2.6   1.8   0.8   0.9   0.8   1.0   0.9   0.8   0.8   1.1   0.9   0.9   0.8   1.0   1.0   0.8   3.5   4.1   3.5   3.8   3.4   3.3   3.4   3.7   3.2   2.2   0.8   0.8   0.8   0.9   0.8   0.9   0.9   1.0   1.0   3.3   3.1   3.8   3.3   3.8   3.0   3.8   3.2   2.9   2.0   0.8   0.9   1.0   0.9   0.9   0.7   0.9   0.8   0.7   0.8   1.0   0.8 
B: 19.4 20.1 24.5 25.1 24.8 24.1 24.0 24.8 23.8 23.1 22.4 23.0 20.5 19.5 20.2 19.6 19.9 19.3 19.8 20.0 19.3 25.4 26.0 25.3 25.0 25.6 25.4 24.7 25.0 23.9 23.1 21.2 19.6 19.7 20.9 20.1 19.4 19.8 20.0 19.8 25.5 25.6 26.0 24.8 25.3 24.9 24.9 23.8 23.8 22.8 19.8 20.6 19.6 20.3 19.9 19.8 19.3 20.2 19.0 25.8 25.9 24.9 26.1 26.7 25.3 25.4 24.7 24.0 23.9 20.1 20.0 20.1 19.5 23.7 26.5 26.1 25.1 24.9 23.3 20.4 20.4 19.5 19.8 20.9 20.5 20.2 19.5 20.3 20.2 20.8 20.3 20.3 24.7 24.7 24.9 25.4 25.9 25.5 25.6 25.6 25.0 25.0 23.3 20.4 20.4 20.5 19.2 20.3 20.3 20.8 20.3 25.4 25.9 25.6 25.6 25.4 25.6 24.9 25.0 24.3 24.0 22.1 22.9 21.9 21.5 20.3 20.2 20.7 20.0 19.8 20.2 19.9 20.0 20.4 20.1 24.7 25.5 26.3 25.1 25.3 25.2 24.8 23.7 22.6 22.1 20.1 20.2 19.5 19.8 19.7 20.2 20.4 19.8 20.1 20.2 19.9 18.9 20.2 19.8 26.9 26.2 24.8 25.4 26.2 25.2 25.2 25.1 24.4 22.7 20.6 20.9 20.0 19.1 19.8 20.6 20.5 19.6 20.3 25.5 25.4 25.0 26.6 26.2 23.9 25.0 24.7 24.2 23.2 19.5 20.7 20.0 19.7 20.3 19.3 20.2 19.4 20.0 20.3 20.0 19.9 
Direction:  n n n n n n n n n n n n n n n n n n n n n n n n n n n n n n n n n n n n n n n n n n n n n n n n n n n n n n n n n n n n n n n n n n n n n n n n n n n n n n n n n n n n n n n n n n n n n n n n n n n n n n n n n n n n n n n n n n n n n n n n n n n n n n n n n n n n n n n n n n n n n n n n n n n n n n n n n n n n n n n n n n n n n n n n n n n n n n n n n n n n n n n n n n n n n n n n n n n n n n n n

55.9: Count:   4.8 (  1.5) A:  16.2 [14-36] B:  22.8 [14-83] Phase: 96% 16 (17.7) Direction:  {6 174}  42% 86 (13.3) Direction:  {36 144}
Phase: {4124,2389,2593,3054,3675,3078,3122,3671,4115,3632,3598,4161,3785,4073,3728,4133,4043,4324,3945,3328,4079,3895,3651,3501,3217,3683,2537,3285,3257,2628,2804,2349,2524,2314,2248,2082,2165,2004,1776,1807,1750,1626,1456,1683,1390,1503,1353,1417,1288,1222,1261,1256,1143,1218,1214,1172,1217,1162,1242,1064,1158,1122,1232,1270,963,1295,1151,1287,1154,1194,1220,1190,1271,1283,1267,1221,1261,1262,1215,1327,1226,1325,1327,1371,1341,1341,1393,1364,1358,1180,1817,1332,1430,1378,1347,1314,1262,1342,1352,1267,1290,1251,1161,1193,1083,1050,1015,1035,1078,904,966,897,885,835,791,847,630,835,661,634,639,544,534,530,565,456,478,485,396,447,406,337,301,296,327,299,213,274,207,212,204,212,199,181,189,159,159,114,167,115,130,138,123,117,99,94,86,121,96,99,72,77,70,74,63,83,86,66,53,71,65,73,67,56,44,56,69,45,66,17,59,26,27,35,42,27,28,30,17,37,31,29,26,44,28,27,28,29,28,16,20,27,23,36,20,28,35,5,27,13,19,6,13,19,15,30,11,7,11,18,9,6,8,10,8,16,9,19,9,10,8,8,6,12,3,11,9,9,4,19,8,10,27,4,7,9,8,3,11,8,15,4,12,2,6,16,18,12,10,9,15,17,7,11,6,9,21,21,15,18,12,20,19,8,28,18,22,22,28,14,14,32,41,22,20,29,40,41,33,24,69,59,41,40,41,64,47,76,62,42,70,70,98,94,110,97,114,117,126,125,111,145,143,162,154,219,188,202,198,184,205,273,246,290,308,320,353,351,340,318,444,405,509,442,386,583,512,582,567,726,789,639,912,971,932,1046,1024,1172,1200,1406,1270,1469,1697,1742,1658,1820,2433,2092,2186,2018}
Count:   3.6   3.8   6.2   7.4   7.4   7.3   7.7   7.1   7.0   6.6   6.3   6.3   3.7   4.0   3.7   3.7   3.3   3.6   3.6   3.6   3.5   5.9   7.1   7.4   6.6   6.6   6.6   6.3   6.3   6.2   5.1   3.6   3.4   3.4   3.1   3.3   3.1   3.2   3.3   3.5   5.6   6.8   7.3   6.6   6.6   6.1   6.3   5.9   6.0   5.2   3.4   3.4   3.3   3.4   3.4   3.7   3.4   3.0   3.1   5.3   6.6   5.7   6.4   6.8   6.7   6.3   5.9   6.0   5.1   3.5   3.3   3.3   3.6   4.7   6.8   6.8   6.2   6.0   4.1   3.3   3.2   3.2   3.1   3.5   3.2   3.2   3.4   3.0   2.8   3.1   3.3   3.4   4.7   6.1   6.1   6.3   6.3   5.7   6.4   6.4   6.0   5.7   4.0   3.1   3.1   3.3   3.5   3.4   3.7   3.1   3.1   3.9   6.2   6.0   6.6   6.5   7.0   6.4   6.7   6.0   5.9   5.2   5.8   5.7   4.7   3.6   3.2   3.5   3.5   3.5   3.7   3.3   3.3   3.3   3.3   5.5   6.9   6.1   6.1   6.6   6.4   6.4   5.3   5.9   4.8   3.3   3.3   3.1   3.6   3.9   3.2   3.4   3.4   3.5   3.1   3.4   3.3   3.4   3.0   5.9   6.7   6.3   6.8   6.2   6.0   6.3   6.2   6.3   4.5   2.8   2.9   3.2   3.3   3.3   3.2   3.4   3.5   3.8   5.9   5.8   6.5   6.8   6.6   5.7   6.3   5.5   5.7   4.8   3.6   3.4   3.4   3.7   3.1   3.3   3.1   3.1   3.3   3.2   3.4   3.4 
B: 20.0 19.6 23.4 24.8 24.5 23.9 24.6 24.6 23.8 23.1 22.8 22.6 19.7 19.9 19.8 19.5 19.7 20.2 19.9 19.6 19.8 23.9 24.7 24.9 24.5 25.6 24.8 24.7 23.9 23.6 22.6 20.2 20.0 19.8 20.0 19.8 19.8 20.0 20.1 19.8 23.7 25.0 25.1 24.7 24.5 24.5 24.2 23.7 23.7 22.7 19.7 20.3 20.2 19.9 19.8 19.8 20.5 19.7 20.2 23.9 25.6 24.5 25.3 25.4 24.9 24.2 24.8 24.1 23.0 20.0 20.4 20.1 19.5 22.0 25.3 25.6 25.2 24.8 21.7 20.2 19.9 19.6 19.8 20.0 19.9 20.1 20.2 20.2 20.0 19.9 20.2 20.2 23.2 24.6 25.1 24.5 24.8 25.4 25.3 25.0 24.3 24.6 21.1 20.2 20.2 20.2 20.0 20.0 20.3 20.3 19.6 22.2 25.2 24.8 24.9 25.1 24.8 24.3 25.0 24.2 24.0 22.7 22.8 22.7 22.1 21.0 20.0 20.0 20.0 20.0 19.8 19.8 19.9 20.3 20.0 23.4 24.6 24.8 24.6 25.5 24.8 24.2 23.5 23.2 21.9 20.2 20.4 19.8 19.9 20.0 20.1 20.2 20.1 20.4 20.3 19.7 19.4 20.0 19.7 25.0 25.0 24.6 25.4 24.4 24.9 24.4 24.6 23.8 22.7 20.0 19.9 19.8 19.8 20.1 20.0 20.1 20.1 20.3 24.2 24.7 25.1 25.7 24.9 24.1 24.7 24.2 23.5 22.5 20.0 19.8 20.2 19.8 19.5 19.4 19.5 19.3 20.1 20.1 20.1 19.8 
Direction:  {6 174} {7 173} {8 172} {5 175} {36 144} {6 174} {7 173} {7 173} {6 174} {9 171} {9 171} {7 173} {7 173} {6 174} {9 171} {8 172} n {7 173} {7 173} {6 174} {4 176} {6 174} {38 142} {38 142} n n n {8 172} n {5 175} {3 177} {3 177} n n n {7 173} n {3 177} {5 175} n {4 176} {7 173} {7 173} n n n {7 173} n {4 176} n {6 174} {4 176} {4 176} {3 177} {3 177} {2 178} n n n {7 173} n {6 174} {4 176} n {6 174} n n n n {7 173} n {3 177} {7 173} {7 173} {7 173} n n n {10 170} {4 176} {7 173} {4 176} n {5 175} {4 176} {6 174} {2 178} n n n n {3 177} {5 175} {4 176} n {3 177} n n n n n n {4 176} n {5 175} {7 173} {4 176} {5 175} {7 173} {8 172} {9 171} n n n n n n {7 173} n n n n {7 173} n n n n {3 177} {4 176} n {7 173} {8 172} {4 176} n {7 173} {1 179} {8 172} n n n n n n {5 175} n {7 173} n n {6 174} {4 176} n {4 176} {1 179} {8 172} {5 175} {7 173} n {8 172} n n n {8 172} {3 177} {6 174} {6 174} {3 177} n n n n n {6 174} {5 175} {4 176} n {4 176} {3 177} {4 176} {5 175} {6 174} n {6 174} n n n n n n {1 179} {3 177} {10 170} {10 170} {3 177} {4 176} n {5 175} n n {3 177} {4 176}

56.0: Count:   4.0 (  1.7) A:  16.2 [14-35] B:  23.6 [14-75] Phase: 89% 18 (21.2) Direction:  {7 173}  21% 116 (13.0) Direction:  {51 129}  54% 80 (18.1) Direction:  {32 148}
Phase: {2732,1536,1615,1875,2561,1981,2069,2316,2699,2321,2214,2806,2407,2778,2448,2704,2745,3052,2847,2320,2671,2607,2412,2408,2418,2703,1999,2430,2544,2074,2280,1912,2057,1878,1842,1701,1851,1904,1571,1673,1577,1492,1381,1481,1303,1536,1226,1300,1248,1291,1281,1282,1187,1283,1359,1238,1224,1147,1365,1179,1335,1209,1444,1494,1236,1465,1464,1405,1408,1387,1335,1408,1665,1517,1516,1532,1449,1639,1485,1448,1424,1543,1538,1630,1538,1454,1575,1431,1432,1322,1887,1347,1452,1414,1457,1331,1247,1276,1274,1253,1186,1163,1116,1208,1067,1130,1109,1045,1040,935,938,906,881,897,760,788,677,759,764,601,647,594,613,568,510,532,456,477,459,430,369,418,344,377,326,338,295,341,276,281,281,237,251,266,253,235,190,191,189,143,176,142,165,141,84,140,144,124,117,111,119,96,94,85,88,88,84,81,53,82,50,46,90,56,59,44,54,46,38,46,61,28,34,43,28,23,43,43,30,27,33,18,19,23,18,30,18,7,27,27,11,14,15,11,11,20,24,8,11,4,15,13,17,14,5,9,12,10,9,3,5,12,8,12,1,7,7,8,9,3,1,8,5,8,8,5,12,4,2,4,11,4,3,7,8,9,10,4,0,8,6,15,3,15,13,9,10,14,8,17,5,10,16,5,9,9,14,17,7,5,31,9,5,13,17,15,14,8,37,25,9,19,16,13,26,20,19,22,37,41,37,31,32,31,41,43,29,27,65,41,52,49,57,65,68,65,94,93,79,104,120,88,103,94,111,157,143,157,139,138,153,152,164,203,220,210,259,199,254,239,297,254,325,358,258,391,401,433,423,500,535,446,582,661,620,691,738,843,833,972,853,1029,1299,1187,1191,1258,1528,1394,1393,1400}
Count:   3.2   3.0   5.7   7.3   6.9   7.0   7.3   6.4   6.7   6.4   6.0   5.6   2.7   2.8   2.7   2.7   2.4   2.6   2.6   2.8   2.7   4.9   6.3   6.6   5.8   5.9   5.7   5.7   5.8   5.6   4.6   2.5   2.5   2.4   2.4   2.4   2.1   2.5   2.3   2.5   4.5   5.6   6.4   6.1   5.5   5.4   5.7   5.4   5.5   4.7   2.6   2.4   2.3   2.4   2.4   2.8   2.7   2.2   2.2   4.6   6.3   5.4   6.1   5.9   6.3   5.8   6.0   5.5   4.7   2.4   2.3   2.3   2.6   3.8   5.9   6.4   5.2   5.9   3.3   2.4   2.5   2.6   2.4   2.6   2.4   2.2   2.3   2.1   2.1   2.3   2.4   2.6   3.9   5.8   5.9   5.5   5.5   6.1   5.7   5.8   5.7   5.7   3.0   2.3   2.4   2.3   2.4   2.8   2.8   2.3   2.1   3.2   5.8   5.7   6.0   5.9   6.0   5.9   5.8   5.6   5.9   4.8   5.4   5.1   4.2   2.8   2.4   2.6   2.5   2.4   2.7   2.4   2.6   2.4   2.3   4.8   6.2   5.6   5.9   6.0   6.1   6.2   5.2   5.1   4.2   2.5   2.3   2.1   2.6   3.0   2.5   2.6   2.5   2.3   2.4   2.1   2.5   2.2   2.1   5.0   5.9   5.6   6.0   5.9   5.5   5.7   5.4   5.4   3.8   2.2   2.1   2.4   2.2   2.3   2.4   2.6   2.5   2.7   5.0   5.4   5.9   6.0   5.8   5.3   5.8   5.5   5.2   4.7   2.5   2.3   2.6   2.7   2.3   2.4   2.3   2.2   2.5   2.4   2.3   2.5 
B: 19.7 19.2 24.5 26.1 25.3 24.8 25.8 25.1 24.7 24.3 24.0 23.5 19.2 19.3 19.6 19.2 19.4 19.6 19.3 19.7 19.3 24.5 26.4 25.5 25.4 25.9 25.4 25.2 25.0 24.2 23.5 19.6 19.4 19.7 18.7 19.8 19.7 19.7 19.8 19.8 24.9 25.5 26.2 25.4 25.2 26.2 25.1 25.4 25.0 23.8 19.1 19.7 20.0 19.5 19.0 19.6 19.8 19.1 19.2 24.0 26.7 25.5 25.9 25.4 25.7 25.6 26.1 24.7 24.2 19.8 19.2 19.6 19.5 22.7 26.2 26.5 26.1 25.3 22.2 19.8 19.4 19.4 19.0 19.6 19.7 19.9 20.1 19.2 19.8 19.4 19.1 19.7 22.9 25.8 26.5 25.5 25.8 26.4 26.5 25.8 26.5 25.4 21.5 20.0 20.1 19.7 20.1 19.4 19.8 20.3 19.6 22.8 26.9 26.0 26.4 26.0 25.7 24.9 25.5 25.3 24.7 23.2 23.0 23.1 22.4 20.8 19.5 19.5 19.7 19.6 19.5 19.5 19.7 20.2 19.8 24.5 25.6 25.8 25.8 25.8 26.1 25.1 24.3 23.5 22.8 19.5 19.6 19.4 19.6 19.6 19.5 19.7 19.6 19.8 19.8 19.8 19.5 19.6 20.5 25.9 25.6 25.3 26.2 25.9 25.6 26.1 25.4 25.2 23.5 19.7 19.5 19.5 19.5 19.9 19.6 19.4 19.7 19.5 25.4 25.8 25.4 26.2 25.5 25.0 26.2 24.8 24.3 22.9 19.8 19.6 19.7 19.4 19.2 19.0 19.1 19.4 19.2 20.1 19.6 19.9 
Direction:  n n n {33 147} {32 148} {26 154} {34 146} n n n n n n n n n n n n n n n {35 145} n n n n n n n n n n n n n n n n n n n {34 146} n n n n n n n n n n n n n n n n n n n {31 149} n n n n n n n n n n n n n n n n n n n n n n n n n n n n n n n n n n n {37 143} n n n n n n n n n n n n n n n n n n n n n n n n n n n n n n n n n n n n n n n n n n n n n n n n n n n n n n n n n n n n n n n n n n n n n n n n n n n n n n n n n n n n n n n n n n n n n n n n n n n n n

