54.0: Count:   3.1 (  0.1) A:  18.7 [16-41] B:  31.6 [16-86] Phase: 89% 148 (26.3) Direction:  {49 131}  10% 159 (14.6) Direction:  {55 125}
Phase: {8,0,3,2,1,5,3,3,2,6,1,3,5,7,2,5,5,1,7,3,6,3,8,3,6,12,4,11,8,2,15,15,10,11,20,14,17,18,25,21,27,16,20,25,39,42,25,51,35,44,42,32,64,41,50,57,67,70,58,69,101,79,85,108,82,83,107,92,112,110,120,111,140,138,149,171,162,201,171,201,190,204,203,271,212,235,235,252,297,244,325,281,331,350,343,341,363,445,399,460,484,502,478,629,611,636,700,706,885,726,777,948,1008,992,976,1031,1002,1252,1253,1265,1228,1355,1415,1406,1445,1560,1539,1604,1746,1654,1869,1912,1740,2116,1795,2249,2031,2342,2013,2398,2347,2273,2501,2371,2611,2578,2584,2628,2609,2603,2562,2540,2672,2759,2296,2520,2441,2424,2363,2361,2340,2143,2260,2089,2024,2065,1926,1974,1732,1844,1695,1768,1583,1632,1531,1562,1440,1358,1400,1202,1484,1149,1173,1118,1089,1015,957,989,847,875,836,759,713,685,668,613,563,525,516,447,465,411,376,379,383,344,302,336,305,286,292,268,240,267,233,255,245,205,215,198,201,198,181,187,163,166,132,156,124,142,118,98,107,113,107,96,81,89,79,62,69,52,66,77,49,46,51,34,44,40,37,31,36,20,20,26,24,23,20,21,22,16,14,11,10,10,11,15,7,7,13,7,7,8,6,13,4,6,2,9,9,4,5,5,4,5,2,4,4,2,1,2,8,8,4,9,2,7,2,4,15,7,4,8,7,8,13,13,11,8,16,9,7,15,9,20,15,22,10,16,26,6,22,21,16,12,16,18,23,23,32,11,23,21,11,13,15,8,11,13,7,11,12,15,17,11,4,10,4,6,6,7,5,8,2,2,4,3,3,6}
Count:   3.0   3.0   3.1   3.1   3.4   3.1   3.3   3.2   3.3   3.1   3.3   3.3   3.1   3.2   3.3   3.0   3.2   3.0   3.3   3.1   3.0   3.3   3.2   3.1   3.1   3.1   3.1   3.1   3.1   3.1   3.1   3.2   3.0   3.3   2.9   3.1   2.9   3.1   3.0   3.3   2.9   3.3   3.1   3.2   3.2   3.1   3.0   3.1   3.1   3.2   3.0   3.1   3.0   3.1   3.1   3.1   2.9   3.0   3.1   3.2   3.0   3.1   3.0   3.3   3.0   3.0   3.1   3.3   3.0   3.0   3.3   3.1   3.1   3.1   3.1   2.9   3.3   3.2   3.1   3.0   3.2   3.0   3.1   2.9   3.0   2.9   3.2   2.8   3.1   3.0   3.2   3.3   3.1   3.0   3.1   3.0   2.8   3.2   2.9   3.4   2.9   3.0   3.0   3.4   3.0   3.1   2.8   3.1   2.9   3.2   2.8   3.0   2.7   3.1   2.8   3.2   2.9   3.0   3.1   3.2   3.1   3.1   3.0   2.9   2.9   3.1   3.3   2.9   3.1   3.2   2.9   3.0   3.2   3.2   3.1   3.1   3.0   3.0   3.1   2.9   3.2   2.8   3.3   3.1   3.3   2.8   3.4   3.0   3.4   2.9   3.3   3.0   3.1   2.9   3.3   3.0   3.1   3.1   3.2   3.1   3.0   3.1   3.1   3.2   3.1   3.2   2.9   3.3   2.8   3.2   2.9   3.2   2.9   3.4   3.0   3.4   2.8   3.0   2.9   3.4   3.0   3.1   3.1   3.0   3.1   3.1   3.1   3.0   3.1   3.1   3.1   3.1   3.0   2.9   3.1   3.3   2.9   2.9   3.2   3.2 
Direction:  n n n n n n n n n n n n n n n n n n n n n n n n n n n n n n n n n n n n n n n n n n n n n n n n n n n n n n n n n n n n n n n n n n n n n n n n n n n n n n n n n n n n n n n n n n n n n n n n n n n n n n n n n n n n n n n n n n n n n n n n n n n n n n n n n n n n n n n n n n n n n n n n n n n n n n n n n n n n n n n n n n n n n n n n n n n n n n n n n n n n n n n n n n n n n n n n n n n n n n n n

54.1: Count:   3.8 (  0.2) A:  19.0 [16-41] B:  31.2 [16-89] Phase: 100% 149 (30.2) Direction:  {50 130}
Phase: {4,0,2,1,1,4,1,2,1,3,4,1,3,4,3,4,4,4,2,4,4,3,7,3,5,3,4,9,7,9,11,14,11,13,7,9,9,10,17,16,15,22,11,31,18,35,27,39,30,39,46,34,40,59,47,47,62,51,73,61,85,78,93,106,80,100,106,104,114,143,104,123,147,150,153,184,173,189,220,249,244,270,275,318,294,380,317,393,422,360,568,399,482,566,498,572,573,649,576,706,652,729,737,877,786,907,902,958,1083,981,1067,1180,1271,1258,1381,1428,1368,1580,1644,1621,1818,1851,1942,1938,2054,2145,2227,2231,2413,2250,2489,2587,2401,2708,2445,2895,2387,2749,2564,2773,2759,2608,2755,2688,2762,2653,2596,2740,2754,2727,2879,2671,2802,2961,2487,2696,2718,2767,2767,2776,2745,2393,2763,2674,2561,2611,2445,2578,2338,2345,2375,2279,1999,2258,1985,1852,1845,1778,1701,1491,1966,1363,1532,1405,1347,1344,1243,1191,1090,1122,1004,895,896,873,784,828,717,714,757,633,579,605,593,528,523,508,400,485,463,365,383,360,330,296,289,283,258,245,219,213,212,191,191,153,137,174,93,149,93,93,92,77,103,91,78,79,62,71,61,56,59,51,46,40,32,45,46,30,28,31,16,19,25,29,31,25,17,17,11,15,17,5,9,12,8,9,7,9,6,5,10,2,5,6,3,2,1,9,4,1,1,2,0,4,2,8,4,0,7,2,3,1,2,4,1,1,1,0,3,1,5,4,7,4,3,1,4,10,4,6,15,6,2,10,4,13,8,16,5,13,22,4,11,19,3,21,15,18,10,15,16,7,10,11,14,6,2,4,6,8,9,4,14,7,6,7,2,1,3,0,3,2,1,5,1,2,3,4,1,3}
Count:   3.5   3.9   3.7   3.8   3.8   3.8   4.0   3.8   4.0   3.8   4.2   4.0   4.0   3.6   4.0   3.6   4.3   3.6   4.1   3.5   4.1   3.5   4.0   3.7   3.8   3.8   3.9   3.6   3.8   3.7   3.7   4.0   3.7   4.2   3.6   4.0   3.5   4.0   3.5   4.1   3.5   3.9   3.6   3.9   3.7   3.8   3.7   3.8   3.6   4.0   3.8   3.8   3.7   3.7   3.8   3.7   3.6   3.7   3.8   3.6   3.7   3.7   3.7   4.1   3.7   3.9   3.7   3.9   3.6   3.9   3.7   4.0   3.8   3.8   3.8   3.8   3.8   3.7   3.9   3.8   3.8   3.3   4.1   3.3   4.2   3.5   3.7   3.5   3.9   3.6   4.0   3.7   3.8   3.6   3.7   3.9   3.7   3.7   3.5   3.9   3.4   3.8   3.4   4.0   3.5   3.9   3.4   3.8   3.5   3.7   3.5   3.7   3.6   3.7   3.5   3.7   3.6   3.7   3.8   3.8   3.8   3.8   3.7   3.6   3.8   3.8   3.7   3.7   3.8   3.9   3.7   3.9   3.6   4.0   3.6   3.8   3.5   3.8   3.8   3.9   3.8   3.8   3.8   3.5   3.9   3.4   4.0   3.5   4.1   3.5   4.1   3.4   4.1   3.5   4.0   3.5   3.7   3.5   3.9   3.7   3.8   3.7   3.7   4.0   3.7   3.9   3.6   4.0   3.5   4.1   3.7   4.1   3.6   4.1   3.5   4.1   3.5   3.7   3.5   4.0   3.7   4.0   3.6   3.9   3.7   3.8   3.9   3.6   3.7   3.7   3.7   4.0   3.7   3.7   3.9   3.8   3.7   3.9   3.8   4.1 
Direction:  n n n n n n n n n n n n n n n n n n n n n n n n n n n n n n n n n n n n n n n n n n n n n n n n n n n n n n n n n n n n n n n n n n n n n n n n n n n n n n n n n n n n n n n n n n n n n n n n n n n n n n n n n n n n n n n n n n n n n n n n n n n n n n n n n n n n n n n n n n n n n n n n n n n n n n n n n n n n n n n n n n n n n n n n n n n n n n n n n n n n n n n n n n n n n n n n n n n n n n n n

54.2: Count:   3.8 (  0.2) A:  19.2 [16-38] B:  31.6 [16-87] Phase: 100% 148 (31.1) Direction:  {49 131}
Phase: {0,0,0,0,1,0,0,0,1,0,0,0,0,0,0,0,0,0,0,0,0,0,0,0,0,1,0,0,1,1,4,2,0,0,0,4,3,5,2,1,3,2,2,9,0,4,1,7,2,9,8,9,5,13,9,2,12,10,14,11,17,23,22,35,15,31,41,28,37,45,54,41,64,81,96,85,101,93,98,118,113,145,154,175,179,192,229,233,278,283,441,311,433,476,506,512,604,707,676,744,829,870,897,982,1037,1070,1125,1169,1328,1262,1432,1527,1393,1461,1626,1717,1607,1951,1999,1894,2060,2039,2189,2110,2233,2365,2483,2402,2538,2499,2420,2573,2569,2806,2510,2855,2607,2910,2595,2741,2802,2744,2930,2691,2809,2812,2775,2686,2771,2838,2825,2622,2813,2968,2594,2736,2729,2841,2757,2766,2640,2508,2787,2731,2674,2692,2544,2626,2426,2485,2428,2253,2207,2364,2103,2045,2014,1927,2048,1705,2019,1599,1690,1740,1579,1431,1315,1442,1213,1341,1142,1113,1015,996,857,866,845,790,705,615,613,564,536,509,426,425,333,315,344,283,265,223,180,170,156,118,123,112,91,70,83,54,55,76,50,57,31,43,23,25,32,29,22,20,19,16,20,8,28,9,5,8,14,6,6,17,3,4,4,5,2,3,6,0,3,4,5,0,2,1,1,1,0,1,2,1,1,4,0,0,1,0,1,0,1,0,0,1,1,2,0,1,0,0,0,3,0,1,0,1,0,0,0,0,0,0,1,0,0,0,0,0,0,1,0,0,0,0,0,0,0,0,0,0,0,0,0,1,0,0,0,0,0,0,0,0,0,0,0,0,0,0,0,0,0,0,0,0,0,0,0,0,0,0,0,0,0,0,0,0,0,0,0,0,0,0,0,0,0,2}
Count:   3.5   4.0   3.7   4.0   3.7   4.1   3.9   3.9   3.9   4.1   4.1   4.1   4.1   3.9   4.1   3.5   4.5   3.6   4.3   3.5   4.1   3.4   4.3   3.6   3.9   3.8   3.9   3.6   4.0   3.7   3.5   3.9   3.5   4.0   4.0   4.1   3.6   4.0   3.6   4.2   3.5   4.1   3.6   4.0   3.7   3.9   3.7   3.8   3.7   3.7   3.8   3.8   3.9   3.8   3.9   3.8   3.9   3.9   3.7   3.9   3.6   4.0   3.5   4.2   3.6   4.2   3.5   4.0   3.6   4.2   3.7   4.0   4.0   4.0   3.7   4.0   3.9   3.7   4.0   3.9   4.1   3.6   4.3   3.6   4.3   3.2   4.1   3.4   4.0   3.3   4.2   3.7   3.9   3.6   4.0   3.6   3.8   3.8   3.6   4.0   3.6   3.9   3.5   4.0   3.4   3.9   3.5   3.9   3.6   3.9   3.6   4.0   3.7   3.7   3.7   3.6   3.8   3.7   3.9   3.8   4.0   4.0   4.0   3.9   3.8   3.9   3.6   4.0   3.8   4.1   3.7   4.3   3.6   4.2   3.6   4.1   3.7   4.2   3.7   4.0   3.8   3.9   3.8   3.7   3.9   3.9   4.3   3.5   4.2   3.5   4.3   3.4   4.4   3.5   4.1   3.7   4.0   3.4   4.1   3.6   3.8   3.6   4.0   4.2   3.6   4.0   3.8   3.9   3.6   4.3   3.6   4.2   3.6   4.3   3.4   4.1   3.7   4.0   3.6   3.9   3.8   3.8   3.8   3.7   3.8   3.7   3.9   3.8   3.7   3.9   3.8   3.8   3.6   3.9   4.0   4.1   3.5   4.2   3.7   4.1 
Direction:  n n n n n n n n n {47 133} n n n n n n n n n n n n n n n n n n n n n n n n n n n n n n n n n n n n n n n n n n n n n n n n n n n n n n n n n n n n n n n n n n n n n n n n n n n n n n n n n n n n n n n n n n n n n n n n n n n n n n n n n n n n n n n n n n n n n n n n n n n n n n n n n n n n n n n n n n n n n n n n n n n n n n n n n n n n n n n n n n n n n n n n n n n n n n n n n n n n n n n n n n n n n n

54.3: Count:   3.4 (  0.3) A:  18.8 [16-39] B:  33.4 [16-85] Phase: 100% 148 (24.1) Direction:  {49 131}
Phase: {0,0,0,0,0,0,0,0,0,0,0,0,0,0,0,0,0,0,0,0,0,0,0,1,0,0,0,0,0,0,1,0,0,0,0,0,0,0,0,0,0,1,0,1,1,1,0,4,0,2,0,4,0,4,2,0,0,2,0,2,1,2,2,11,4,7,5,13,4,10,10,10,20,20,15,19,15,25,15,16,21,20,54,48,39,55,62,92,60,82,110,122,125,117,148,185,225,284,249,273,352,337,383,470,441,514,559,602,793,657,776,1005,1007,1061,1127,1211,1180,1441,1538,1561,1789,1853,1984,2030,2126,2191,2364,2384,2644,2534,2694,2799,2742,3044,2821,3171,2793,3268,3060,3114,3047,2995,3204,3079,3266,3212,3221,3121,3218,3100,3221,3109,3147,3399,2930,3168,3163,3109,3048,3118,3121,2719,3127,2901,2838,2757,2685,2694,2547,2338,2386,2294,2071,2089,1953,1872,1681,1657,1499,1243,1481,1095,1145,1026,993,805,780,774,687,640,600,511,518,466,411,413,299,265,243,221,198,183,173,153,125,129,74,108,81,82,51,55,35,35,24,39,22,28,27,25,19,9,11,19,9,15,5,10,3,5,6,2,6,2,7,5,0,3,3,2,0,3,1,2,2,1,0,0,0,4,0,0,1,0,0,0,0,0,2,0,0,0,0,1,1,0,0,0,0,0,0,0,0,0,0,2,0,0,0,0,0,0,0,0,0,0,0,0,0,0,0,0,0,0,0,0,0,0,0,0,0,0,0,0,0,0,0,2,0,0,0,0,0,0,0,0,0,0,0,0,0,0,0,0,0,0,0,0,0,0,0,0,0,0,0,0,0,0,0,0,0,0,0,0,0,0,0,0,0,0,0,0,0,0,0,0,0,0,0,0}
Count:   3.3   3.6   3.2   3.8   3.4   3.8   3.2   3.5   3.3   3.7   3.5   3.5   3.7   3.4   3.7   3.2   3.9   3.3   4.1   3.2   3.9   3.0   3.9   3.1   3.8   3.1   3.8   3.2   3.3   3.1   3.3   3.4   3.2   3.5   3.4   3.6   3.3   3.6   3.0   3.7   3.2   3.5   3.1   3.4   3.3   3.8   3.3   3.4   3.5   3.4   3.8   3.5   3.4   3.3   3.6   3.4   3.5   3.4   3.5   3.4   3.5   3.5   3.4   3.6   3.2   3.8   3.2   3.6   3.2   3.8   2.8   3.8   3.1   3.6   3.3   3.8   3.5   3.4   3.4   3.7   3.6   2.9   3.7   3.0   3.8   2.8   3.9   3.1   3.6   2.9   3.8   3.1   3.7   3.1   3.7   3.0   3.4   3.3   3.3   3.5   3.2   3.5   3.1   3.7   3.1   3.4   3.2   3.5   3.2   3.3   3.3   3.4   3.0   3.2   3.3   3.3   3.5   3.3   3.4   3.1   3.6   3.3   3.6   3.3   3.5   3.3   3.4   3.6   3.5   3.6   3.2   4.0   3.3   3.9   3.0   3.7   3.2   3.8   3.0   3.8   3.4   3.9   3.4   3.3   3.3   3.5   3.6   3.1   3.8   3.5   3.9   3.0   3.9   3.2   3.7   3.0   3.8   3.0   3.8   3.0   3.6   3.0   3.6   3.6   3.4   3.6   3.6   3.6   3.1   3.7   3.2   3.6   3.1   3.8   3.0   3.6   3.1   3.8   3.3   3.7   3.5   3.3   3.5   3.3   3.5   3.2   3.5   3.7   3.2   3.3   3.5   3.6   3.4   3.3   3.6   3.6   3.3   3.5   3.1   3.9 
Direction:  n n n n n n n n n n n n n n n n n n n n n n n n n n n n n n n n n n n n n n n n n n n n n n n n n n {44 136} n n n n n n n n n n n n n n {48 132} n n n n n n n n {54 126} n n n n {53 127} n n n n {51 129} n n n n n {56 124} n n n n n n n n n n n n n n n n n n n n n n n n n n n n n n n n n n n n n n n n n n {54 126} n n n n n n n n n n n n n n n n {46 134} n n n n n n n n n n n n n n n n n n n n n n n n n n n n n n n n n n n n n n n n n n n n n n n n n

54.4: Count:   3.1 (  0.3) A:  18.5 [16-36] B:  34.8 [16-86] Phase: 100% 148 (19.9) Direction:  {49 131}
Phase: {0,0,0,0,0,0,0,0,0,0,0,0,0,0,0,0,0,0,0,0,0,0,0,0,0,0,0,0,0,0,0,0,0,0,0,0,0,0,0,0,0,0,0,0,0,0,0,0,0,0,0,0,0,0,0,0,0,0,0,1,2,0,0,1,0,0,0,0,0,3,2,0,0,0,0,2,3,3,7,1,14,5,6,8,4,11,6,8,14,19,20,17,26,31,43,35,58,70,53,74,94,116,144,127,173,202,207,288,331,321,468,484,535,630,735,804,845,1054,1195,1162,1418,1460,1568,1689,1824,1992,2115,2153,2431,2462,2639,2705,2637,3102,2753,3208,2959,3384,3140,3389,3309,3386,3476,3379,3711,3424,3440,3464,3414,3276,3506,3449,3466,3674,3139,3345,3352,3209,3408,3138,3039,2785,3001,2760,2736,2669,2523,2405,2207,2093,2014,2038,1750,1724,1488,1443,1279,1222,1100,910,1064,678,679,591,514,502,426,382,299,278,242,203,164,143,118,98,69,79,66,54,37,42,30,20,20,23,15,14,13,18,11,5,8,6,7,11,3,2,5,5,4,3,3,3,0,2,1,3,0,1,0,0,1,1,5,0,2,2,0,0,0,0,0,0,0,0,0,0,0,0,0,0,0,0,0,0,0,0,0,0,0,0,0,0,0,0,0,0,0,0,0,0,0,0,0,0,0,0,0,0,0,0,0,0,0,0,0,0,0,0,0,0,0,0,0,0,0,0,0,0,0,0,0,0,0,0,0,0,0,0,0,0,0,0,0,0,0,0,0,0,0,0,0,0,0,0,0,0,0,0,0,0,0,0,0,0,0,0,0,0,0,0,0,0,0,0,0,0,0,0,0,0,0,0,0,0,0,0,0,0}
Count:   3.1   3.4   2.8   3.6   3.1   3.5   2.6   3.4   3.0   3.4   3.1   3.3   3.1   3.3   3.3   2.9   3.4   3.0   3.6   2.8   3.2   2.7   3.6   2.9   3.6   2.6   3.4   3.1   3.1   2.7   3.1   3.1   2.6   3.0   3.4   3.2   3.0   3.3   2.9   3.2   3.0   3.1   2.8   3.0   3.0   3.6   3.0   2.9   3.0   3.0   3.5   3.1   3.0   2.8   3.2   3.0   2.8   2.7   3.1   3.1   2.9   3.0   3.1   3.1   2.8   3.2   3.0   3.3   2.6   3.7   2.5   3.4   2.8   3.4   2.8   3.2   3.0   3.2   3.2   3.4   2.9   2.5   3.0   3.1   3.6   2.5   3.6   2.8   3.5   2.3   3.4   2.8   3.3   2.9   3.3   2.6   3.3   2.9   2.8   3.0   2.9   3.2   2.7   3.1   2.9   3.0   2.9   3.3   2.6   2.8   2.9   3.1   2.5   2.8   2.9   2.9   3.0   2.8   3.2   2.8   3.3   2.9   3.0   2.9   3.3   2.9   3.0   3.0   2.9   3.2   3.0   3.7   3.2   3.5   2.6   3.2   2.7   3.3   2.8   3.3   2.9   3.5   2.9   3.1   2.8   3.5   3.1   2.8   3.1   3.2   3.4   2.7   3.6   2.8   3.6   2.6   3.5   2.6   3.3   2.8   3.4   2.8   3.2   3.2   3.3   3.3   3.1   3.1   2.7   3.2   2.7   3.2   2.9   3.2   2.8   3.2   2.8   3.3   2.9   3.2   2.8   3.2   3.1   3.2   3.0   2.6   3.4   3.1   2.7   2.8   3.4   3.2   3.1   2.9   3.3   3.1   3.1   3.3   2.9   3.5 
Direction:  n n n {43 137} n n n {54 126} n n n {49 131} n n {48 132} n n n {46 134} n n n {46 134} n {52 128} n {50 130} n n n n n n n {51 129} n n n n n n n n n n n n n n n {51 129} {45 135} n n n n n n n n n n n n n n n {47 133} n n n n n {49 131} n n n n {52 128} {47 133} n n n n {49 131} n {50 130} n {48 132} n {50 130} n n n {47 133} n {49 131} n n n n n n n n n n n n n n n n n n n n n n n {47 133} n n n n n n n n n n {53 127} {47 133} {52 128} n n n {48 132} n {47 133} n {46 134} n {52 128} n {51 129} n n n n n n {49 131} n n n {51 129} n n n {48 132} n n n n {45 135} n {47 133} n n n n n n n n n n n n n n n n n n {55 125} n n n n n n n n n n n n {50 130}

54.5: Count:   2.9 (  0.3) A:  18.4 [16-37] B:  34.9 [16-87] Phase: 100% 147 (19.4) Direction:  {48 132}
Phase: {0,0,0,0,0,0,0,0,0,0,0,0,0,0,0,0,0,0,0,0,0,0,0,0,0,0,0,0,0,0,0,0,0,0,0,0,0,0,0,0,0,0,0,0,0,0,0,0,0,1,0,0,0,0,0,0,2,0,0,0,0,0,1,3,0,5,1,0,4,1,1,7,8,1,3,2,1,6,5,9,6,12,7,11,14,11,15,17,21,11,35,29,38,42,49,60,66,53,83,103,100,115,117,167,185,191,203,244,312,273,398,429,513,581,579,661,654,872,971,1014,1141,1274,1485,1493,1737,1721,2046,1928,2264,2344,2360,2628,2526,3056,2704,3161,2965,3356,3096,3422,3286,3247,3457,3363,3420,3427,3280,3369,3462,3372,3377,3407,3449,3460,2961,3344,3346,2915,3017,2936,2876,2797,2953,2616,2441,2512,2277,2308,2007,1903,1844,1815,1586,1521,1340,1197,1032,1012,865,708,828,565,526,464,424,359,334,292,219,232,192,171,154,143,92,102,79,78,57,43,40,44,28,38,35,39,14,25,7,14,13,9,6,2,5,7,6,9,4,3,3,3,2,1,1,0,0,1,2,2,1,1,1,0,0,2,0,0,1,0,0,0,0,1,0,0,0,0,0,0,0,0,0,0,0,0,0,0,0,0,0,0,0,0,0,0,0,0,0,0,0,0,0,0,0,0,0,0,0,0,0,0,0,0,0,0,0,0,0,0,0,0,0,0,0,0,0,0,0,0,0,0,0,0,0,0,0,0,0,0,0,0,0,0,0,0,0,0,0,0,0,0,0,0,0,0,0,0,0,0,0,0,0,0,0,0,0,0,0,0,0,0,0,0,0,0,0,0,0,0,0,0,0,0,0,0,0,0,0,0}
Count:   2.9   3.0   2.7   3.2   2.9   3.4   2.4   3.3   2.5   3.2   2.7   3.2   3.0   3.0   3.0   2.9   3.1   2.9   3.2   2.7   3.1   2.4   3.4   2.6   3.3   2.3   3.3   2.9   3.0   2.5   2.9   3.0   2.7   2.7   3.1   3.0   2.9   3.0   2.7   2.9   2.9   3.1   2.6   2.6   2.9   3.2   3.0   2.7   2.9   3.0   3.3   3.0   3.1   2.6   3.1   2.8   2.8   2.6   2.8   3.0   2.8   3.0   3.0   3.0   2.8   3.0   2.8   3.3   2.4   3.2   2.7   3.2   2.6   3.1   2.6   3.5   2.7   3.0   2.6   3.3   2.8   2.6   3.0   3.1   3.3   2.2   3.2   2.7   3.7   2.2   2.8   2.7   3.1   2.8   3.0   2.4   2.9   2.8   2.5   2.7   2.9   2.8   2.7   3.1   2.9   2.7   2.7   3.1   2.5   2.6   2.8   3.3   2.7   2.5   2.8   2.7   2.7   2.6   2.9   2.6   3.1   2.6   2.7   2.6   3.3   2.6   2.8   2.8   3.1   3.0   2.9   3.2   2.9   3.2   2.4   3.2   2.7   3.1   2.4   3.2   2.5   3.4   2.7   3.2   2.7   3.2   2.7   2.7   2.7   3.2   3.1   2.8   3.1   2.4   3.2   2.7   3.4   2.4   3.0   2.5   3.2   2.6   2.9   3.0   3.1   2.9   3.0   2.8   2.6   3.0   2.9   2.9   2.8   3.0   2.8   3.0   2.7   3.0   3.0   2.8   2.9   3.0   2.9   2.7   3.2   2.7   3.0   2.8   2.9   2.6   3.2   2.9   2.9   2.7   3.2   2.8   2.9   3.0   2.9   3.2 
Direction:  n n n n {47 133} n n {51 129} n {46 134} n n n n n n {51 129} n n n n n n n n n {49 131} n n n n n n n {50 130} n n n n n n n n n n n n n n n {44 136} n {50 130} n n n n n n n n n {51 129} n n n n {49 131} n {51 129} n n n n n {50 130} n n n n n n n {47 133} {51 129} n n n {53 127} n n n n n n n n n n n n n n n n n n n n n n {51 129} n n n n n n n n {48 132} n n n {46 134} n {49 131} n n n n n n n n n n {47 133} n n n n n n n {46 134} n n n {49 131} n n {49 131} n n n {54 126} n {44 136} n n n n n n n n n n n n n n n n n n n n n n n n n {43 137} n {48 132} n n n n n n n n n n n n {44 136}

54.6: Count:   2.7 (  0.2) A:  18.4 [16-38] B:  34.6 [16-86] Phase: 100% 147 (18.2) Direction:  {48 132}
Phase: {0,0,0,0,0,0,0,0,0,0,0,0,0,0,0,0,0,0,0,0,0,0,0,0,0,0,0,0,0,0,0,0,0,0,0,0,0,0,0,0,0,0,0,0,0,0,0,0,0,0,0,0,0,1,0,0,0,0,0,0,2,0,1,0,1,1,1,2,1,0,0,0,9,4,2,4,6,4,5,7,6,8,3,11,24,14,13,19,27,12,29,32,42,62,66,59,78,81,81,109,120,153,160,173,216,244,296,342,368,347,432,539,554,617,686,700,646,928,1000,959,1071,1253,1301,1394,1401,1586,1720,1782,1982,2035,2107,2221,2248,2461,2414,2916,2635,3207,2844,3126,3214,3089,3404,3296,3562,3311,3274,3389,3367,3351,3426,3244,3314,3498,3018,3191,3078,2928,2857,2652,2661,2370,2540,2313,2237,2045,1961,1837,1616,1581,1506,1508,1310,1250,1143,969,987,899,901,619,785,615,626,511,461,441,402,410,291,279,261,216,181,198,139,145,101,106,67,74,47,40,34,19,30,23,20,14,14,15,13,6,8,10,9,3,1,5,3,6,2,2,0,0,2,5,0,2,0,0,0,1,0,1,0,0,0,0,0,0,0,0,0,0,1,0,0,0,0,0,0,0,0,0,0,0,0,0,0,0,0,0,0,0,0,0,0,1,0,0,0,0,0,0,0,0,0,0,0,0,0,0,0,0,0,0,0,0,0,0,0,0,0,0,0,0,0,0,0,0,0,0,0,0,0,0,0,0,0,0,0,0,0,0,0,0,0,0,0,0,0,0,0,0,0,0,0,0,0,0,0,0,0,0,0,0,0,0,0,0,0,0,0,0,0,0,0,0,0,0,0,0,0,0,0,0,0,0,0,0}
Count:   2.9   2.6   2.4   3.0   2.8   3.0   2.3   3.2   2.6   2.9   2.6   3.2   2.6   2.9   2.6   2.9   2.7   2.7   2.9   2.7   2.9   2.6   3.3   2.6   2.7   2.4   3.0   2.5   2.8   2.3   2.7   2.7   2.9   2.5   3.0   2.5   2.8   2.9   2.8   2.7   2.7   2.9   2.7   2.4   2.7   2.9   2.8   2.6   2.8   2.7   2.7   2.8   3.0   2.8   2.7   2.9   2.7   2.3   2.8   2.9   2.6   2.6   2.6   2.9   2.4   3.0   2.9   3.0   2.2   2.9   2.6   3.2   2.3   2.7   2.5   3.0   2.5   3.0   2.4   3.0   2.7   2.6   2.5   2.9   2.8   2.3   2.8   2.4   3.0   2.3   2.6   2.8   3.1   2.6   3.0   2.4   2.7   2.4   2.8   2.3   2.7   2.4   2.7   2.9   2.7   2.4   2.9   3.0   2.4   2.4   2.6   2.9   2.7   2.4   2.6   2.6   2.6   2.5   2.7   2.7   3.1   2.9   2.7   2.1   2.9   2.5   2.6   2.4   2.7   2.9   2.9   2.9   3.0   3.1   2.5   3.2   2.6   2.9   2.2   2.7   2.5   2.9   2.6   3.0   2.4   2.7   2.8   2.6   2.6   3.0   2.6   2.6   2.7   2.6   2.8   2.7   3.0   2.3   3.2   2.6   3.0   2.7   2.7   2.6   3.0   2.5   3.0   2.6   2.6   2.6   3.0   2.7   2.5   2.8   2.9   2.9   2.6   2.6   2.6   2.5   2.8   2.7   2.7   2.6   2.9   2.7   2.8   2.8   2.8   2.3   2.9   2.9   2.6   2.5   2.8   2.7   2.7   2.7   2.9   3.1 
Direction:  n n n {49 131} n {48 132} n n n n n n n n n n n n n n n n {46 134} n n n {49 131} n n n n n n n n n n n n n n {47 133} n n n n n n n n n {49 131} {47 133} n n n n n n {48 132} n n n n n n n n n {47 133} n n n n n n n n n n n n n n {49 131} n n n n n n n {50 130} n {50 130} n n n n n n n n n n n n n n n n n n n n n n n n n {50 130} n n n n n n n n {50 130} n n n {47 133} n n n {47 133} n n n n n n n n n n n n n n n n n n n n {49 131} n n n n n {49 131} n {47 133} n n n n n n n n n n n n n n n n n n n n n n n n n n n n n n n {47 133} {52 128}

54.7: Count:   2.7 (  0.2) A:  18.6 [16-37] B:  33.5 [16-85] Phase: 100% 147 (20.7) Direction:  {48 132}
Phase: {0,0,0,0,0,0,0,0,0,0,0,0,0,0,0,0,0,0,0,0,0,0,0,0,0,0,0,0,0,0,0,0,0,0,0,0,0,0,0,2,0,0,0,0,0,0,0,3,0,1,0,0,0,0,0,1,2,0,3,0,2,0,0,0,2,1,0,0,3,2,2,3,6,2,1,10,6,10,0,19,19,8,15,20,22,27,26,31,42,21,79,49,73,64,58,72,97,122,94,142,169,198,196,284,301,305,324,385,459,422,543,578,676,730,737,814,807,1078,1150,1201,1282,1340,1492,1571,1696,1958,2002,2009,2135,2193,2284,2324,2231,2742,2491,2898,2641,2904,2604,2854,3032,2869,2966,2930,3092,3083,2745,2896,2861,2849,2903,2797,2921,3062,2527,2790,2882,2597,2668,2544,2526,2186,2560,2353,2196,2070,2166,2010,1805,1870,1656,1620,1387,1439,1294,1182,1117,1049,970,744,912,621,701,610,513,500,421,438,330,338,317,260,238,205,206,214,103,115,102,97,78,57,66,60,51,45,29,29,27,14,19,19,17,25,27,5,17,4,4,4,10,9,2,7,8,3,1,0,2,0,3,0,0,0,0,2,1,0,1,0,0,0,0,1,0,0,0,0,0,0,0,0,0,0,0,0,0,0,0,0,0,0,0,0,0,0,0,0,0,0,0,0,0,0,0,0,0,0,0,0,0,0,0,0,0,0,0,0,0,0,0,0,0,0,0,0,0,0,0,0,0,0,0,0,0,0,0,0,0,0,0,0,0,0,0,0,0,0,0,0,0,0,0,0,0,0,0,0,0,0,0,0,0,0,0,0,0,0,0,0,0,0,0,0,0,0,0,0,0,0,0,0,0,0,0,0,0,0,0,0}
Count:   2.7   2.7   2.4   2.8   2.7   2.9   2.4   3.2   2.8   3.0   2.7   3.0   2.7   3.0   2.6   2.9   2.5   2.5   2.6   2.8   2.6   2.6   2.9   2.9   2.7   2.4   3.0   2.6   3.0   2.5   3.1   2.6   2.8   2.6   2.8   2.4   2.9   2.6   2.6   2.7   2.5   2.9   2.8   2.5   2.8   2.8   2.8   2.6   2.8   2.7   2.8   3.2   2.6   2.7   2.7   2.9   2.8   2.5   2.6   3.0   2.5   2.6   2.5   3.0   2.3   2.6   2.7   2.8   2.5   2.7   2.8   3.4   2.2   2.7   2.6   3.0   2.4   2.9   2.3   2.9   2.7   2.6   2.7   2.9   2.6   2.6   2.6   2.7   2.7   2.5   2.5   2.5   2.8   2.6   3.1   2.6   2.9   2.4   2.8   2.4   2.7   2.3   2.8   2.6   2.6   2.6   2.3   2.9   2.6   2.5   2.8   3.0   2.8   2.3   2.7   2.3   2.6   2.5   2.4   2.7   2.6   2.9   2.8   2.6   2.8   2.9   2.8   2.5   2.7   2.8   2.4   2.8   2.9   3.2   2.5   2.7   2.7   3.2   2.5   2.7   2.5   2.9   2.7   3.0   2.3   2.6   2.4   2.6   2.8   3.0   2.6   2.8   2.8   2.6   2.6   2.6   2.6   2.4   2.9   2.6   3.1   2.4   2.9   2.4   3.0   2.5   2.8   2.6   2.7   2.4   2.7   2.4   2.4   2.9   3.0   2.5   2.7   2.9   2.8   2.4   2.9   2.6   2.7   2.7   2.6   2.4   2.9   3.0   2.8   2.8   2.9   3.0   2.8   2.5   2.7   2.7   2.5   2.6   2.6   2.9 
Direction:  n n n n n n n n n n n n n n n n n n n n n n n n n n n n n n n n n n n n n n n n n n n n n n n n n n n n n n n n n n n n n n n n n n n n n n n n n n n n n n n n n n n n n n n n n n n n n n {51 129} n n n n n n n n n n n n n n n n n n n n n n n n n n n n n n n n n n n n n n n n n n {47 133} n n n {45 135} n n n n n n n n n n n n n n n n n n n n n n n n n n n n n n n n n n n n n n n n n n n n n n n n n n n n n n n n n n

54.8: Count:   2.5 (  0.2) A:  18.5 [16-39] B:  32.4 [16-81] Phase: 100% 147 (21.7) Direction:  {48 132}
Phase: {0,0,0,0,0,0,0,0,0,0,0,0,0,0,0,0,0,0,0,0,0,0,0,0,0,0,0,0,0,0,0,0,0,0,0,0,0,0,0,0,0,0,0,0,0,0,0,0,2,0,0,0,0,0,1,2,1,1,1,0,4,0,7,0,2,2,3,6,2,3,7,10,3,7,5,12,11,10,8,14,12,14,22,20,27,33,32,44,40,50,79,43,76,88,117,100,110,162,152,195,186,243,283,302,328,382,363,449,471,502,597,591,596,655,806,820,838,1048,1100,1071,1172,1399,1385,1469,1494,1627,1839,1871,2142,2045,2174,2217,2104,2542,2379,2618,2407,2738,2481,2678,2592,2696,2643,2610,2654,2596,2564,2484,2626,2573,2655,2467,2715,2694,2298,2631,2550,2553,2532,2305,2357,2124,2315,2219,2079,1990,1883,1815,1610,1590,1475,1335,1220,1310,1176,1069,969,931,859,713,872,658,617,602,515,465,475,492,349,348,350,269,249,227,197,177,157,153,129,109,110,84,75,58,54,59,34,46,41,33,20,11,17,20,11,9,13,5,10,6,8,8,10,4,7,5,4,5,0,2,7,2,2,2,0,2,0,0,0,0,0,0,1,0,0,0,0,0,0,0,0,0,0,0,0,0,0,0,0,0,0,0,0,0,0,0,0,0,0,0,0,0,0,0,0,0,0,0,0,0,0,0,0,0,0,0,0,0,0,0,0,0,0,0,0,0,0,0,0,0,0,0,0,0,0,0,0,0,0,0,0,0,0,0,0,0,0,0,0,0,0,0,0,0,0,0,0,0,0,0,0,0,0,0,0,0,0,0,0,0,0,0,0,0,0,0,0,0,0,0,0,0,0,0,0,0,0,0,0,0}
Count:   2.3   2.7   2.5   2.4   2.8   2.8   2.5   2.7   2.5   2.6   2.6   2.8   2.3   2.9   2.4   2.9   2.4   2.7   2.5   2.9   2.3   2.5   2.7   2.6   2.3   2.4   2.7   2.3   2.4   2.5   2.9   2.6   2.8   2.2   2.8   2.2   2.7   2.2   2.7   2.2   2.4   3.0   2.6   2.1   2.7   2.6   2.6   2.6   2.4   2.4   2.5   2.9   2.4   2.4   2.7   2.6   2.5   2.6   2.5   2.7   2.5   2.5   2.6   2.6   2.2   2.4   2.4   2.5   2.3   2.4   2.9   2.7   2.1   2.5   2.5   2.8   1.9   2.4   2.3   2.8   2.4   2.6   2.4   2.6   2.3   2.8   2.4   2.5   2.2   2.3   2.4   2.5   2.4   2.8   2.9   2.4   2.7   2.3   2.6   2.3   2.5   2.0   2.7   2.2   2.4   2.2   2.4   2.8   2.6   2.2   2.8   2.8   2.4   2.4   2.4   2.2   2.3   2.2   2.4   2.5   2.4   2.8   2.7   2.3   2.6   2.5   2.6   2.3   2.3   2.9   2.2   2.4   2.6   2.7   2.3   2.5   2.5   3.0   2.4   2.5   2.6   2.6   2.4   2.6   2.2   2.5   2.2   2.6   2.2   2.9   2.1   2.7   2.6   2.8   2.4   2.9   2.6   2.3   2.4   2.7   2.8   2.5   2.8   2.3   2.6   2.5   2.8   2.2   2.6   2.4   2.9   2.3   2.5   2.2   2.8   2.3   2.5   2.5   2.7   2.1   2.8   2.3   2.5   2.6   2.5   2.2   2.5   2.8   2.4   2.5   2.5   2.5   2.6   2.5   2.5   2.7   2.4   2.2   2.6   2.5 
Direction:  n n n n n n n n n n n n n n n n n n n n n n n n n n n n n n n n n n n n n n n n n n n n n n n n n n n n n n n n n n n n n n n n n n n n n n n n n n n n n n n n n n n n n n n n n n n n n n n n n n n n n n n n n n n n n n n n n n n n n n n n n n n n n n n n n n n n n n n n n n n n n n n n n n n n n n n n n n n n n n n n n n n n n n n n n n n n n n n n n n n n n n n n n n n n n n n n n n n n n n n n

54.9: Count:   2.1 (  0.2) A:  18.2 [16-36] B:  32.3 [16-76] Phase: 100% 146 (19.0) Direction:  {47 133}
Phase: {0,0,0,0,0,0,0,0,0,0,0,0,0,0,0,0,0,0,0,0,0,0,0,0,0,0,0,0,0,0,0,0,0,0,0,0,0,0,0,3,0,0,0,0,0,0,0,0,0,0,0,0,0,0,0,0,0,0,0,1,0,0,1,2,0,1,0,0,0,0,2,5,0,0,4,4,1,0,5,0,9,7,4,12,4,8,13,8,28,15,29,28,28,47,59,44,41,53,86,89,79,102,101,121,161,189,195,204,288,241,328,340,399,467,519,570,563,752,862,894,1045,1061,1224,1361,1345,1561,1508,1667,1761,1774,1917,1986,1851,2127,2056,2354,2082,2382,2202,2435,2350,2378,2573,2395,2619,2514,2580,2585,2606,2500,2469,2499,2525,2536,2037,2256,2156,2116,2231,2128,1954,1826,1951,1775,1674,1613,1699,1530,1428,1407,1313,1242,1023,1150,930,937,812,704,699,493,596,427,411,351,283,233,243,208,184,180,128,120,122,107,87,89,80,47,62,46,34,34,22,14,19,16,20,19,5,8,11,3,3,3,5,2,4,0,4,0,2,1,0,1,1,0,0,4,0,0,0,4,0,2,0,0,0,0,0,0,0,0,0,0,0,0,0,0,0,0,0,0,0,0,0,0,0,0,0,0,0,0,0,0,0,0,0,0,0,0,0,0,0,0,0,0,0,0,0,0,0,0,0,0,0,0,0,0,0,0,0,0,0,0,0,0,0,0,0,0,0,0,0,0,0,0,0,0,0,0,0,0,0,0,0,0,0,0,0,0,0,0,0,0,0,0,0,0,0,0,0,0,0,0,0,0,0,0,0,0,0,0,0,0,0,0,0,0,0,0,0,0,0,0,0,0,0,0,0,0}
Count:   2.2   2.0   2.2   2.2   2.6   2.2   2.6   2.3   2.0   2.2   2.2   2.2   1.8   2.4   2.0   2.3   2.2   2.5   2.1   2.8   2.0   2.4   2.0   2.3   2.1   2.3   2.0   2.0   1.9   1.9   2.5   2.3   2.5   1.9   2.5   1.8   2.4   2.0   2.5   1.7   2.2   2.2   2.1   1.6   2.1   2.1   2.2   2.3   1.9   2.3   2.0   2.4   1.9   2.1   2.0   2.0   2.0   2.4   2.2   2.2   2.1   2.1   2.3   2.1   1.9   1.9   2.4   1.9   1.9   2.0   2.7   2.1   1.8   2.1   2.1   2.3   1.5   2.1   2.1   2.4   2.0   2.3   1.9   2.3   1.8   2.5   1.9   2.3   1.7   2.4   2.0   2.1   1.9   2.4   2.1   2.2   2.0   1.8   2.4   1.9   2.3   1.9   2.3   2.0   2.3   1.6   2.1   2.2   2.1   1.7   2.1   2.2   2.1   1.8   2.0   2.3   2.0   2.2   2.0   2.0   1.7   2.4   2.1   1.8   2.0   2.2   2.2   1.9   2.0   2.4   1.9   2.0   2.3   2.4   2.2   2.1   2.2   2.2   2.0   2.4   2.0   2.1   2.1   2.2   2.1   2.1   1.7   2.4   1.7   2.4   1.5   2.4   1.9   2.4   1.9   2.4   1.8   2.3   1.8   2.1   2.1   1.9   2.2   2.2   2.1   2.0   2.6   1.9   2.4   1.9   2.2   2.0   2.1   1.8   2.5   1.9   2.2   2.0   2.2   1.9   2.2   2.5   2.1   2.3   1.9   2.3   2.0   2.5   1.8   2.2   2.0   2.4   2.0   2.2   1.9   2.4   2.0   1.8   2.3   2.4 
Direction:  n n n n n n n n n n n n n n n n n n n n n n n n n n n n n n n n n n n n n n n n n n n n n n n n n n n n n n n n n n n n n n n n n n n n n n n n n n n n n n n n n n n n n n n n n n n n n n n n n n n n n n n n n n n n n n n n n n n n n n n n n n n n n n n n n n n n n n n n n n n n n n n n n n n n n n n n n n n n n n n n n n n n n n n n n n n n n n n n n n n n n n n n n n n n n n n n n n n n n n n n

55.0: Count:   1.7 (  0.2) A:  17.8 [16-34] B:  32.5 [16-72] Phase: 100% 146 (16.6) Direction:  {47 133}
Phase: {0,0,0,0,0,0,0,0,0,0,0,0,0,0,0,0,0,0,0,0,0,0,0,0,0,0,0,0,0,0,0,0,0,0,0,0,0,0,0,0,0,0,0,0,0,0,0,0,1,0,0,0,0,0,0,0,0,0,0,0,0,0,0,0,0,0,0,0,1,0,0,2,0,0,0,0,0,0,0,0,0,0,0,0,0,2,2,0,6,2,9,8,10,13,10,15,18,19,7,33,40,22,44,54,75,68,93,116,119,122,171,189,219,274,337,389,307,506,567,588,775,754,851,963,1006,1118,1222,1256,1490,1378,1532,1637,1602,1841,1723,2041,1879,2170,2015,2204,2293,2289,2323,2228,2464,2498,2306,2348,2425,2237,2303,2227,2353,2386,2038,2117,1924,1964,1897,1779,1609,1550,1551,1477,1293,1288,1188,1216,993,1016,933,896,789,675,672,604,454,486,452,294,385,257,236,181,185,139,113,117,96,71,55,46,35,12,24,31,17,20,13,13,3,7,1,0,2,3,7,1,2,1,0,0,0,0,1,0,0,0,0,0,0,0,0,0,0,0,0,0,0,0,0,0,0,0,0,0,0,0,0,0,0,0,0,0,0,0,0,0,0,0,0,0,0,0,0,0,0,0,0,0,0,0,0,0,0,0,0,0,0,0,0,0,0,0,0,0,0,0,0,0,0,0,0,0,0,0,0,0,0,0,0,0,0,0,0,0,0,0,0,0,0,0,0,0,0,0,0,0,0,0,0,0,0,0,0,0,0,0,0,0,0,0,0,0,0,0,0,0,0,0,0,0,0,0,0,0,0,0,0,0,0,0,0,0,0,0,0,0,0,0,0,0,0,0,0,0,0,0,0,0}
Count:   1.8   1.5   2.0   1.7   2.2   1.8   2.3   1.8   1.7   1.7   2.0   1.7   1.6   1.8   1.5   1.8   1.4   2.0   1.5   2.0   1.7   2.2   1.5   2.0   1.6   2.3   1.7   1.7   1.7   1.8   2.3   1.9   2.0   1.5   1.9   1.2   2.0   1.9   2.1   1.4   1.9   1.8   1.9   1.4   1.6   1.6   1.9   1.9   1.5   1.8   1.5   2.0   1.6   1.7   1.3   1.9   1.7   2.0   1.7   1.6   1.7   1.7   1.9   1.6   1.7   1.6   2.2   1.6   1.9   1.4   2.0   1.5   1.6   1.3   1.8   1.9   1.7   1.8   1.9   1.9   1.5   1.8   1.4   1.7   1.3   2.2   1.3   2.0   1.3   2.2   1.5   1.8   1.5   1.9   1.7   1.7   1.7   1.5   1.6   1.6   1.7   1.4   1.9   1.9   2.2   1.4   1.8   1.7   1.8   1.2   1.6   1.6   1.6   1.6   1.5   1.8   1.8   2.1   1.5   1.8   1.4   1.9   1.5   1.4   1.5   2.0   1.6   1.7   1.8   1.7   1.7   1.6   1.9   1.9   2.0   1.6   1.8   1.6   1.8   1.5   1.7   1.5   1.7   2.1   1.6   1.6   1.6   2.1   1.5   1.7   1.2   1.9   1.5   2.1   1.3   2.2   1.2   2.1   1.6   2.0   1.6   1.9   1.8   1.7   1.6   1.6   2.1   1.5   1.9   1.6   1.9   1.5   1.5   1.5   2.1   1.6   1.8   1.5   1.9   1.8   1.6   2.1   1.6   2.0   1.6   1.8   1.5   2.0   1.6   1.9   1.5   1.7   1.4   1.8   1.7   1.6   1.7   1.7   1.7   1.7 
Direction:  n n n n n n n n n n n n n n n n n n n n n n n n n n n n n n n n n n n n n n n n n n n n n n n n n n n n n n n n n n n n n n n n n n n n n n n n n n n n n n n n n n n n n n n n n n n n n n n n n n n n n n n n n n n n n n n n n n n n n n n n n n n n n n n n n n n n n n n n n n n n n n n n n n n n n n n n n n n n n n n n n n n n n n n n n n n n n n n n n n n n n n n n n n n n n n n n n n n n n n n n

55.1: Count:   1.7 (  0.2) A:  17.8 [16-32] B:  31.7 [16-72] Phase: 100% 146 (17.0) Direction:  {47 133}
Phase: {0,0,0,0,0,0,0,0,0,0,0,0,0,0,0,0,0,0,0,0,0,0,0,0,0,0,0,0,0,0,0,0,0,0,0,0,0,0,0,0,0,0,0,0,0,0,0,0,0,0,1,0,0,0,0,0,0,0,0,0,0,0,0,0,0,0,0,0,0,2,0,0,0,1,0,0,0,2,1,2,1,6,1,4,6,2,7,3,8,17,19,15,14,13,27,26,36,49,53,52,73,74,83,98,142,156,179,210,256,233,283,329,374,370,444,484,499,661,636,643,735,793,895,840,1012,1076,1129,1152,1283,1374,1615,1550,1488,1746,1681,1928,1685,2063,1729,2101,2160,1985,2147,2060,2390,2296,2309,2277,2236,2291,2258,2111,2166,2207,1887,1960,1982,1751,1771,1576,1560,1343,1551,1402,1269,1278,1117,1039,895,919,846,777,633,683,619,609,505,505,464,371,429,307,333,260,235,221,186,217,173,153,110,122,103,75,73,57,56,53,40,17,24,12,18,11,17,17,4,4,7,1,3,4,3,1,2,2,2,1,0,0,1,0,0,1,0,0,1,0,0,0,0,0,0,0,0,0,0,0,0,0,0,0,0,0,0,0,0,0,0,0,0,0,0,0,0,0,0,0,0,0,0,0,0,0,0,0,0,0,0,0,0,0,0,0,0,0,0,0,0,0,0,0,0,0,0,0,0,0,0,0,0,0,0,0,0,0,0,0,0,0,0,0,0,0,0,0,0,0,0,0,0,0,0,0,0,0,0,0,0,0,0,0,0,0,0,0,0,0,0,0,0,0,0,0,0,0,0,0,0,0,0,0,0,0,0,0,0,0,0,0,0,0,0,0,0,0,0,0,0,0}
Count:   1.8   1.7   1.9   1.7   2.0   1.6   2.0   1.5   1.8   1.8   1.7   1.6   1.6   2.0   1.6   1.7   1.4   1.9   1.4   1.7   1.3   2.2   1.3   1.9   1.5   2.0   1.4   1.7   1.7   1.8   2.0   1.6   1.8   1.5   1.6   1.3   2.0   1.8   2.1   1.5   1.7   1.8   2.0   1.4   1.7   1.4   1.8   1.9   1.5   1.8   1.6   1.6   1.5   1.9   1.4   1.9   1.8   2.1   1.7   1.4   1.6   1.5   2.0   1.7   1.7   1.7   2.3   1.7   1.9   1.4   1.9   1.8   1.8   1.4   1.6   1.9   1.5   1.6   1.6   1.8   1.5   2.0   1.4   1.9   1.2   2.4   1.4   1.9   1.2   2.0   1.5   1.8   1.5   2.0   1.8   1.8   1.6   1.5   1.5   1.7   1.8   1.2   1.6   1.6   2.0   1.4   1.7   1.5   1.8   1.5   1.5   1.4   1.8   1.7   1.4   1.7   1.7   1.9   1.3   1.7   1.5   1.8   1.7   1.9   1.4   1.9   1.7   1.9   1.7   1.6   1.5   1.6   1.7   1.8   2.4   1.5   1.9   1.5   1.8   1.5   1.7   1.6   1.4   1.9   1.5   1.7   1.7   2.2   1.5   1.8   1.4   2.0   1.4   1.9   1.2   1.9   1.4   2.0   1.4   2.1   1.4   2.0   1.8   2.0   1.7   1.6   1.7   1.4   1.7   1.2   2.0   1.5   1.7   1.6   2.1   1.8   1.8   1.6   2.0   1.7   1.7   1.8   1.5   1.8   1.7   1.9   1.5   1.9   1.5   1.9   1.3   1.7   1.5   1.7   1.6   1.6   1.7   1.9   1.8   1.9 
Direction:  n n n n n n n n n n n n n n n n n n n n n n n n n n n n n n n n n n n n n n n n n n n n n n n n n n n n n n n n n n n n n n n n n n n n n n n n n n n n n n n n n n n n n n n n n n n n n n n n n n n n n n n n n n n n n n n n n n n n n n n n n n n n n n n n n n n n n n n n n n n n n n n n n n n n n n n n n n n n n n n n n n n n n n n n n n n n n n n n n n n n n n n n n n n n n n n n n n n n n n n n

55.2: Count:   2.1 (  0.2) A:  18.1 [16-34] B:  30.4 [16-80] Phase: 100% 144 (20.3) Direction:  {46 134}
Phase: {0,0,0,0,0,0,0,0,0,0,0,0,0,0,0,0,0,0,0,0,0,0,0,0,0,0,0,0,0,0,1,0,0,0,0,0,0,0,0,0,0,0,0,0,0,0,0,0,0,0,0,0,0,0,0,0,0,0,1,1,0,2,1,0,1,0,0,3,2,2,3,0,2,4,6,3,3,6,9,10,9,7,17,21,12,28,27,27,18,32,71,47,93,63,102,93,101,139,132,167,166,245,206,299,339,334,368,425,529,454,469,631,611,644,764,740,795,1074,1052,1062,1192,1267,1310,1415,1368,1469,1615,1586,1919,1723,1879,2001,1699,2198,1865,2386,1993,2319,2070,2339,2310,2195,2362,2354,2391,2231,2313,2284,2336,2126,2220,2191,2144,2289,1872,2019,1916,1867,1813,1756,1807,1531,1721,1580,1511,1387,1310,1265,1243,1119,1052,1099,1004,1003,820,757,717,702,631,502,674,428,526,419,438,389,352,349,277,268,291,226,179,181,137,129,105,88,144,99,90,61,45,55,46,30,34,30,12,13,14,12,13,11,13,7,9,10,1,2,2,2,0,1,1,3,2,1,1,1,1,0,3,0,0,0,0,0,1,0,0,0,0,0,0,0,0,0,0,0,0,0,0,0,0,0,0,0,0,0,0,0,0,1,0,0,0,0,0,0,0,0,0,0,0,0,0,0,0,0,0,0,0,0,0,0,0,0,0,0,0,0,0,0,0,0,0,0,0,0,0,0,0,0,0,0,0,0,0,0,0,0,0,0,0,0,0,0,0,0,0,0,0,0,0,0,0,0,0,0,0,0,0,0,0,0,0,0,0,0,0,0,0,0,0,0,0,0,0,0,0,0,0,0,0,0,0,0,0,0}
Count:   2.1   1.9   2.2   2.0   2.3   2.2   2.3   1.9   2.1   2.0   2.2   1.9   2.0   2.5   2.2   2.3   1.8   2.5   1.8   2.3   1.8   2.4   1.9   2.3   1.8   2.3   1.7   2.3   2.0   2.3   2.3   2.1   2.2   2.2   2.3   1.8   2.0   2.0   2.3   1.9   2.1   2.0   2.5   2.0   2.0   2.0   2.1   2.3   2.0   2.1   2.0   2.1   2.1   2.4   1.7   2.2   1.8   2.3   2.1   1.8   2.1   2.1   2.3   2.0   2.2   2.0   2.5   1.7   2.4   1.7   2.5   2.2   2.1   2.0   2.1   2.3   1.9   1.9   1.9   2.1   1.8   2.2   1.6   2.2   1.6   2.6   1.9   2.2   1.5   2.3   2.0   2.2   1.7   2.1   2.1   2.2   1.9   2.0   2.2   2.2   2.3   1.8   2.0   1.8   2.2   1.8   1.9   1.9   2.5   1.8   1.9   1.8   2.3   2.2   2.0   2.3   1.9   2.1   1.9   2.3   1.9   2.1   2.1   2.2   2.0   2.2   2.0   2.1   2.0   1.9   2.1   1.9   1.7   1.9   2.5   1.8   2.0   1.9   2.4   1.9   2.1   2.0   1.8   2.0   2.1   2.3   1.9   2.1   2.1   2.4   1.6   2.4   2.0   2.4   1.6   2.4   1.8   2.5   1.5   2.4   1.8   2.3   2.1   2.3   2.0   2.0   2.3   2.1   1.9   1.8   2.3   1.9   2.3   1.8   2.2   2.0   2.4   2.0   2.1   2.0   2.4   2.3   1.9   1.9   2.0   2.2   1.7   2.1   2.2   2.4   1.8   2.0   2.0   2.3   2.2   1.9   2.0   2.1   2.2   2.3 
Direction:  n n n n n n n n n n n n n n n n n n n n n n n n n n n n n n n n n n n n n n n n n n n n n n n n n n n n n n n n n n n n n n n n n n n n n n n n n n n n n n n n n n n n n n n n n n n n n n n n n n n n n n n n n n n n n n n n n n n n n n n n n n n n n n n n n n n n n n n n n n n n n n n n n n n n n n n n n n n n n n n n n n n n n n n n n n n n n n n n n n n n n n n n n n n n n n n n n n n n n n n n

55.3: Count:   2.5 (  0.3) A:  18.3 [16-34] B:  30.3 [16-79] Phase: 100% 144 (22.6) Direction:  {46 134}
Phase: {0,0,0,0,0,0,0,0,0,0,0,0,0,0,0,0,0,0,0,0,0,0,0,0,0,0,0,0,0,0,0,0,0,0,0,0,0,0,0,0,0,0,0,0,0,0,0,0,0,0,0,0,0,0,0,0,0,0,0,0,0,0,0,0,2,0,0,0,0,2,1,0,0,0,0,2,2,2,0,3,13,9,5,2,6,12,9,16,23,38,48,35,52,39,53,76,73,111,140,163,179,226,264,287,353,439,450,506,647,591,712,823,957,944,1200,1224,1186,1518,1540,1574,1694,1850,1917,1943,2056,2149,2276,2268,2363,2336,2334,2418,2260,2639,2284,2745,2355,2675,2360,2666,2680,2442,2611,2420,2633,2629,2553,2650,2533,2458,2492,2304,2306,2512,2035,2093,2073,2058,2172,2045,1921,1722,2068,1825,1804,1745,1595,1679,1610,1516,1454,1480,1210,1328,1157,1075,1101,1025,997,789,1004,707,723,648,581,474,420,418,342,333,288,229,207,208,125,153,120,103,87,52,40,43,37,25,28,20,10,19,11,5,14,13,2,7,5,4,9,0,1,0,0,1,1,3,0,0,0,2,0,0,0,0,0,0,0,0,0,0,0,0,0,0,0,0,0,0,0,0,0,0,0,0,0,0,0,0,0,0,0,0,0,0,0,0,0,0,0,0,0,0,0,0,0,0,0,0,0,0,0,0,0,0,0,0,0,0,0,0,0,0,0,0,0,0,0,0,0,0,0,0,0,0,0,0,0,0,0,0,0,0,0,0,0,0,0,0,0,0,0,0,0,0,0,0,0,0,0,0,0,0,0,0,0,0,0,0,0,0,0,0,0,0,0,0,0,0,0,0,0,0,0,0,0,0,0,0,0,0,0,0}
Count:   2.6   2.0   2.8   2.3   2.5   2.5   2.7   2.5   2.6   2.6   2.8   2.5   2.5   2.8   2.6   2.6   2.3   3.2   2.2   2.7   2.4   3.0   2.4   2.5   2.1   2.6   2.3   2.5   2.3   2.5   2.5   2.4   2.7   2.5   2.6   2.1   2.5   2.5   3.2   2.4   2.7   2.1   2.9   2.5   2.6   2.5   2.6   2.6   2.4   2.8   2.4   2.6   2.4   2.6   2.2   2.6   2.1   2.9   2.5   2.2   2.7   2.7   2.8   2.4   2.8   2.3   3.0   2.1   2.9   2.2   2.6   2.5   3.0   2.2   2.5   2.3   2.5   2.2   2.3   2.8   2.2   2.6   2.3   2.8   2.1   2.7   2.5   3.0   1.6   2.8   2.6   3.0   2.1   2.4   2.2   2.8   2.2   2.6   2.4   2.4   2.4   2.3   2.6   2.3   3.0   2.2   2.6   2.2   2.8   2.1   2.4   2.4   2.6   2.6   2.4   2.6   2.5   2.5   2.6   2.9   2.3   2.3   2.3   2.9   2.4   2.5   2.4   2.7   2.7   2.0   2.6   2.1   2.4   2.2   3.0   2.1   2.6   2.4   2.9   2.5   2.7   2.5   2.3   2.4   2.5   2.8   2.4   2.8   2.4   2.7   2.1   2.8   2.3   2.8   2.2   3.0   2.4   2.7   1.9   3.1   2.3   2.8   2.5   2.7   2.4   2.6   2.7   2.6   2.8   2.2   2.8   2.4   2.7   2.0   2.5   2.5   2.8   2.4   2.5   2.6   2.7   2.6   2.4   2.2   2.5   2.7   2.2   2.6   2.3   2.9   2.7   2.6   2.6   2.8   2.8   2.1   2.6   2.7   2.7   2.6 
Direction:  n n n n n n n n n n n n n n n n n n n n n n n n n n n n n n n n n n n n n n n n n n n n n n n n n n n n n n n n n n n n n n n n n n n n n n n n n n n n n n n n n n n n n n n n n n n n n n n n n n n n n n n n n n n n n n n n n n n n n n n n n n n n n n n n n n n n n n n n n n n n n n n n n n n n n n n n n n n n n n n n n n n n n n n n n n n n n n n n n n n n n n n n n n n n n n n n n n n n n n n n

55.4: Count:   2.5 (  0.3) A:  18.2 [16-34] B:  32.4 [16-78] Phase: 100% 145 (19.0) Direction:  {46 134}
Phase: {0,0,0,0,0,0,0,0,0,0,0,0,0,0,0,0,0,0,0,0,0,0,0,0,0,0,0,0,0,0,0,0,0,0,0,0,0,0,0,0,0,0,0,0,0,0,0,0,0,0,1,0,0,0,0,0,0,0,0,0,0,0,0,2,0,0,1,1,0,1,0,0,0,3,0,2,0,0,0,2,5,2,5,4,5,6,12,6,9,21,30,21,22,31,36,38,53,57,63,81,99,87,138,158,192,225,256,330,404,362,437,500,628,630,655,794,845,1106,1222,1182,1318,1542,1427,1636,1774,1959,2031,2042,2411,2171,2453,2488,2405,2894,2512,2925,2647,3018,2715,2960,3038,2841,3118,2972,3097,2866,2942,2887,2943,2827,2800,2799,2996,2932,2439,2714,2576,2331,2399,2249,2226,1987,2211,2094,1871,1851,1724,1660,1505,1468,1384,1267,1073,1215,997,871,832,825,727,607,658,460,415,404,399,272,244,239,186,191,160,126,117,79,84,105,67,40,53,27,29,30,33,22,10,10,2,11,6,8,5,1,2,2,3,3,2,8,1,0,0,0,1,0,0,0,0,0,0,0,0,0,0,0,0,0,0,0,0,0,0,0,0,0,0,0,0,0,0,0,0,0,0,0,0,0,0,0,0,0,0,0,0,0,0,0,0,0,0,0,0,0,0,0,0,0,0,0,0,0,0,0,0,0,0,0,0,0,0,0,0,0,0,0,0,0,0,0,0,0,0,0,0,0,0,0,0,0,0,0,0,0,0,0,0,0,0,0,0,0,0,0,0,0,0,0,0,0,0,0,0,0,0,0,0,0,0,0,0,0,0,0,0,0,0,0,0,0,0,0,0,0,0,0,0,0,0,0,0,0}
Count:   2.6   2.2   2.9   2.6   2.8   2.4   2.9   2.4   2.5   2.4   2.7   2.3   2.6   2.8   2.5   2.5   2.4   3.1   2.5   2.8   2.3   3.2   2.2   2.7   2.1   2.8   2.4   2.6   2.2   2.5   2.6   2.4   2.5   2.7   2.6   2.4   2.5   2.5   2.9   2.3   2.6   2.0   2.5   2.6   2.9   2.3   2.5   2.5   2.6   2.6   2.5   2.4   2.3   2.9   2.4   2.4   2.2   2.8   2.4   2.1   2.5   2.6   2.4   2.3   2.8   2.1   3.1   2.2   3.0   2.1   2.5   2.3   2.9   2.3   2.5   2.4   2.5   2.4   2.4   2.8   2.1   2.4   2.5   2.8   2.0   2.4   2.3   2.9   1.9   2.7   2.5   2.6   1.9   2.7   2.2   2.8   2.4   2.4   2.1   2.5   2.3   2.2   2.5   2.2   2.7   2.4   2.6   2.4   2.4   2.4   2.4   2.0   2.5   2.7   2.3   2.5   2.2   2.8   2.5   2.8   2.4   2.2   2.7   2.9   2.2   2.3   2.4   2.7   2.6   1.9   2.6   2.0   2.4   2.4   2.8   2.4   2.6   2.1   2.7   2.4   2.6   2.2   2.4   2.4   2.8   2.8   2.4   2.7   2.4   2.9   2.4   2.6   2.1   2.8   2.3   2.9   2.1   2.9   2.1   3.0   2.4   2.3   2.4   2.8   2.4   2.4   2.4   2.6   2.9   2.1   2.7   2.5   2.8   2.1   2.5   2.6   3.0   2.1   2.3   2.6   2.6   2.3   2.3   2.3   2.5   2.7   2.4   2.5   2.3   2.8   2.5   2.5   2.4   2.8   2.5   2.1   2.5   2.3   2.8   2.4 
Direction:  n n {45 135} n n n n n n n n n n n n n n n n n n {50 130} n n n {47 133} n n n n n n n n n n n n n n n n n n n n n n n n n n n n n n n n n n n n n n n n n n n n n n {49 131} n n n n n n {45 135} n n n n n n n n n n n n n n n n n n n n n n n n n n n n n n n n n n n n n n n n n n n n n n n n n n n n n n n n n n n n n n n n n n n n n n n n n n n n n n n {46 134} n n n n n n n n n n n n n n n n {46 134} n n n n n n n n n n n n n n n n n n n n n n n

55.5: Count:   2.2 (  0.2) A:  17.9 [16-35] B:  35.1 [16-78] Phase: 100% 146 (14.2) Direction:  {47 133}
Phase: {0,0,0,0,0,0,0,0,0,0,0,0,0,0,0,0,0,0,0,0,0,0,0,0,0,0,0,0,0,0,0,0,0,0,0,0,0,0,0,0,0,0,0,0,0,0,0,0,0,0,0,0,0,0,0,0,0,0,0,0,0,0,0,0,0,0,0,0,0,0,0,0,0,0,0,0,0,0,0,0,0,0,0,0,0,0,0,0,0,1,1,0,2,5,2,4,8,19,8,10,9,21,25,20,36,50,52,63,132,96,129,148,195,216,244,283,300,438,533,566,650,759,862,986,1035,1235,1462,1528,1736,1909,2085,2231,2219,2456,2467,2717,2809,3190,2977,3109,3466,3251,3531,3350,3662,3634,3507,3544,3463,3485,3405,3202,3214,3334,2641,2875,2580,2544,2389,2356,2160,1929,2042,1830,1537,1410,1309,1254,1095,983,871,795,691,632,491,453,418,362,301,243,302,155,142,140,102,98,52,88,39,43,28,27,20,14,15,11,5,10,4,1,0,0,0,0,1,5,1,1,0,0,0,0,0,0,0,0,0,0,7,0,2,0,0,0,0,0,0,0,0,0,0,0,0,0,0,0,0,0,0,0,0,0,0,0,0,0,0,0,0,0,0,0,0,0,0,0,0,0,0,0,0,0,0,0,0,0,0,0,0,0,0,0,0,0,0,0,0,0,0,0,0,0,0,0,0,0,0,0,0,0,0,0,0,0,0,0,0,0,0,0,0,0,0,0,0,0,0,0,0,0,0,0,0,0,0,0,0,0,0,0,0,0,0,0,0,0,0,0,0,0,0,0,0,0,0,0,0,0,0,0,0,0,0,0,0,0,0,0,0,0,0,0,0,0,0,0,0,0,0,0}
Count:   2.2   1.8   2.5   2.3   2.1   2.1   2.6   1.9   2.4   2.3   2.5   2.0   2.1   2.5   2.2   2.0   1.9   2.3   2.1   2.2   2.0   2.7   2.2   2.4   2.1   2.4   1.9   2.4   2.0   2.2   2.0   2.2   2.1   2.4   2.3   2.1   2.0   2.3   2.4   2.3   2.2   1.7   2.3   2.4   2.5   1.8   2.0   2.3   2.5   2.1   2.2   2.3   2.0   2.6   2.3   2.3   2.0   2.4   2.3   2.2   2.0   2.0   2.1   1.8   2.3   2.0   2.6   2.0   2.4   1.8   2.0   1.9   2.8   2.1   2.7   2.1   2.3   2.2   2.3   2.2   1.8   2.1   2.1   2.5   1.9   2.2   2.0   2.4   1.7   2.1   2.1   2.4   1.8   2.3   2.0   2.7   1.9   2.3   2.0   2.3   1.9   2.0   2.1   2.1   2.3   2.2   2.3   2.1   2.0   2.8   2.2   1.7   2.2   2.5   2.2   2.1   2.1   2.4   2.1   2.5   2.1   1.9   2.3   2.7   1.9   2.1   2.0   2.3   2.4   1.6   2.3   1.7   2.5   1.6   2.4   2.3   2.5   1.7   2.4   2.1   2.4   1.8   2.0   2.0   2.6   2.3   2.3   2.0   2.3   2.5   2.2   2.5   2.1   2.3   2.3   2.5   1.7   2.4   2.0   2.5   1.9   2.1   1.9   2.4   2.1   2.3   2.0   2.4   2.7   2.0   2.2   2.2   2.5   2.0   2.2   2.3   2.6   1.8   2.1   2.4   2.3   1.9   2.2   2.1   2.5   2.4   2.3   2.4   2.0   2.4   2.3   2.3   2.0   2.4   2.2   1.9   2.1   2.0   2.6   2.5 
Direction:  n n n n n n {46 134} n n n {48 132} n n {46 134} n n n n n n n {48 132} {46 134} {46 134} {47 133} n n n n n n n n {46 134} {48 132} n n n n {46 134} {46 134} n {46 134} {49 131} {44 136} n n n n n n n n {47 133} n n n {47 133} n n n n {46 134} n {48 132} n {44 136} n n n n n {46 134} n {45 135} n n n {49 131} n n n n n n {46 134} n n n n n n n n n {49 131} n n n n n n n n {49 131} n {49 131} n n {43 137} n n n n n n n {45 135} n n n n n {45 135} n n n n n n n n n n n n {49 131} n n n {46 134} n {46 134} n {46 134} n n n n n n n n {47 133} n {47 133} n n n {46 134} n n n {48 132} n n n n {46 134} n n n {48 132} n {44 136} n {46 134} n n {46 134} n n {45 135} n n n n n n {47 133} n n n n n n n n n {50 130}

55.6: Count:   2.1 (  0.2) A:  17.8 [16-34] B:  36.0 [16-88] Phase: 100% 146 (13.5) Direction:  {47 133}
Phase: {0,0,0,0,0,0,0,0,0,0,0,0,0,0,0,0,0,0,0,0,0,0,0,0,0,0,0,0,0,0,0,0,0,0,0,0,0,0,0,0,0,0,0,0,0,0,0,0,0,0,0,0,0,0,0,0,0,0,0,0,0,0,0,0,0,0,0,0,0,0,0,0,0,0,0,0,0,0,0,0,0,0,0,0,0,0,0,1,0,0,0,0,0,2,0,0,2,7,2,3,5,0,13,11,11,18,21,30,31,35,58,75,107,102,148,223,233,311,355,372,506,551,613,827,845,1030,1209,1234,1537,1737,1990,2159,2154,2545,2440,3131,3012,3234,3171,3334,3486,3453,3718,3532,3701,3755,3604,3653,3588,3540,3471,3302,3292,3509,2761,2961,2710,2642,2552,2355,2109,2092,1855,1787,1518,1447,1296,1027,894,848,698,654,444,546,383,318,232,211,201,144,140,85,94,70,43,39,44,30,17,15,13,8,7,5,5,5,3,2,1,0,0,0,0,1,0,0,0,0,0,0,0,0,0,1,0,0,0,0,0,0,0,0,0,0,0,0,0,0,0,0,0,0,0,0,0,0,0,0,0,0,0,0,0,0,0,0,0,0,0,0,0,0,0,0,0,0,0,0,0,0,0,0,0,0,0,0,0,0,0,0,0,0,0,0,0,0,0,0,0,0,0,0,0,0,0,0,0,0,0,0,0,0,0,0,0,0,0,0,0,0,0,0,0,0,0,0,0,0,0,0,0,0,0,0,0,0,0,0,0,0,0,0,0,0,0,0,0,0,0,0,0,0,0,0,0,0,0,0,0,0,0,0,0,0,0,0,0,0,0,0,0,0,0,0,0,0,0,0,0,0}
Count:   2.1   1.6   2.4   2.3   2.1   1.9   2.4   2.3   2.2   2.2   2.5   2.2   2.3   2.4   2.1   2.3   2.0   2.0   2.0   2.3   2.2   2.3   2.1   2.1   2.1   2.3   2.0   2.6   2.0   2.3   2.1   2.1   2.1   2.2   2.0   2.4   2.2   2.3   2.3   2.3   2.2   1.8   2.1   2.0   2.5   1.9   1.9   2.2   2.5   1.9   2.2   2.2   1.9   2.2   2.3   2.3   1.7   2.0   2.3   2.3   1.9   1.8   2.2   2.2   2.2   2.2   2.3   1.8   2.1   1.8   2.0   1.8   2.4   2.2   2.4   1.8   2.4   2.0   2.4   2.2   1.9   1.9   2.0   2.2   2.0   2.1   2.4   2.5   1.9   2.0   2.1   2.4   1.8   2.1   2.1   2.3   1.9   2.0   2.0   2.1   1.9   2.3   2.3   2.2   1.8   2.1   2.3   1.5   1.9   2.6   2.3   2.0   2.0   2.2   2.5   1.9   2.0   2.0   2.0   1.8   2.1   1.9   2.1   2.3   2.2   1.8   1.7   2.1   2.4   1.9   2.3   1.8   2.3   1.8   2.0   2.1   2.5   1.7   2.5   2.0   2.2   2.0   2.2   2.1   2.6   2.2   2.4   2.0   2.1   2.5   1.8   2.1   1.7   2.1   2.3   2.2   1.9   2.1   2.1   2.4   2.2   2.2   2.1   2.4   2.0   1.9   2.0   2.3   2.6   1.9   2.1   2.0   2.3   2.0   2.2   2.1   2.5   1.9   1.9   2.0   2.5   1.8   2.2   2.2   2.1   1.8   2.5   2.1   1.8   2.1   2.3   2.2   1.8   2.2   2.4   2.1   1.9   2.0   2.3   2.3 
Direction:  n n n n n n {46 134} n n n n n {48 132} {46 134} n {46 134} n n n {47 133} n n n n n n n {46 134} n n {48 132} n n {46 134} n {46 134} n n n {46 134} {48 132} n {45 135} n n n n n {47 133} n n {49 131} n n {48 132} {45 135} n n n {47 133} n n n {50 130} {45 135} {47 133} n n n n n n {45 135} {49 131} n n {49 131} n {45 135} n n n n n n n {45 135} {47 133} n n n {47 133} n n n n n n n n {47 133} {46 134} n n n n n n n n {48 132} n n n {47 133} n n n n n n n n {45 135} n n n n {47 133} n {44 136} n n n n n {49 131} n {49 131} n n n n n {44 136} n {48 132} n {48 132} {46 134} n n n n {47 133} {47 133} n n n n n {47 133} {48 132} {46 134} n n n n {46 134} n {45 135} n n n {44 136} n {45 135} n n n {47 133} n n {43 137} n n {44 136} {45 135} n n n n n n n n n n {45 135} n

55.7: Count:   2.2 (  0.2) A:  18.0 [16-38] B:  35.2 [16-81] Phase: 100% 145 (13.9) Direction:  {46 134}
Phase: {0,0,0,0,0,0,0,0,0,0,0,0,0,0,0,0,0,0,0,0,0,0,0,0,0,0,0,0,0,0,0,0,0,0,0,0,0,0,0,0,0,0,0,0,0,0,0,0,0,0,0,0,0,0,0,0,0,0,0,0,0,0,0,0,0,0,0,0,0,0,0,0,0,0,0,0,0,2,0,0,0,0,0,3,0,0,0,3,1,0,3,3,12,7,13,11,23,14,24,23,40,44,32,64,78,87,113,146,182,198,224,244,330,408,474,527,436,718,718,733,859,913,924,1083,1079,1284,1399,1371,1647,1555,1830,2053,2106,2327,2284,2693,2573,3073,2717,3194,3307,3357,3544,3536,3742,3690,3571,3441,3576,3467,3311,3232,3112,3215,2695,2865,2652,2487,2430,2148,2032,1712,1766,1618,1259,1307,1064,1042,935,874,772,798,576,660,539,541,498,378,376,304,389,285,241,188,209,147,136,128,84,87,94,56,53,41,59,33,31,14,22,14,6,9,5,2,6,4,1,3,2,0,1,0,0,1,0,0,0,0,1,0,0,0,0,0,0,0,0,0,0,0,0,0,0,0,0,0,0,0,0,0,0,0,0,0,0,0,0,0,0,0,0,0,0,0,0,0,0,0,0,0,0,0,0,0,0,0,0,0,0,0,0,0,0,0,0,0,0,0,0,0,0,0,0,0,0,0,0,0,0,0,0,0,0,0,0,0,0,0,0,0,0,0,0,0,0,0,0,0,0,0,0,0,0,0,0,0,0,0,0,0,0,0,0,0,0,0,0,0,0,0,0,0,0,0,0,0,0,0,0,0,0,0,0,0,0,0,0,0,0,0,0,0,0,0,0,0,0,0,0,0}
Count:   2.1   2.0   2.4   2.5   2.2   2.0   2.2   2.4   2.0   2.1   2.3   2.2   2.1   2.6   2.5   2.4   2.3   2.1   2.0   2.4   2.3   2.2   2.2   2.3   1.8   2.2   2.1   2.3   2.1   2.3   1.7   2.4   2.1   2.4   1.9   2.6   2.2   2.4   2.0   2.7   2.2   2.1   1.9   2.3   2.3   1.9   1.7   2.4   2.4   2.0   2.1   2.4   2.0   2.1   2.2   2.5   2.0   1.9   2.4   2.3   2.3   2.4   2.3   2.2   2.1   2.3   2.2   1.8   1.8   2.2   2.2   1.9   2.3   2.3   2.3   1.9   2.3   2.4   2.3   2.2   2.2   2.2   2.6   2.3   2.2   2.2   2.3   2.5   2.1   2.0   2.0   2.2   1.9   2.3   2.1   2.1   2.1   2.4   2.1   1.9   1.7   2.6   2.2   2.3   1.7   2.4   2.3   1.8   1.8   2.2   2.2   1.9   2.1   2.2   2.4   2.1   2.4   2.2   1.9   2.0   2.2   2.2   2.1   2.1   2.2   2.1   1.8   2.2   2.4   2.0   2.4   2.5   2.3   2.1   2.0   2.3   2.5   1.9   2.5   2.2   2.4   2.0   2.0   2.0   2.6   2.2   2.2   1.9   2.1   2.5   2.3   2.3   1.8   2.1   2.4   2.3   2.2   2.1   2.3   2.3   2.3   2.1   2.2   2.3   2.1   2.1   1.9   2.2   2.3   2.1   1.8   2.1   2.4   2.3   2.2   2.2   2.0   2.1   2.0   2.2   2.3   2.0   2.5   2.1   2.3   1.9   2.4   2.1   1.9   1.9   2.3   2.5   1.9   2.1   2.5   2.2   2.0   2.3   2.6   2.2 
Direction:  n n {47 133} {46 134} {44 136} n n n n n n n n n {44 136} {47 133} n {45 135} n {45 135} {47 133} n n n n n n n n {46 134} n n n {47 133} n {45 135} n n n n {44 136} n n n n n n n n n n {47 133} n n n {47 133} n n n n n n n n n n n n n n n n n n {49 131} n {47 133} n n n n n n {46 134} n n n {45 135} n n n n n {47 133} n n n n n n n {44 136} n n n {45 135} n n n n n n n n {45 135} n {47 133} {47 133} n n n n n n n n n n n n n {50 130} n n n {46 134} {49 131} n {47 133} {48 132} n n n n {47 133} n n n n {46 134} n n n n {47 133} n n n n {48 132} n n n n n n n {45 135} n n n n n n n n {46 134} n n n {46 134} n {44 136} n n n {47 133} n n n {46 134} {46 134} n n {46 134} n {46 134} {47 133} {48 132} n

55.8: Count:   2.4 (  0.2) A:  18.2 [16-36] B:  33.7 [16-81] Phase: 100% 144 (17.1) Direction:  {46 134}
Phase: {0,0,0,0,0,0,0,0,0,0,0,0,0,0,0,0,0,0,0,0,0,0,0,0,0,0,0,0,0,0,0,0,0,0,0,0,0,0,0,0,0,0,0,0,0,0,0,0,1,0,0,0,0,0,1,0,0,4,2,2,2,2,0,0,3,4,3,1,1,0,4,1,10,3,8,7,5,9,14,19,19,29,14,20,34,30,42,53,86,61,101,100,111,141,127,176,177,193,195,225,281,332,291,329,365,383,464,437,531,478,481,552,636,580,753,860,823,1028,1023,1043,1132,1326,1317,1437,1581,1736,1837,1853,2135,2011,2222,2313,2325,2714,2435,2931,2745,2882,2843,3110,3185,3142,3404,3144,3383,3250,3173,3202,3071,3171,2986,2927,2952,2912,2405,2635,2464,2275,2255,1962,2021,1852,1873,1791,1585,1510,1442,1321,1193,1162,977,878,780,847,739,670,671,545,519,429,484,332,383,299,302,230,278,235,180,234,180,200,159,136,135,115,129,113,112,80,54,79,53,48,49,54,42,36,49,37,48,28,16,10,11,12,22,2,10,2,11,5,3,3,1,7,0,1,0,0,1,1,0,0,1,0,0,0,0,0,0,0,0,0,0,0,0,0,0,0,0,0,0,0,1,0,0,0,0,0,0,0,0,0,0,0,0,0,0,0,0,0,0,0,0,0,0,0,0,0,0,0,0,0,0,0,0,0,0,0,0,0,0,0,0,0,0,0,0,0,0,0,0,0,0,0,0,0,0,0,0,0,0,0,0,0,0,0,0,0,0,0,0,0,0,0,0,0,0,0,0,0,0,0,0,0,0,0,0,0,0,0,0,0,0,0,0,0,0,0,0,0,0,0,0,0,0,0,0,0}
Count:   2.2   2.2   2.4   2.8   2.7   2.5   2.5   2.5   2.5   2.7   2.2   2.4   2.2   2.6   2.5   2.5   2.6   2.1   2.6   2.4   2.5   2.6   2.6   2.7   2.4   2.4   2.6   2.3   2.5   2.3   2.3   2.3   2.5   2.6   2.1   2.7   2.6   2.4   2.2   2.7   2.6   2.5   2.1   2.9   2.3   2.2   2.3   2.5   2.5   2.4   2.3   2.5   2.4   2.5   2.4   2.9   2.4   2.2   2.4   2.7   2.2   2.4   2.4   2.5   2.2   2.8   2.6   1.9   2.3   3.0   2.5   2.2   2.3   2.8   2.4   2.1   2.4   2.4   2.4   2.3   2.4   2.2   2.6   2.4   2.7   2.3   2.3   2.3   2.6   2.3   2.5   2.6   2.4   2.4   2.4   2.4   2.4   2.5   2.3   2.2   2.2   2.7   2.3   2.6   1.9   2.7   2.3   2.3   1.9   2.6   2.3   2.3   2.2   2.3   2.3   2.2   2.2   2.4   2.3   2.0   2.6   2.4   2.6   2.3   2.3   2.3   2.1   2.3   2.3   2.5   2.4   2.8   2.4   2.2   2.2   2.7   2.9   2.3   2.6   2.6   2.4   2.2   2.1   2.2   2.5   2.2   2.7   2.2   2.6   2.5   3.0   2.3   2.6   2.3   2.6   2.2   2.3   2.3   2.5   2.3   2.6   2.3   2.3   2.5   2.5   2.5   2.2   2.6   2.3   2.8   2.0   2.3   2.4   2.6   2.3   2.5   2.3   2.6   2.2   2.4   2.2   2.2   2.3   2.7   2.4   2.2   2.5   2.6   2.4   2.5   2.6   2.6   2.4   2.2   2.4   2.4   2.3   2.4   2.7   2.8 
Direction:  n n n n n n n n n {46 134} n n n n n n {45 135} n n n n n n n n n n n n n n n n n n n n n n n n n n {44 136} n n n n n n n n n n n {45 135} n n n n n n n n n n n n n {48 132} n n n {46 134} {48 132} n n n n n n n n n {44 136} n n n n n n n n n n n n n n n n n n n n n n n n n n n n n n n n n n n n n {48 132} n {46 134} n n n n n n n n n n n n n n n n n n n n n n n n n {46 134} n n n n n n n n n n n {43 137} n n n n n n {46 134} n n n n n n n n n n n n n n n n n {44 136} n n n {46 134} n n n {47 133} n n {46 134} {44 136}

55.9: Count:   2.5 (  0.2) A:  18.5 [16-38] B:  31.9 [16-79] Phase: 93% 143 (20.1) Direction:  {45 135}  16% 102 (10.7) Direction:  {30 150}
Phase: {0,0,0,0,0,0,0,0,0,0,0,0,0,0,0,0,0,0,0,0,0,0,0,2,0,0,0,1,1,0,0,2,0,0,0,0,0,0,0,2,3,3,0,0,1,4,6,4,4,11,0,4,9,1,3,6,8,4,1,10,7,10,10,12,6,8,17,13,10,16,28,21,31,40,29,32,78,58,52,86,99,103,147,139,145,158,190,201,224,248,369,268,326,368,453,424,517,602,555,641,688,728,739,834,837,909,937,893,1097,949,1041,1152,1156,1087,1158,1210,1118,1369,1285,1262,1385,1360,1387,1403,1483,1622,1711,1699,1881,1994,2015,2115,1998,2410,2304,2615,2465,2984,2537,2855,2709,2772,2822,2620,2715,2696,2570,2502,2608,2628,2515,2379,2507,2376,1986,2165,2107,2016,1924,1820,1826,1485,1646,1445,1357,1312,1247,1184,921,1023,880,890,826,827,752,709,722,660,646,569,751,462,575,552,488,476,463,456,410,413,437,353,385,389,331,337,281,271,262,180,191,210,175,175,113,164,134,160,97,97,87,56,72,62,60,45,69,26,43,23,38,14,16,30,9,14,16,8,9,9,14,8,3,1,3,5,3,3,0,2,1,2,1,0,0,0,0,0,0,0,0,0,1,0,0,0,0,0,0,3,0,0,0,0,0,0,0,0,0,0,0,0,0,0,0,0,0,1,0,0,0,0,0,0,0,0,0,0,0,0,0,0,0,0,0,0,0,0,0,0,0,0,0,0,0,0,0,0,0,0,0,0,0,0,0,0,0,0,0,0,0,0,0,0,0,0,0,0,0,0,0,0,0,0,0,0,0,0,0,0,0,0,0,0,0,0,0,0,0,0,0,0,0,0,0,0,0,0,0,0}
Count:   2.3   2.2   2.3   2.5   2.7   2.4   2.7   2.6   2.8   2.7   2.5   2.6   2.6   2.9   2.4   2.4   2.6   2.2   2.7   2.6   2.8   2.2   2.3   2.8   2.6   2.7   2.7   2.5   2.7   2.6   2.9   2.7   2.5   2.6   2.4   2.7   2.7   2.5   2.1   2.7   2.4   2.6   2.3   2.8   2.5   2.6   2.5   2.5   2.4   2.5   2.4   2.8   2.4   2.4   2.6   2.5   2.3   2.3   2.8   2.6   2.4   2.5   2.6   2.3   2.4   2.8   2.6   2.2   2.3   2.9   2.6   2.3   2.3   2.6   2.7   2.2   2.7   2.4   2.6   2.2   2.4   2.3   3.0   2.6   2.8   2.3   2.5   2.2   3.0   2.3   2.6   2.3   2.6   2.3   2.4   2.5   2.7   2.6   2.5   2.4   2.2   3.0   2.4   2.5   2.1   2.6   2.4   2.6   2.0   2.7   2.5   2.6   2.3   2.5   2.3   2.4   2.5   2.4   2.3   2.2   2.5   2.4   2.6   2.3   2.6   2.5   2.4   2.3   2.6   2.5   2.5   2.6   2.6   2.3   2.2   2.9   2.6   2.6   2.5   2.4   2.5   2.4   2.4   2.2   2.6   2.4   2.7   2.5   2.7   2.4   2.9   2.5   2.6   2.2   2.6   2.5   2.3   2.3   2.9   2.3   2.7   2.6   2.4   2.4   2.6   2.6   2.3   2.6   2.3   2.9   2.1   2.5   2.2   2.7   2.3   2.7   2.5   2.7   2.2   2.6   2.4   2.5   2.4   2.7   2.5   2.6   2.4   2.6   2.7   2.5   2.5   2.7   2.6   2.2   2.5   2.3   2.3   2.6   2.7   3.3 
Direction:  n n n n n n n n n n n n n n n n n n n n n n n n n n n n n n {44 136} n n n n n n n n {43 137} n n n n n n n n n n n n n n n n n n n n n n n n n n n n n n n n n n n n n n n n n n {43 137} n n n n n n n n n n n n n n n n n n n n n n n n n n n n n n n n n n n n n n n n n n n n n n n n n n n n n n n n n n n n n n n n n n n n n n n n n n n n n n n n n n n n n n n n n n n n n n n n n n n n n n n n n n n n n n n n n n n n {49 131}

56.0: Count:   2.3 (  0.2) A:  18.3 [16-36] B:  31.0 [16-76] Phase: 100% 140 (23.5) Direction:  {44 136}
Phase: {0,0,0,0,0,0,0,0,0,0,0,0,0,0,0,0,0,0,0,0,0,0,0,0,0,0,0,0,0,0,0,0,0,0,0,0,0,2,0,0,0,0,0,0,0,0,1,0,2,0,3,0,0,0,3,0,1,2,1,5,2,1,11,3,5,1,6,2,4,11,12,17,10,12,29,33,19,32,24,47,45,60,63,83,93,82,76,108,178,120,220,192,233,247,339,338,381,444,383,506,575,569,557,689,621,788,845,878,979,901,1047,1038,1183,1176,1147,1318,1222,1421,1402,1395,1466,1473,1671,1669,1685,1808,1924,1835,2023,2014,2031,2063,1989,2244,1983,2360,2124,2383,2092,2196,2262,2107,2296,2118,2341,2258,2191,2223,2223,2189,2038,1901,1952,2075,1585,1872,1741,1685,1693,1536,1453,1385,1548,1442,1262,1182,1214,1270,1070,1038,976,907,857,934,816,795,769,735,648,544,755,522,501,457,439,441,389,431,359,352,385,267,268,262,243,257,195,157,172,167,131,136,121,127,96,75,47,96,83,55,48,48,43,27,19,29,21,5,14,10,7,8,10,11,3,8,4,8,3,4,2,2,1,0,0,0,0,0,0,0,0,0,0,0,0,0,0,0,0,0,0,0,0,0,0,0,0,0,0,0,1,0,0,0,0,0,0,0,0,0,0,0,0,0,0,0,0,0,0,0,0,0,0,0,0,0,0,0,0,0,0,0,0,0,0,0,0,0,0,0,0,0,0,0,0,0,0,0,0,0,0,0,0,0,0,0,0,0,0,0,0,0,0,0,0,0,0,0,0,0,0,0,0,0,0,0,0,0,0,0,0,0,0,0,0,0,0,0,0,0,0,0,0,0,0,0,0,0,0,0}
Count:   2.1   2.2   2.1   2.3   2.2   2.2   2.1   2.4   2.2   2.4   2.1   2.5   2.3   2.3   2.4   2.4   2.5   2.0   2.5   2.1   2.5   2.1   2.1   2.4   2.5   2.2   2.3   2.2   2.4   2.2   2.5   2.3   2.2   2.3   2.3   2.5   2.4   2.3   1.7   2.5   2.2   2.5   2.0   2.6   2.3   2.4   2.1   2.5   2.2   2.5   2.2   2.3   1.9   2.2   2.4   2.4   2.3   2.0   2.4   2.1   2.4   2.1   2.2   2.3   2.6   2.8   2.2   2.2   2.2   2.4   2.2   2.0   1.9   2.3   2.4   2.3   2.2   2.5   2.1   2.2   2.3   2.1   2.4   1.9   2.5   1.9   2.3   2.2   2.7   2.2   2.2   1.8   2.4   2.1   2.4   2.3   2.2   2.2   2.0   2.4   2.0   2.6   2.0   2.6   1.7   2.2   2.0   2.6   1.8   2.5   2.3   2.2   1.8   2.1   2.2   2.5   2.3   2.2   2.0   2.1   2.1   2.4   2.4   2.0   2.3   2.1   2.4   2.1   2.4   2.3   2.3   2.4   2.2   2.2   2.0   2.2   2.2   2.4   2.2   2.3   2.1   2.2   2.2   2.4   2.3   2.2   2.3   2.4   2.4   2.1   2.4   2.3   2.5   1.8   2.5   2.2   2.4   2.1   2.5   2.0   2.0   2.2   2.1   2.2   2.3   2.5   2.2   2.3   2.2   2.5   2.0   2.2   2.0   2.4   2.0   2.4   2.1   2.3   2.0   2.3   1.9   2.5   2.1   2.8   2.1   2.4   2.0   2.2   2.3   2.1   2.5   2.1   2.1   2.2   2.4   2.3   2.6   2.3   2.1   2.8 
Direction:  n n n n n n n n n n n n n n n n n n n n n n n n n n n n n n n n n n n n n n n n n n n n n n n n n n n n n n n n n n n n n n n n n n n n n n n n n n n n n n n n n n n n n n n n n n n n n n n n n n n n n n n n n n n n n n n n n n n n n n n n n n n n n n n n n n n n n n n n n n n n n n n n n n n n n n n n n n n n n n n n n n n n n n n n n n n n n n n n n n n n n n n n n n n n n n n n n n n n n n n n

