54.0: Count:   2.1 (  0.4) A:  15.8 [14-35] B:  33.5 [14-121] Phase: 101% 280 (28.8) Direction:  {307 233}  35% 62 (32.8) Direction:  {38 142}
Phase: {252,199,220,214,259,207,225,211,216,224,241,232,237,245,243,248,236,259,272,204,230,233,223,204,242,233,219,251,257,221,259,223,252,188,229,255,249,219,240,250,249,230,257,248,256,263,280,278,271,281,285,259,248,259,303,280,258,287,284,253,274,261,283,287,258,282,297,307,285,284,326,264,313,314,294,293,278,308,307,290,298,312,307,293,268,281,293,284,298,239,318,251,269,248,296,254,263,272,245,231,221,247,215,220,208,215,206,200,218,191,208,199,190,179,190,201,158,187,162,176,170,143,162,146,158,118,147,130,135,120,112,130,130,117,108,120,110,112,113,115,97,130,92,118,93,69,100,91,91,82,78,87,79,88,83,98,86,69,77,78,98,73,94,84,76,77,99,107,79,67,65,77,81,79,66,89,78,85,68,78,113,60,75,76,80,80,76,91,91,83,99,90,85,78,95,76,95,99,105,92,111,113,127,121,112,135,97,153,127,133,161,143,139,171,143,185,208,182,224,208,203,223,203,251,219,281,278,300,283,296,302,346,297,345,354,353,364,375,450,424,468,430,502,514,472,553,554,534,578,647,612,536,716,721,692,701,740,702,710,796,740,868,855,803,853,833,1025,848,963,851,1184,885,986,893,1041,928,1000,975,1050,1005,1006,1008,967,1012,929,986,975,1044,1039,797,940,962,952,915,891,894,808,839,896,781,772,746,790,712,703,664,661,680,656,629,620,580,578,554,532,529,482,441,435,429,432,462,398,434,380,325,336,314,334,302,319,286,304,285,236,294,247,243,260,290,240,248,242,237,256,204,221,211,221,246,242,215,247,222,194,219,261,210,202,198}
Count:   2.2   2.2   2.4   2.3   2.1   2.2   2.3   2.3   2.0   2.1   2.2   2.2   2.1   1.7   1.6   1.6   1.7   1.5   1.8   1.6   1.6   1.8   2.5   2.8   2.6   2.6   2.4   2.8   2.5   2.4   2.1   2.3   2.1   2.2   2.0   2.2   1.7   1.7   1.7   1.7   1.7   1.7   1.7   1.7   1.7   1.8   2.9   2.9   2.6   2.9   2.6   2.5   2.4   2.4   2.4   2.2   2.2   2.2   2.1   2.1   1.8   1.7   1.7   1.6   1.6   1.7   1.8   1.6   1.7   1.6   2.8   2.7   2.8   2.6   2.6   2.4   2.4   2.1   2.3   2.1   2.3   2.0   2.1   2.0   2.0   1.7   1.7   1.7   1.7   1.7   1.7   1.7   1.8   1.8   2.9   2.7   2.7   2.5   2.4   2.3   2.4   2.3   2.3   2.4   2.1   2.2   2.1   2.1   1.7   1.7   1.6   1.8   2.2   2.6   2.5   2.4   2.5   2.3   2.1   2.2   2.2   2.0   2.1   2.1   1.8   1.8   1.9   1.8   1.7   1.7   1.7   1.7   1.6   1.7   1.7   1.8   1.7   1.7   1.7   1.7   1.7   2.8   2.7   2.7   2.7   2.8   2.6   2.4   2.4   2.5   2.3   2.1   2.2   2.3   2.2   1.9   2.0   2.0   2.1   1.9   1.7   1.5   1.7   1.7   1.7   1.7   1.7   1.7   1.8   2.1   2.8   2.6   2.7   2.8   2.5   2.4   2.4   2.3   2.5   2.1   2.0   2.1   2.1   2.0   1.8   1.7   1.7   1.7   1.7   1.6   1.6   1.7   1.7   2.1   2.9   2.7   2.7   2.6   2.6   2.5 
Direction:  n n n n n n n n n n n n n n n n n n n n n n n n n n n n n n n n n n n n n n n n n n n n n n n n n n n n n n n n n n n n n n n n n n n n n n n n n n n n n n n n n n n n n n n n n n n n n n n n n n n n n n n n n n n n n n n n n n n n n n n n n n n n n n n n n n n n n n n n n n n n n n n n n n n n n n n n n n n n n n n n n n n n n n n n n n n n n n n n n n n n n n n n n n n n n n n n n n n n n n n n

54.1: Count:   2.5 (  0.5) A:  15.8 [14-32] B:  32.6 [14-127] Phase: 109% 279 (23.3) Direction:  {306 234}  34% 59 (32.9) Direction:  {35 145}
Phase: {326,227,274,236,295,231,270,254,278,279,271,261,274,266,260,262,268,298,310,256,282,268,250,298,245,276,262,308,289,262,312,255,331,268,288,292,361,305,284,304,271,338,293,329,302,358,337,315,341,333,318,357,319,361,363,323,336,315,368,349,371,319,386,337,302,404,338,373,350,387,368,333,415,395,352,352,332,365,355,370,321,342,360,330,347,335,349,290,357,276,402,284,330,303,310,268,279,315,258,291,274,285,256,285,245,272,221,254,266,206,255,252,240,227,230,225,186,209,213,184,188,215,196,147,171,164,187,180,146,186,170,183,139,159,139,160,130,146,135,142,115,115,110,112,105,134,120,117,121,115,128,118,123,125,87,106,92,117,99,96,99,83,126,107,95,94,83,86,87,101,79,94,86,77,86,86,82,87,67,71,130,64,83,70,103,68,83,98,93,90,76,70,76,106,66,93,75,113,105,90,100,103,83,111,87,112,112,127,131,133,156,126,117,141,164,166,182,188,172,212,203,216,215,201,213,262,241,301,280,315,298,336,302,351,387,364,404,408,456,475,505,479,584,599,479,628,602,700,644,714,733,746,785,828,776,829,886,919,916,894,949,1034,1080,949,1025,1025,1170,1110,1185,1115,1496,1163,1186,1198,1339,1198,1222,1184,1346,1274,1168,1298,1254,1241,1276,1230,1273,1281,1168,1036,1198,1131,1081,1147,1059,1147,882,1072,1006,946,975,826,869,852,818,820,841,767,762,757,640,607,668,599,537,601,515,505,489,464,438,474,426,464,509,400,384,365,389,308,362,354,344,332,305,352,271,276,283,284,250,234,281,269,243,258,246,244,244,251,204,232,244,255,239,245,278,225,258,222}
Count:   2.7   2.8   3.0   2.8   2.9   2.8   2.8   2.6   2.5   2.6   2.8   2.2   2.5   1.9   1.9   2.0   1.9   1.9   1.9   1.8   1.8   2.2   2.8   3.1   3.2   3.2   3.0   3.1   2.8   2.8   2.5   2.6   2.4   2.5   2.3   2.2   2.1   1.8   1.7   2.0   1.9   2.0   1.9   2.1   1.9   2.2   3.4   3.7   3.2   3.2   3.1   3.1   2.8   2.7   2.7   2.5   2.5   2.6   2.4   2.4   2.3   1.9   2.0   1.8   1.8   1.9   2.0   1.8   1.9   1.8   3.4   3.4   3.1   3.2   3.1   2.8   2.9   2.6   2.7   2.4   2.8   2.4   2.5   2.3   2.3   1.9   1.9   1.9   2.1   1.7   1.9   2.0   1.9   2.2   3.3   3.3   3.1   3.0   2.9   2.9   2.9   2.7   2.7   2.7   2.7   2.4   2.5   2.4   1.8   2.0   2.0   1.9   2.5   3.1   3.1   3.0   2.7   2.8   2.5   2.5   2.6   2.5   2.4   2.4   2.1   2.2   2.4   1.9   1.9   2.0   2.0   2.0   1.9   1.9   1.9   2.1   1.9   1.9   1.9   1.9   1.8   3.3   3.4   3.3   2.9   3.2   3.1   2.9   3.2   2.9   2.8   2.9   2.6   2.6   2.7   2.4   2.4   2.6   2.4   2.3   2.2   1.8   1.9   1.9   1.9   1.8   2.0   1.9   1.9   2.5   3.4   3.2   3.2   3.2   3.0   2.8   2.9   2.5   2.7   2.5   2.5   2.4   2.4   2.3   2.0   1.9   1.9   1.8   2.2   1.9   1.8   1.7   2.0   2.4   3.4   3.2   3.3   2.9   3.0   2.9 
Direction:  n n n n n n n n n n n n n n n n n n n n n n n n n n n n n n n n n n n n n n n n n n n n n n n n n n n n n n n n n n n n n n n n n n n n n n n n n n n n n n n n n n n n n n n n n n n n n n n n n n n n n n n n n n n n n n n n n n n n n n n n n n n n n n n n n n n n n n n n n n n n n n n n n n n n n n n n n n n n n n n n n n n n n n n n n n n n n n n n n n n n n n n n n n n n n n n n n n n n n n n n

54.2: Count:   2.0 (  0.6) A:  15.5 [14-30] B:  32.8 [14-112] Phase: 52% 274 (14.8) Direction:  {301 239}  50% 286 (31.7) Direction:  {313 227}
Phase: {228,186,209,192,215,165,214,235,194,215,215,188,203,220,229,217,230,238,256,196,238,244,243,260,264,282,245,319,277,279,318,290,322,310,338,319,302,326,322,333,360,331,338,359,316,392,357,348,338,372,379,380,374,397,386,407,416,397,393,396,390,409,451,440,333,426,361,359,391,389,468,414,407,381,421,396,409,401,328,389,389,375,434,374,400,364,376,407,364,320,457,331,332,358,326,346,361,350,345,341,280,319,288,305,280,310,270,329,288,258,256,282,303,283,296,271,223,307,239,240,275,221,243,188,196,169,182,184,204,204,165,160,162,189,149,162,132,143,143,146,124,154,108,135,121,104,106,83,107,100,109,87,97,105,58,64,64,84,62,73,87,68,58,65,67,60,46,61,72,45,53,61,55,55,62,49,73,46,43,50,73,67,41,44,55,55,53,61,49,64,58,51,46,45,59,74,37,40,58,52,59,52,72,71,65,54,56,70,71,64,73,59,57,72,64,65,78,72,81,101,98,92,71,115,95,100,114,126,141,146,162,158,167,185,177,178,240,220,272,246,295,279,295,382,306,366,359,475,455,453,501,485,655,605,600,697,664,681,694,739,773,829,827,848,959,890,1004,1022,1046,963,1235,980,1107,1024,1182,1013,1142,1111,1149,1107,1063,1076,1087,1105,1054,1019,981,1020,971,939,951,874,900,911,793,875,698,741,704,672,666,605,627,576,538,518,490,505,464,442,414,391,365,379,325,395,308,290,259,321,279,253,229,240,215,220,248,194,200,188,237,189,224,211,179,213,172,179,186,180,198,159,206,181,181,207,178,213,172,201,156,202,160,202,189,213,212,175,212,175}
Count:   2.3   2.5   2.7   2.5   2.4   2.5   2.6   2.1   2.2   2.1   2.4   2.0   2.0   1.4   1.5   1.4   1.3   1.3   1.4   1.4   1.3   1.5   2.4   2.9   3.0   2.8   2.6   2.8   2.5   2.5   2.2   2.4   2.2   2.2   1.9   2.0   1.6   1.4   1.3   1.4   1.2   1.4   1.2   1.5   1.5   1.5   3.0   3.1   2.9   3.0   2.9   2.9   2.4   2.6   2.4   2.2   2.0   2.1   1.8   2.1   1.7   1.3   1.5   1.4   1.4   1.6   1.5   1.5   1.5   1.3   3.0   3.2   2.8   2.8   2.8   2.7   2.4   2.2   2.2   2.0   2.1   1.9   2.0   1.8   1.6   1.5   1.4   1.3   1.5   1.4   1.3   1.5   1.4   1.7   3.1   3.0   3.0   2.8   2.6   2.5   2.5   2.3   2.1   2.2   2.0   2.1   2.0   1.8   1.4   1.4   1.4   1.3   2.1   2.7   2.7   2.4   2.6   2.3   2.3   2.1   2.1   1.8   2.0   1.9   1.8   1.9   1.7   1.4   1.3   1.4   1.5   1.5   1.4   1.5   1.4   1.5   1.3   1.4   1.4   1.7   1.4   2.7   3.0   2.9   2.8   2.9   2.7   2.6   2.7   2.6   2.5   2.4   2.4   2.3   2.1   2.1   1.9   2.0   1.8   1.9   1.6   1.4   1.4   1.5   1.5   1.4   1.4   1.5   1.3   2.1   2.8   3.0   2.8   2.7   2.7   2.7   2.4   2.3   2.2   2.1   2.0   2.0   2.0   1.9   1.5   1.4   1.4   1.5   1.6   1.4   1.5   1.3   1.4   2.0   3.1   2.7   2.8   2.6   2.8   2.4 
Direction:  n n n n n n n n n n n n n n n n n n n n n n n n n n n n n n n n n n n n n n n n n n n n n n n n n n n n n n n n n n n n n n n n n n n n n n n n n n n n n n n n n n n n n n n n n n n n n n n n n n n n n n n n n n n n n n n n n n n n n n n n n n n n n n n n n n n n n n n n n n n n n n n n n n n n n n n n n n n n n n n n n n n n n n n n n n n n n n n n n n n n n n n n n n n n n n n n n n n n n n n n

54.3: Count:   1.1 (  0.5) A:  15.3 [14-29] B:  32.2 [14-118] Phase: 40% 76 (51.7) Direction:  {48 132}  11% 279 (26.5) Direction:  {306 234}  10% 280 (43.4) Direction:  {307 233}  10% 283 (49.4) Direction:  {310 230}  11% 77 (50.6) Direction:  {50 130}  10% 287 (51.0) Direction:  {314 226}  10% 76 (50.2) Direction:  {48 132}  31% 285 (48.6) Direction:  {312 228}
Phase: {157,128,125,124,153,157,143,139,137,171,149,148,144,157,172,164,155,162,161,157,161,169,194,168,174,164,123,188,195,132,188,182,207,182,188,205,222,202,197,225,210,221,233,255,206,251,227,306,234,265,286,309,297,310,345,333,360,311,372,306,368,363,391,410,373,427,354,394,393,387,411,343,396,433,420,395,365,424,375,359,387,377,405,398,432,341,367,336,343,327,440,288,373,324,351,306,343,274,282,297,295,270,270,279,236,207,259,271,229,240,194,222,222,230,200,163,142,208,182,120,163,156,137,139,156,137,128,112,113,107,78,107,78,95,86,103,68,64,81,72,78,69,67,68,63,55,45,46,54,41,49,41,56,67,37,56,41,64,29,51,36,42,42,51,37,34,47,33,42,29,29,52,40,34,20,34,36,44,38,27,36,21,26,38,32,26,29,26,27,30,24,21,23,18,23,30,18,35,38,17,33,28,23,20,26,34,30,20,33,19,22,20,18,13,21,28,33,28,39,28,29,21,35,31,44,57,26,36,41,38,49,46,47,41,59,53,60,57,87,59,91,82,84,123,95,159,101,131,135,154,159,144,150,179,190,235,208,227,234,279,277,286,307,355,313,376,363,345,387,372,508,371,472,392,449,418,414,505,473,450,411,485,425,462,469,464,425,482,417,420,415,433,373,406,350,323,292,351,282,285,308,243,317,213,231,207,191,217,220,173,197,168,169,165,145,134,122,131,143,128,103,125,128,130,121,103,110,106,114,103,98,79,129,115,80,97,94,119,115,119,116,123,110,139,129,121,131,109,116,123,127,138,140,127,167,142,162,127,149,136}
Count:   1.7   1.6   1.7   1.7   1.5   1.6   1.6   1.2   1.3   1.1   1.2   1.0   1.2   0.6   0.6   0.5   0.6   0.6   0.6   0.6   0.6   0.5   1.4   1.9   2.0   1.7   1.8   1.7   1.6   1.4   1.3   1.2   1.2   1.2   1.1   1.1   0.9   0.6   0.5   0.4   0.5   0.6   0.5   0.5   0.6   0.6   1.8   2.0   2.1   1.8   1.9   1.8   1.6   1.5   1.2   1.4   1.2   1.2   0.9   1.1   0.9   0.6   0.7   0.6   0.6   0.5   0.6   0.7   0.6   0.7   2.1   2.0   1.7   1.9   1.8   1.7   1.4   1.4   1.3   1.2   1.3   1.2   1.0   0.9   0.7   0.6   0.5   0.6   0.7   0.6   0.6   0.6   0.6   1.0   1.8   2.0   1.8   1.7   1.7   1.6   1.5   1.4   1.2   1.2   1.2   1.1   1.0   1.0   0.5   0.5   0.6   0.5   1.2   1.8   1.9   1.5   1.5   1.3   1.3   1.2   1.2   1.1   1.1   1.0   0.9   1.0   0.9   0.6   0.6   0.6   0.6   0.6   0.5   0.6   0.7   0.7   0.7   0.6   0.6   0.7   0.6   1.6   2.1   1.9   1.9   1.9   1.6   1.8   1.7   1.4   1.4   1.4   1.3   1.3   1.2   1.2   1.1   1.1   1.0   0.9   0.8   0.5   0.6   0.6   0.7   0.7   0.6   0.7   0.6   1.1   2.0   2.2   1.9   1.9   1.5   1.7   1.6   1.4   1.2   1.2   1.1   1.2   1.2   1.0   0.7   0.5   0.6   0.6   0.6   0.5   0.7   0.6   0.5   1.3   2.0   1.9   2.1   1.7   1.7   1.6 
B: 32.5 31.5 31.8 32.1 31.7 29.8 31.6 30.1 29.1 28.2 28.8 28.4 30.3 33.6 31.9 33.5 32.5 30.6 31.3 31.5 33.1 33.2 35.6 33.5 33.8 33.3 33.3 31.0 31.6 30.4 30.6 29.8 29.7 28.8 27.9 30.8 32.4 33.4 30.2 34.0 33.4 32.1 31.7 33.2 32.5 33.0 38.2 35.2 34.6 32.8 32.8 33.1 32.0 31.0 30.0 30.0 29.5 30.7 30.1 28.7 29.8 33.3 31.9 33.2 33.0 30.5 32.4 32.5 33.3 33.4 37.5 34.4 34.2 33.8 32.8 32.4 30.6 30.4 31.2 29.9 29.9 28.3 29.8 29.0 32.4 33.2 32.9 32.4 31.5 32.3 33.4 31.9 31.4 36.5 34.2 33.7 33.7 33.3 32.3 31.3 32.2 30.5 30.3 30.1 30.0 30.1 29.7 30.6 33.8 32.0 32.9 32.6 41.4 33.6 32.5 32.4 32.5 30.5 30.9 29.8 29.0 28.7 29.6 29.2 31.2 29.7 29.6 31.2 31.9 33.8 31.7 32.5 31.8 33.0 32.7 33.2 34.1 31.3 32.4 32.3 32.7 36.1 35.7 34.6 34.7 33.1 34.6 32.4 32.7 31.3 31.2 32.2 30.5 30.7 29.7 29.8 28.7 30.8 29.6 30.2 31.1 31.7 32.2 33.2 32.3 33.4 33.0 32.6 33.3 41.1 34.6 34.8 33.6 32.7 33.3 31.6 31.5 30.8 30.9 30.5 30.0 30.5 29.5 28.9 32.0 31.9 32.1 31.9 32.4 32.7 33.4 34.3 31.7 35.0 34.4 34.2 34.4 33.4 31.9 31.7 
Direction:  n n n n n n n n n n n n n n n n n n n n n n n n n n n n n n n n n n n n n n n n n n n n n n n n n n n n n n n n n n n n n n n n n n n n n n n n n n n n n n n n n n n n n n n n n n n n n n n n n n n n n n n n n n n n n n n n n n n n n n n n n n n n n n n n n n n n n n n n n n n n n n n n n n n n n n n n n n n n n n n n n n n n n n n n n n n n n n n n n n n n n n n n n n n n n n n n n n n n n n n n

54.4: Count:   1.0 (  0.5) A:  15.3 [14-30] B:  32.9 [14-109] Phase: 24% 294 (40.8) Direction:  {319 221}  39% 92 (28.9) Direction:  {65 115}  66% 71 (18.6) Direction:  {44 136}  23% 21 (20.4) Direction:  {12 168}  10% 288 (29.3) Direction:  {314 226}
Phase: {156,108,125,112,131,117,148,143,139,150,131,134,136,137,126,115,130,136,113,129,153,160,137,153,158,175,167,178,197,162,179,151,177,158,175,182,193,203,189,223,221,201,238,243,241,261,252,313,315,338,313,301,348,393,381,350,389,367,438,438,494,446,472,472,418,495,479,528,510,476,520,439,535,491,517,537,537,472,500,445,429,490,494,455,440,444,490,438,434,442,546,356,408,349,397,369,381,331,385,378,365,295,280,244,236,252,291,229,254,226,253,193,193,187,148,160,147,125,156,118,116,106,104,81,103,88,105,83,75,73,73,68,67,56,57,51,58,63,37,63,57,42,43,64,45,55,47,40,51,38,28,47,47,37,33,51,41,28,35,40,29,29,24,39,30,32,34,32,32,34,17,33,23,16,18,17,31,21,24,6,23,28,24,20,25,15,9,16,13,15,17,11,22,18,16,12,7,15,17,10,17,13,22,12,10,9,8,12,8,10,11,11,12,10,10,17,18,8,23,19,11,20,10,8,10,23,13,15,18,18,22,30,22,27,26,15,21,44,25,33,33,38,44,31,38,54,51,73,63,71,53,70,78,80,80,87,103,100,82,105,95,104,109,110,151,136,181,133,145,151,189,163,177,162,241,149,215,192,220,207,218,176,217,207,212,218,226,257,224,196,217,230,200,228,217,223,151,225,213,186,189,192,141,145,198,164,184,164,123,171,124,140,154,137,121,111,108,107,102,121,85,99,92,116,108,61,84,66,87,96,101,97,73,93,84,94,70,92,79,85,100,93,93,115,94,111,90,107,105,108,117,105,97,105,116,120,150,111,121,109}
Count:   1.7   1.8   1.6   1.6   1.4   1.4   1.3   0.9   1.3   1.0   1.0   0.9   0.9   0.4   0.4   0.4   0.3   0.4   0.4   0.3   0.3   0.3   1.2   1.7   1.7   1.4   1.7   1.3   1.4   1.3   1.0   1.0   1.0   0.9   1.0   0.7   0.7   0.3   0.3   0.3   0.3   0.4   0.3   0.3   0.3   0.4   1.7   1.8   1.7   1.7   1.7   1.7   1.3   1.4   1.2   1.2   1.1   0.9   0.8   0.9   0.6   0.3   0.4   0.5   0.3   0.4   0.4   0.3   0.3   0.3   2.0   1.9   1.6   1.6   1.6   1.6   1.2   1.2   1.1   1.2   0.8   1.0   0.9   0.8   0.5   0.3   0.3   0.4   0.4   0.4   0.4   0.4   0.4   0.7   1.8   1.8   1.7   1.7   1.3   1.6   1.4   1.3   1.1   1.0   1.0   0.8   0.8   0.8   0.4   0.3   0.3   0.3   0.8   1.8   1.7   1.5   1.5   1.2   1.1   0.9   1.0   0.9   1.1   0.9   0.7   0.8   0.8   0.3   0.4   0.3   0.3   0.4   0.4   0.4   0.4   0.5   0.4   0.4   0.4   0.3   0.3   1.6   2.0   1.9   1.8   1.9   1.6   1.5   1.6   1.4   1.4   1.3   1.2   1.1   1.0   1.1   0.8   0.9   0.8   0.8   0.5   0.3   0.4   0.4   0.3   0.3   0.3   0.4   0.3   0.8   1.8   2.1   1.6   1.8   1.4   1.4   1.3   1.3   1.1   1.1   1.0   1.0   1.0   0.9   0.6   0.3   0.3   0.3   0.3   0.3   0.3   0.3   0.4   1.1   1.9   1.8   1.7   1.8   1.4   1.4 
B: 35.6 34.3 34.4 33.8 33.3 31.7 31.1 30.3 29.4 28.2 28.5 29.5 29.3 30.6 28.8 26.5 28.4 30.3 30.0 29.1 30.3 29.8 37.4 36.8 36.1 33.8 35.0 33.5 32.1 30.6 30.8 29.9 30.7 29.3 29.9 29.7 29.5 32.0 31.1 30.0 29.0 29.7 29.6 32.4 28.4 29.5 39.5 37.7 35.5 35.0 35.2 33.5 33.5 32.2 30.9 30.6 29.8 29.9 28.6 27.5 30.8 29.7 28.6 30.3 29.3 31.1 29.8 30.1 29.3 31.6 39.4 36.8 36.6 35.7 34.5 34.4 31.5 32.1 31.5 29.4 29.5 29.5 28.7 30.9 36.2 29.7 29.3 29.1 31.4 30.4 29.9 29.5 30.2 38.6 36.0 35.5 35.5 34.7 34.9 33.6 31.7 32.0 31.6 31.0 30.4 28.8 29.0 28.9 31.5 29.9 30.5 29.2 41.9 36.7 35.4 34.7 32.7 31.2 31.7 31.3 30.9 29.5 28.7 28.1 29.0 28.9 28.9 30.7 30.8 30.5 27.6 28.3 31.9 30.6 28.8 31.3 29.8 30.7 28.6 31.2 30.2 38.2 38.8 37.0 36.0 35.6 34.3 35.7 34.6 32.7 31.9 32.2 32.1 29.9 29.8 29.4 28.1 29.1 27.9 29.6 33.3 29.7 29.5 31.1 32.0 31.0 30.2 29.6 29.1 43.4 36.6 36.7 35.1 35.3 33.4 34.4 31.5 32.2 30.7 31.4 30.4 27.0 29.6 28.7 30.7 28.9 29.3 29.4 29.0 30.7 29.1 29.3 29.6 35.0 36.0 35.3 35.3 35.9 34.0 33.2 
Direction:  n n n n n n n n n n n n n n n n n n n n n n n n n n n n n n n n n n n n n n n n n n n n n n n n n n n n n n n n n n n n n n n n n n n n n n n n n n n n n n n n n n n n n n n n n n n n n n n n n n n n n n n n n n n n n n n n n n n n n n n n n n n n n n n n n n n n n n n n n n n n n n n n n n n n n n n n n n n n n n n n n n n n n n n n n n n n n n n n n n n n n n n n n n n n n n n n n n n n n n n n

54.5: Count:   1.2 (  0.7) A:  15.5 [14-29] B:  33.7 [14-113] Phase: 53% 62 (32.9) Direction:  {37 143}  29% 85 (24.0) Direction:  {56 124}  21% 76 (14.4) Direction:  {48 132}
Phase: {190,130,132,151,142,142,130,126,145,147,153,160,158,155,152,191,153,206,185,165,154,202,186,176,180,203,191,202,195,195,200,191,226,210,270,246,283,244,248,275,277,318,301,311,363,368,406,378,369,454,490,463,479,510,554,535,536,489,619,558,703,617,635,680,616,659,696,686,684,733,742,681,748,733,720,674,642,651,697,762,712,704,716,641,635,640,683,553,656,511,716,530,526,511,532,476,483,460,477,408,392,380,403,366,369,286,304,296,304,243,257,252,242,222,164,190,168,189,150,152,132,118,128,97,147,89,134,97,91,89,83,83,70,73,72,89,64,68,53,60,55,50,54,54,53,52,40,46,50,40,42,47,45,44,47,43,30,29,44,28,38,25,28,26,28,28,35,28,29,22,21,21,14,24,13,16,19,18,14,12,21,9,18,13,16,13,12,8,15,23,9,9,7,10,6,14,15,21,11,7,5,11,11,15,8,13,9,17,8,3,10,3,17,10,9,16,9,15,8,15,15,11,19,19,19,18,22,15,30,17,19,30,16,12,30,28,27,23,33,35,40,40,49,61,37,59,43,42,46,52,72,50,65,68,84,95,83,72,94,103,88,99,123,103,105,88,144,129,125,120,197,115,133,122,157,135,161,194,204,196,153,168,185,191,182,219,198,218,206,198,192,209,207,234,191,232,179,218,242,176,199,166,201,180,208,157,217,160,187,168,153,148,150,125,96,149,140,148,96,141,139,111,117,93,124,88,102,86,117,100,91,82,84,97,75,88,92,104,79,90,98,96,92,110,85,93,91,106,99,107,114,103,122,140,90,108,135,132,109,107}
Count:   2.4   2.1   1.9   2.1   1.8   1.9   1.6   1.4   1.3   1.3   1.2   1.1   1.1   0.4   0.5   0.3   0.4   0.4   0.5   0.4   0.4   0.3   1.4   2.2   2.3   1.8   2.1   1.9   1.7   1.5   1.5   1.2   1.3   1.2   1.2   1.1   0.9   0.3   0.3   0.3   0.4   0.4   0.4   0.3   0.3   0.4   2.0   2.3   2.2   2.2   2.1   1.9   1.9   1.6   1.6   1.4   1.3   1.5   1.1   1.1   0.6   0.4   0.2   0.4   0.4   0.4   0.4   0.4   0.3   0.5   2.5   2.2   2.1   1.9   2.0   1.9   1.5   1.7   1.4   1.5   1.2   1.2   1.1   1.0   0.6   0.4   0.4   0.3   0.4   0.4   0.3   0.4   0.4   0.8   2.1   2.2   2.0   2.1   1.8   1.9   1.5   1.5   1.4   1.1   1.2   1.2   1.1   1.1   0.4   0.4   0.3   0.3   0.9   2.3   2.2   1.8   1.8   1.6   1.5   1.3   1.1   1.1   1.0   1.0   1.0   0.9   1.0   0.3   0.4   0.3   0.4   0.4   0.4   0.4   0.4   0.3   0.3   0.4   0.4   0.3   0.3   1.9   2.5   2.1   2.3   2.4   2.2   1.8   1.9   1.7   1.6   1.5   1.5   1.4   1.2   1.3   1.2   1.1   1.0   0.9   0.7   0.4   0.4   0.4   0.3   0.3   0.4   0.3   0.3   0.9   2.2   2.5   1.9   1.9   1.7   1.9   1.5   1.7   1.3   1.4   1.2   1.2   1.1   1.2   0.4   0.4   0.4   0.3   0.4   0.3   0.3   0.4   0.4   1.4   2.4   2.0   2.0   2.0   1.8   1.7 
B: 37.4 35.4 36.4 36.3 35.7 34.2 31.7 30.9 30.6 30.2 28.0 29.2 30.3 28.0 28.0 28.5 30.1 26.7 27.9 27.6 28.0 26.5 36.6 37.2 37.4 35.9 36.0 34.6 32.6 33.1 32.2 30.8 31.1 29.9 31.4 28.8 29.7 28.5 28.3 27.3 27.6 29.4 27.0 28.1 28.9 28.5 40.2 37.6 37.9 36.8 36.6 35.3 35.4 33.8 32.0 30.9 32.4 30.2 30.8 28.5 29.6 30.2 26.7 28.2 28.1 29.1 29.2 28.5 26.2 29.8 41.0 37.5 36.7 35.8 35.4 36.0 33.8 32.7 33.2 32.5 29.9 29.3 29.5 29.0 32.1 27.8 30.9 26.5 28.2 29.8 28.9 28.8 26.5 39.1 37.6 36.1 36.9 36.5 37.2 35.2 34.6 32.7 31.2 31.8 31.1 30.2 29.3 28.7 29.0 28.6 28.9 28.8 38.8 37.5 37.3 36.0 33.7 33.5 32.5 31.0 31.4 29.8 29.4 28.0 30.2 28.1 28.1 28.4 30.0 28.4 27.4 27.5 26.7 28.3 27.9 29.6 29.4 28.7 26.7 28.2 28.2 39.1 39.7 37.6 37.0 36.1 36.9 37.0 35.8 32.9 33.9 33.6 31.7 31.1 31.4 30.1 29.5 28.4 28.3 27.8 30.4 29.1 28.7 28.3 28.9 27.3 29.0 27.3 27.5 39.4 38.6 37.5 38.1 35.6 34.8 35.3 32.7 33.4 31.4 31.4 30.9 30.3 29.2 28.4 28.5 29.5 27.2 26.7 28.9 28.5 28.1 29.8 29.9 38.6 38.1 37.9 36.0 36.7 35.5 35.4 
Direction:  n n n n n n n n n n n n n n n n n n n n n n n n n n n n n n n n n n n n n n n n n n n n n n n n n n n n n n n n n n n n n n n n n n n n n n n n n n n n n n n n n n n n n n n n n n n n n n n n n n n n n n n n n n n n n n n n n n n n n n n n n n n n n n n n n n n n n n n n n n n n n n n n n n n n n n n n n n n n n n n n n n n n n n n n n n n n n n n n n n n n n n n n n n n n n n n n n n n n n n n n

54.6: Count:   1.3 (  0.8) A:  15.6 [14-31] B:  33.7 [14-111] Phase: 81% 77 (28.5) Direction:  {49 131}  17% 53 (22.2) Direction:  {31 149}
Phase: {181,118,135,126,128,142,174,130,142,164,144,178,146,158,172,152,185,169,181,193,205,210,208,178,211,259,206,252,268,264,278,249,298,293,307,287,322,296,358,377,386,402,393,402,389,506,495,460,467,465,562,577,503,620,560,653,645,613,697,728,761,650,746,798,682,786,760,712,830,780,814,827,820,867,820,847,833,822,782,829,806,812,813,765,781,738,748,658,775,639,830,623,671,545,608,559,522,546,539,496,452,459,477,431,402,409,366,376,397,300,294,301,312,252,251,249,229,225,219,202,242,209,154,169,152,156,164,132,124,134,136,95,104,114,106,84,65,109,83,64,86,65,55,49,79,40,54,49,61,46,32,35,43,44,30,30,21,33,27,34,39,38,39,31,20,18,31,20,22,22,25,8,20,16,14,33,5,11,16,13,14,22,7,17,24,9,13,5,10,14,11,9,12,5,6,10,1,11,20,13,15,12,12,6,5,10,6,10,16,7,6,5,10,10,3,7,17,6,6,18,23,9,4,12,13,17,21,15,11,11,35,15,17,28,13,11,23,30,27,21,29,27,39,20,30,45,37,41,41,53,61,51,57,71,57,52,63,75,95,88,65,94,107,83,122,86,105,78,108,105,156,98,124,142,191,118,160,136,146,151,154,173,203,206,181,177,168,195,212,219,181,199,205,223,164,186,153,249,239,174,178,167,198,175,173,170,199,127,162,150,154,130,139,121,127,128,124,129,125,144,86,86,90,114,98,73,84,81,89,80,76,84,77,64,58,99,75,84,67,85,88,60,89,82,95,110,107,90,93,92,73,88,133,105,102,105,96,91,141,101}
Count:   2.5   2.5   2.3   2.2   2.1   2.0   1.7   1.8   1.4   1.5   1.4   1.3   1.2   0.3   0.4   0.3   0.3   0.3   0.3   0.3   0.4   0.3   1.5   2.3   2.3   2.2   2.2   2.1   1.9   1.8   1.7   1.4   1.6   1.3   1.3   1.2   0.9   0.3   0.3   0.3   0.3   0.3   0.3   0.3   0.2   0.3   2.3   2.4   2.7   2.4   2.4   2.1   2.2   1.9   1.9   1.5   1.6   1.6   1.5   1.1   0.7   0.4   0.4   0.3   0.3   0.3   0.4   0.3   0.3   0.4   2.8   2.5   2.3   2.3   2.2   2.1   1.8   1.7   1.6   1.7   1.2   1.3   1.1   1.2   0.5   0.3   0.4   0.4   0.4   0.4   0.3   0.3   0.3   1.0   2.8   2.4   2.3   2.3   2.3   2.1   1.7   1.6   1.6   1.4   1.5   1.6   1.2   1.3   0.4   0.3   0.4   0.3   0.9   2.6   2.3   2.2   2.2   1.7   1.4   1.4   1.3   1.3   1.3   1.2   1.2   1.0   0.9   0.3   0.4   0.3   0.4   0.3   0.2   0.3   0.3   0.3   0.3   0.4   0.3   0.3   0.3   2.0   3.1   2.4   2.7   2.5   2.4   2.2   2.2   2.1   2.1   1.9   1.8   1.6   1.4   1.3   1.4   1.3   1.1   1.1   0.6   0.4   0.3   0.4   0.3   0.4   0.3   0.3   0.2   0.8   2.4   2.7   2.3   2.4   1.9   2.2   1.8   1.7   1.7   1.6   1.2   1.4   1.2   1.1   0.4   0.3   0.4   0.4   0.3   0.3   0.3   0.3   0.4   1.5   2.5   2.3   2.4   2.4   2.1   2.0 
B: 36.6 36.1 36.0 34.7 34.2 34.1 31.8 31.3 31.5 29.9 29.6 28.0 28.6 28.3 28.1 25.8 28.0 27.4 27.0 26.7 27.4 26.1 39.1 37.3 36.7 36.4 35.4 35.6 33.2 32.5 30.7 30.7 32.4 28.6 30.0 29.2 28.8 28.2 27.0 25.0 28.2 28.7 26.2 25.4 26.1 26.9 39.7 37.3 39.0 37.8 36.2 35.6 35.1 32.6 32.0 31.6 31.0 30.5 29.5 28.2 27.3 27.5 27.2 26.6 27.2 25.7 27.6 28.4 26.1 28.7 40.8 38.7 37.8 37.0 36.2 35.6 32.8 31.7 31.6 31.8 30.0 29.5 28.4 28.9 29.4 27.6 28.8 27.5 27.3 27.4 29.7 28.2 26.6 40.0 39.1 37.8 36.8 36.7 36.7 34.7 32.6 32.3 31.3 29.8 30.4 30.0 27.4 29.1 27.2 29.3 28.8 26.6 35.9 38.4 37.0 35.5 34.1 33.8 31.4 30.0 30.4 30.6 28.6 28.6 28.4 28.1 27.6 30.5 29.6 26.5 26.8 26.5 26.7 27.9 28.5 28.0 26.6 25.8 28.4 27.9 29.0 40.5 40.5 37.8 36.9 37.2 36.7 37.0 36.1 33.5 33.8 33.4 32.3 31.3 31.4 29.5 29.9 27.4 27.6 27.9 29.0 29.0 25.8 27.9 26.2 27.5 27.6 25.9 26.6 38.8 39.4 38.3 38.3 36.0 35.0 34.4 32.9 32.8 30.5 32.6 29.4 29.7 28.1 28.1 29.2 25.3 26.9 26.3 28.4 28.7 25.9 28.8 28.6 38.1 38.5 36.6 36.2 35.7 36.7 34.7 
Direction:  n n n n n n n n n n n n n n n n n n n n n n n n n n n n n n n n n n n n n n n n n n n n n n n n n n n n n n n n n n n n n n n n n n n n n n n n n n n n n n n n n n n n n n n n n n n n n n n n n n n n n n n n n n n n n n n n n n n n n n n n n n n n n n n n n n n n n n n n n n n n n n n n n n n n n n n n n n n n n n n n n n n n n n n n n n n n n n n n n n n n n n n n n n n n n n n n n n n n n n n n

54.7: Count:   1.5 (  1.0) A:  15.7 [14-32] B:  33.1 [14-112] Phase: 83% 77 (29.6) Direction:  {49 131}  16% 57 (23.4) Direction:  {34 146}
Phase: {192,108,127,132,162,127,142,154,154,151,165,170,175,184,178,189,208,190,195,163,226,222,226,230,247,315,252,277,271,262,317,317,301,347,331,369,393,433,407,454,423,493,493,528,530,547,532,571,553,624,643,708,676,675,754,813,769,757,885,804,890,799,933,954,819,967,941,884,989,851,981,893,983,980,956,1005,897,902,944,948,896,860,850,877,903,840,913,768,756,750,992,730,858,767,805,682,707,687,686,664,631,598,607,577,555,527,554,496,477,405,426,384,360,397,347,350,265,303,309,306,212,227,207,188,223,208,198,191,155,137,162,159,148,139,122,140,110,114,112,94,98,78,82,76,107,69,45,51,73,66,63,49,71,58,42,65,50,40,43,40,37,44,20,33,24,21,32,20,32,29,12,15,21,15,19,17,27,14,15,18,20,5,7,12,15,16,18,9,12,11,8,9,8,16,5,3,11,4,10,11,7,8,3,7,14,12,10,12,7,9,18,7,10,1,6,12,14,7,11,12,10,12,10,9,12,13,10,14,10,22,11,20,20,16,11,14,22,17,17,13,18,18,18,34,25,29,20,31,33,40,44,43,45,45,63,71,58,93,75,67,85,84,92,82,97,72,125,105,131,109,183,141,146,123,147,126,184,188,181,200,185,194,218,205,175,228,198,192,175,209,204,199,202,249,194,197,152,187,172,188,188,189,148,159,155,130,163,129,130,119,132,100,127,123,124,133,91,77,73,85,99,91,74,77,85,91,92,72,79,58,68,82,94,76,68,72,76,83,74,82,64,78,92,105,93,87,83,72,82,84,86,101,119,123,91,105,111,119,97,134}
Count:   2.9   2.9   2.6   2.5   2.6   2.5   2.0   2.1   1.6   1.7   1.7   1.6   1.1   0.4   0.3   0.3   0.4   0.2   0.3   0.3   0.3   0.2   1.8   2.8   2.8   2.6   2.6   2.4   2.3   2.2   1.9   1.6   1.9   1.5   1.4   1.4   1.0   0.2   0.3   0.4   0.3   0.3   0.3   0.3   0.3   0.2   2.6   2.9   3.2   2.6   2.9   2.5   2.4   2.3   2.1   1.7   1.8   1.8   1.6   1.3   0.8   0.3   0.3   0.5   0.3   0.3   0.3   0.3   0.2   0.5   3.1   3.0   2.8   2.4   2.5   2.4   2.1   2.1   2.0   2.0   1.3   1.7   1.4   1.4   0.6   0.3   0.4   0.3   0.4   0.4   0.4   0.4   0.3   0.9   3.2   2.7   2.7   2.7   2.4   2.3   2.3   2.3   1.8   1.8   1.8   1.5   1.4   1.4   0.4   0.3   0.3   0.3   0.8   3.1   2.7   2.7   2.3   2.2   2.0   1.9   1.4   1.6   1.5   1.3   1.3   1.1   1.0   0.3   0.4   0.4   0.3   0.3   0.3   0.3   0.3   0.3   0.3   0.3   0.3   0.3   0.4   2.1   3.4   3.0   2.9   2.7   2.9   2.6   3.1   2.1   2.4   2.2   2.0   1.8   1.9   1.7   1.4   1.4   1.5   1.3   0.6   0.4   0.4   0.3   0.3   0.4   0.2   0.3   0.3   0.7   3.1   3.2   2.8   3.2   2.4   2.6   2.3   2.0   2.0   1.8   1.5   1.6   1.4   1.5   0.4   0.3   0.3   0.3   0.3   0.3   0.3   0.4   0.2   1.5   2.7   2.8   2.7   2.7   2.5   2.5 
B: 37.4 35.7 34.8 34.2 34.0 33.3 31.2 30.9 28.9 28.1 27.9 27.0 27.6 25.3 25.6 27.0 28.2 25.4 25.2 27.2 28.1 25.3 36.9 37.0 35.4 35.7 33.1 33.6 33.5 32.0 30.3 30.7 30.3 28.1 27.7 27.5 28.5 29.2 27.2 26.8 26.9 25.9 27.7 27.6 29.0 27.2 38.4 36.7 37.1 36.5 36.5 33.9 34.5 33.1 31.5 30.8 30.5 29.9 28.2 26.2 27.3 26.4 27.7 25.6 26.5 26.6 27.3 27.2 25.5 33.9 39.1 37.7 36.8 34.1 36.2 34.7 33.1 32.8 31.6 30.4 30.0 29.1 27.0 27.7 29.2 26.5 26.6 28.0 27.1 26.6 27.3 26.5 26.3 39.4 38.2 37.6 35.4 36.2 34.8 34.4 33.2 32.9 31.8 29.2 29.7 28.1 26.9 28.2 28.4 26.2 26.1 25.7 32.5 38.3 35.8 34.5 33.7 32.5 31.3 30.7 28.8 28.0 27.2 27.0 27.0 26.5 26.9 29.3 27.3 25.8 27.5 25.2 28.0 26.5 26.2 28.3 28.2 26.1 27.2 27.4 27.4 39.9 39.2 38.0 37.1 36.0 36.4 36.0 34.6 33.1 32.1 31.8 32.4 30.0 30.7 28.4 26.9 27.7 27.5 27.0 29.6 27.8 27.4 29.0 27.8 26.7 28.4 25.9 28.1 36.7 38.1 37.4 38.2 36.1 35.1 34.5 34.1 31.2 29.7 31.3 28.7 28.4 28.9 26.7 27.4 26.8 27.8 26.6 28.6 26.0 25.6 28.2 29.1 37.3 38.6 37.2 36.4 36.4 34.8 34.2 
Direction:  n n n n n n n n n n n n n n n n n n n n n n n n n n n n n n n n n n n n n n n n n n n n n n n n n n n n n n n n n n n n n n n n n n n n n n n n n n n n n n n n n n n n n n n n n n n n n n n n n n n n n n n n n n n n n n n n n n n n n n n n n n n n n n n n n n n n n n n n n n n n n n n n n n n n n n n n n n n n n n n n n n n n n n n n n n n n n n n n n n n n n n n n n n n n n n n n n n n n n n n n

54.8: Count:   1.6 (  1.1) A:  15.8 [14-33] B:  32.8 [14-107] Phase: 87% 73 (30.7) Direction:  {45 135}  10% 83 (21.7) Direction:  {54 126}
Phase: {144,130,131,132,145,129,166,135,141,134,172,214,157,214,172,189,214,203,200,243,218,221,261,272,232,296,218,380,327,334,399,366,380,420,448,435,439,495,457,506,511,605,545,554,533,622,640,756,641,666,768,788,674,795,846,842,914,879,886,823,966,853,972,1007,863,1033,921,1071,1056,1092,979,1016,1045,1101,1012,1083,983,1068,1020,1030,1005,984,979,941,1031,945,964,914,931,790,1125,831,815,802,912,803,821,813,794,731,740,724,710,629,637,594,591,575,515,473,521,468,424,439,416,409,333,375,345,330,296,297,272,242,266,220,221,216,213,187,196,173,159,131,115,151,94,137,105,124,81,99,84,86,72,78,45,69,77,63,51,31,42,44,40,34,39,38,51,42,35,21,18,33,27,29,23,20,23,25,10,19,21,11,21,17,15,17,13,7,10,16,6,4,12,7,10,7,16,14,13,4,2,5,13,12,14,11,8,8,0,10,2,0,8,25,3,10,12,15,2,7,7,10,10,7,16,16,7,6,13,9,15,8,4,16,11,7,12,13,16,11,16,21,18,21,11,19,26,22,32,26,27,28,15,42,11,28,32,36,40,43,49,42,44,52,43,46,84,58,58,86,70,72,89,79,111,92,131,87,163,138,130,117,183,175,157,175,186,152,142,180,212,209,183,234,185,207,186,177,193,213,219,197,190,212,204,175,175,150,179,151,156,126,153,120,165,113,123,125,97,95,113,121,76,125,91,105,62,80,55,79,71,76,79,58,80,72,72,63,91,70,78,89,48,68,74,82,87,91,88,45,90,58,84,95,83,92,69,95,78,116,108,86,94,86,117,126,130,78}
Count:   3.4   3.4   2.9   2.7   2.8   2.7   2.0   2.2   1.8   2.0   1.7   1.7   1.5   0.3   0.4   0.3   0.4   0.3   0.3   0.4   0.3   0.3   1.9   3.2   3.0   2.9   3.0   2.5   2.6   2.4   2.2   2.0   1.9   1.6   1.7   1.2   1.1   0.3   0.3   0.3   0.3   0.3   0.3   0.3   0.3   0.3   2.7   3.0   3.7   3.1   3.2   2.7   2.7   2.3   2.3   2.0   2.0   1.7   1.8   1.4   0.8   0.3   0.3   0.3   0.3   0.3   0.3   0.4   0.2   0.5   3.3   3.3   3.2   2.6   2.6   2.8   2.7   2.4   2.2   1.9   1.6   1.6   1.5   1.6   0.5   0.3   0.3   0.3   0.3   0.3   0.3   0.2   0.3   1.0   3.6   3.2   2.7   2.9   2.7   2.7   2.3   2.6   1.9   2.0   1.9   1.6   1.5   1.7   0.3   0.3   0.3   0.2   1.0   3.3   3.1   3.1   2.5   2.5   2.1   2.0   1.7   1.6   1.6   1.3   1.2   1.3   1.2   0.3   0.3   0.3   0.3   0.3   0.3   0.3   0.3   0.3   0.3   0.3   0.3   0.3   0.4   2.5   3.5   3.3   3.2   2.8   3.4   2.7   3.2   2.5   2.5   2.4   2.3   1.8   2.1   1.6   1.7   1.5   1.2   1.4   0.5   0.3   0.3   0.3   0.3   0.4   0.3   0.3   0.3   0.6   3.2   3.4   3.1   3.2   2.8   2.7   2.4   2.2   2.1   2.0   1.9   1.8   1.6   1.4   0.4   0.4   0.2   0.2   0.4   0.3   0.3   0.4   0.3   1.8   3.1   3.4   3.0   3.2   2.7   2.6 
B: 36.8 35.3 35.6 34.8 33.8 32.7 32.1 30.8 29.4 28.3 27.1 27.4 27.0 26.1 25.0 26.2 26.7 26.5 25.1 26.0 27.2 26.1 36.6 36.4 35.5 35.0 34.0 33.6 33.1 31.6 30.0 30.5 29.1 27.9 27.9 27.7 27.8 25.3 26.1 26.3 26.0 26.3 26.5 28.4 26.4 26.8 37.9 36.1 37.0 35.0 36.0 34.5 34.0 33.0 32.2 30.7 29.9 29.1 27.5 26.8 28.2 26.3 28.1 26.0 25.2 24.9 26.2 24.9 26.9 32.1 38.3 37.9 36.2 34.4 34.3 34.8 32.9 32.2 30.2 29.9 29.5 28.3 28.4 28.0 29.0 25.8 25.8 27.6 26.0 25.4 25.6 26.8 26.0 36.5 38.7 36.5 35.2 36.8 34.9 33.9 33.1 32.4 32.8 30.6 29.7 27.5 26.9 27.9 26.8 26.2 24.5 25.1 33.3 37.3 36.0 33.9 32.6 31.8 30.1 30.9 28.5 28.9 27.2 26.0 25.6 26.0 25.1 25.4 26.1 25.2 28.7 25.0 28.4 25.5 25.1 25.3 27.6 26.3 25.5 25.0 25.3 37.7 38.9 38.6 35.6 36.1 35.7 33.8 35.3 32.6 32.3 31.1 31.3 29.9 29.7 28.2 27.4 26.9 26.9 27.8 26.2 27.3 25.0 27.8 24.9 26.5 25.8 26.1 25.3 31.1 38.0 37.5 36.5 35.4 35.4 34.9 33.0 31.0 31.2 30.2 28.6 28.0 27.8 26.4 29.0 26.9 26.9 26.2 26.7 25.8 26.9 28.3 24.4 37.0 37.9 37.3 36.1 35.1 35.4 34.0 
Direction:  n n n n n n n n n n n n n n n n n n n n n n n n n n n n n n n n n n n n n n n n n n n n n n n n n n n n n n n n n n n n n n n n n n n n n n n n n n n n n n n n n n n n n n n n n n n n n n n n n n n n n n n n n n n n n n n n n n n n n n n n n n n n n n n n n n n n n n n n n n n n n n n n n n n n n n n n n n n n n n n n n n n n n n n n n n n n n n n n n n n n n n n n n n n n n n n n n n n n n n n n

54.9: Count:   1.5 (  1.1) A:  15.8 [14-30] B:  34.2 [14-113] Phase: 100% 75 (26.9) Direction:  {47 133}
Phase: {134,91,98,111,116,121,99,100,146,119,130,131,157,144,140,149,165,145,156,145,187,168,191,233,223,234,204,253,286,257,292,317,310,296,363,364,399,375,377,441,443,528,556,499,525,641,606,662,664,703,746,801,795,811,906,798,911,959,1021,912,1139,1018,1082,1122,957,1042,1084,1066,1028,1138,1112,1076,1168,1251,1129,1097,1139,1100,1073,1191,1034,1205,1231,1080,1094,1012,1102,967,972,964,1127,887,921,894,923,864,814,832,864,811,776,754,681,706,636,572,546,585,581,479,473,457,390,441,343,332,282,350,302,272,233,211,209,176,193,163,166,154,108,134,98,125,104,112,81,103,71,89,60,47,75,73,80,70,43,48,48,52,35,24,47,37,28,50,27,33,23,26,20,20,19,15,20,19,15,25,15,22,16,8,11,8,23,11,19,7,12,6,7,10,10,4,12,7,4,5,10,10,1,10,3,1,5,5,8,1,1,8,4,2,4,3,4,3,16,3,3,8,6,2,3,7,5,7,5,9,3,3,5,8,6,6,8,5,2,8,4,10,6,7,12,8,6,5,14,13,16,10,6,15,16,8,15,14,12,17,7,9,16,22,18,18,24,20,31,39,23,17,27,28,24,18,39,43,39,24,56,35,42,38,56,50,57,49,68,51,102,63,61,78,47,68,85,69,77,88,61,82,98,79,79,87,96,59,94,109,82,89,91,87,101,63,77,87,72,69,85,94,56,90,66,81,55,70,72,67,79,71,56,43,65,89,63,70,68,51,68,48,51,55,68,57,67,58,45,51,56,59,69,54,56,53,65,71,52,69,61,71,85,77,60,70,71,74,77,81,96,101,86,99}
Count:   3.4   3.3   3.0   2.7   2.5   2.8   2.0   2.1   1.9   1.9   1.6   1.7   1.2   0.1   0.2   0.2   0.2   0.2   0.2   0.2   0.2   0.1   2.0   3.3   3.1   3.0   2.6   2.5   2.5   2.3   2.0   2.0   1.6   1.6   1.4   1.0   0.9   0.1   0.2   0.2   0.2   0.2   0.2   0.2   0.2   0.2   2.6   3.0   3.3   2.9   3.0   2.6   2.7   2.3   2.4   1.7   2.0   1.6   1.6   1.2   0.9   0.2   0.2   0.2   0.2   0.2   0.2   0.1   0.1   0.5   3.6   3.2   3.3   2.4   2.7   2.5   2.6   2.2   1.9   1.9   1.3   1.4   1.6   1.3   0.4   0.2   0.2   0.3   0.1   0.2   0.2   0.2   0.3   1.0   3.5   3.1   2.7   2.8   2.6   2.7   2.3   2.3   1.9   2.0   1.7   1.4   1.4   1.4   0.2   0.2   0.2   0.1   0.9   3.0   2.9   3.0   2.3   2.3   2.0   2.1   1.6   1.5   1.3   1.1   1.0   1.2   0.8   0.2   0.2   0.2   0.2   0.2   0.2   0.2   0.2   0.2   0.2   0.1   0.2   0.2   0.2   2.8   3.4   3.1   3.4   2.7   3.1   2.7   2.9   2.3   2.5   2.5   2.1   1.7   2.1   1.5   1.5   1.3   1.3   1.1   0.4   0.2   0.2   0.2   0.2   0.2   0.3   0.2   0.1   0.5   3.3   3.1   3.2   3.2   2.9   2.2   2.3   2.2   2.0   2.1   1.5   1.8   1.3   1.4   0.2   0.1   0.1   0.2   0.1   0.3   0.3   0.2   0.2   1.6   3.3   3.7   2.7   3.1   2.4   2.5 
B: 37.8 37.3 36.3 36.3 35.1 34.7 33.8 32.6 30.1 30.6 29.2 27.9 27.1 24.8 24.1 24.5 22.4 25.4 24.6 23.6 25.9 24.3 39.6 38.6 38.2 36.9 35.8 34.6 33.3 32.0 32.2 32.6 31.5 29.3 30.3 28.5 27.7 22.6 24.2 25.3 25.9 27.1 26.7 26.2 25.7 23.4 39.2 37.8 38.6 37.0 36.1 36.0 35.7 33.3 33.0 31.4 31.5 30.7 28.0 27.9 29.3 25.3 25.4 25.0 25.0 25.0 25.4 25.1 22.6 32.7 40.0 39.1 38.3 36.7 35.7 34.4 34.4 33.4 30.9 30.9 29.2 28.7 29.1 27.3 30.8 25.1 24.1 24.7 24.6 24.9 22.6 24.9 24.7 35.9 39.2 37.4 36.3 36.9 36.4 35.3 34.4 33.3 31.7 30.4 30.9 29.1 28.1 28.0 24.9 26.2 25.4 22.9 37.5 38.2 37.3 35.1 34.7 33.4 31.5 31.3 29.6 29.1 28.5 27.8 26.9 25.9 26.1 25.4 24.6 26.7 25.6 22.9 24.7 24.9 25.4 26.2 23.4 24.1 23.2 23.8 23.3 40.5 40.5 38.8 37.1 36.9 37.9 36.4 35.8 33.5 33.2 33.3 32.2 30.8 30.8 29.9 28.9 27.6 27.4 29.4 32.0 23.6 27.1 24.4 27.1 23.2 25.3 25.0 22.7 35.1 39.7 39.2 38.4 37.7 35.4 34.9 33.3 32.8 30.1 30.9 30.4 29.1 29.4 27.8 26.1 26.5 23.0 23.4 24.2 24.5 24.5 25.1 23.7 38.9 38.7 38.4 37.2 36.2 36.7 35.9 
Direction:  n n n n n n n n n n n n n n n n n n n n n n n n n n n n n n n n n n n n n n n n n n n n n n n n n n n n n n n n n n n n n n n n n n n n n n n n n n n n n n n n n n n n n n n n n n n n n n n n n n n n n n n n n n n n n n n n n n n n n n n n n n n n n n n n n n n n n n n n n n n n n n n n n n n n n n n n n n n n n n n n n n n n n n n n n n n n n n n n n n n n n n n n n n n n n n n n n n n n n n n n

55.0: Count:   1.3 (  1.1) A:  15.9 [14-32] B:  35.3 [14-100] Phase: 93% 77 (23.6) Direction:  {48 132}  11% 46 ( 9.8) Direction:  {26 154}
Phase: {91,71,88,63,75,67,70,60,84,71,103,88,71,112,101,116,110,109,125,116,118,178,123,162,160,143,143,177,220,197,252,205,250,273,245,282,353,370,387,416,381,371,450,475,511,582,606,566,607,651,712,722,685,779,790,841,825,910,933,946,1022,908,1091,1085,911,1108,983,1170,1149,1205,1105,1132,1267,1169,1238,1257,1214,1270,1153,1236,1210,1147,1257,1070,1163,1096,1149,1080,1073,852,1170,870,1000,894,840,869,779,777,764,693,671,728,620,585,551,555,532,494,468,408,459,398,381,328,343,329,254,295,255,220,227,188,194,122,181,146,146,116,106,92,90,88,60,88,57,69,65,53,63,36,37,40,33,49,32,29,37,24,32,24,42,23,12,22,17,16,25,10,6,13,10,17,6,9,7,8,9,13,6,9,5,6,6,8,8,3,4,4,8,4,6,2,1,2,8,3,2,1,2,2,3,5,2,4,0,1,1,3,5,4,1,5,2,4,2,1,0,0,10,1,8,7,1,5,0,5,2,3,2,3,6,1,6,1,1,6,5,2,0,3,5,4,7,9,9,2,4,4,10,13,1,6,12,6,1,7,4,9,4,10,10,3,7,9,9,2,15,10,9,12,7,13,8,11,11,16,12,12,20,14,53,8,16,22,33,32,19,14,26,31,7,28,27,37,21,28,21,33,32,21,45,45,53,37,53,46,31,50,37,28,42,30,52,56,63,39,46,39,43,55,37,33,42,50,39,77,34,51,29,36,32,42,31,37,39,45,48,29,33,33,36,48,42,36,53,39,36,54,34,35,53,37,58,56,52,35,37,48,40,55,56,58,62,75,49,50,63,51,57,41}
Count:   3.2   3.2   2.7   2.6   2.2   2.2   2.2   2.0   1.6   1.5   1.3   1.4   1.1   0.1   0.2   0.2   0.1   0.1   0.1   0.1   0.2   0.1   1.9   3.4   2.9   3.0   2.6   2.3   2.2   2.0   2.0   1.7   1.5   1.3   1.0   1.0   0.8   0.1   0.1   0.1   0.1   0.1   0.1   0.2   0.1   0.1   2.5   2.9   3.2   2.9   3.0   2.6   2.4   2.1   2.2   1.6   1.6   1.3   1.2   1.0   0.5   0.2   0.1   0.1   0.1   0.1   0.1   0.1   0.2   0.4   3.3   3.0   3.0   2.4   2.6   2.2   2.6   1.9   1.6   1.5   1.4   1.1   1.3   1.0   0.4   0.1   0.2   0.1   0.1   0.2   0.2   0.1   0.2   0.6   3.5   3.2   2.5   2.8   2.4   2.2   2.0   2.0   1.8   1.6   1.2   1.3   1.2   1.0   0.1   0.1   0.1   0.1   0.7   3.0   2.5   2.6   2.2   2.1   1.7   1.6   1.5   1.3   1.2   1.1   0.9   0.8   0.7   0.1   0.1   0.1   0.2   0.1   0.1   0.1   0.1   0.1   0.1   0.2   0.1   0.1   0.1   2.6   3.2   3.0   3.6   2.8   2.8   2.6   2.7   2.2   2.3   1.9   2.0   1.5   1.8   1.1   1.2   1.2   1.1   1.0   0.4   0.1   0.1   0.1   0.2   0.1   0.1   0.1   0.1   0.3   3.3   3.0   3.0   2.8   2.8   2.2   2.2   2.1   1.6   1.8   1.7   1.4   1.1   1.1   0.2   0.1   0.1   0.2   0.2   0.2   0.2   0.1   0.1   1.6   2.9   3.6   2.7   2.7   2.2   2.5 
B: 38.1 37.1 37.6 36.7 34.8 34.6 34.0 34.0 32.2 31.6 29.8 30.7 29.7 21.5 22.9 23.3 24.4 25.2 24.4 22.1 21.8 20.8 42.4 38.2 38.7 37.4 36.3 36.8 35.1 34.3 32.6 32.4 32.6 30.0 29.5 29.0 29.7 26.7 25.3 22.6 22.3 25.7 24.2 22.5 24.0 24.5 39.4 38.5 38.4 38.8 38.3 36.8 34.7 34.0 33.6 33.5 32.6 31.7 29.3 29.4 31.7 22.5 24.5 26.4 28.0 23.4 25.0 21.7 20.5 36.5 40.6 40.7 38.7 37.5 36.2 35.7 35.5 34.2 32.2 31.7 30.6 31.0 28.8 28.7 30.7 23.1 23.2 26.6 23.2 22.7 24.1 23.9 22.0 37.6 40.0 40.2 38.6 38.5 36.6 36.0 35.3 33.7 33.1 31.6 31.7 29.5 29.6 29.1 26.4 24.9 21.1 22.6 38.3 39.4 37.9 35.6 34.8 34.6 33.1 32.5 31.5 31.2 30.0 29.2 28.6 28.5 26.2 26.8 22.0 23.5 24.1 21.5 27.2 23.8 23.7 21.9 26.0 23.8 21.4 25.7 21.5 42.9 40.2 39.4 39.1 37.9 38.0 37.3 37.0 36.6 35.5 34.4 32.7 33.7 31.9 31.3 29.8 28.8 28.3 29.3 25.9 24.0 24.2 26.1 23.3 26.1 24.9 24.6 24.2 31.9 40.7 39.6 39.0 38.1 36.2 35.7 35.2 33.2 31.8 31.8 30.3 30.5 28.2 28.9 25.6 25.3 24.1 25.8 25.3 24.1 24.9 23.7 24.1 39.9 39.5 38.7 38.1 37.0 36.7 35.8 
Direction:  n n n n n n n n n n n n n n n n n n n n n n n n n n n n n n n n n n n n n n n n n n n n n n n n n n n n n n n n n n n n n n n n n n n n n n n n n n n n n n n n n n n n n n n n n n n n n n {47 133} n n n n n n n n n n n n n n n n n n n n n n n n n n n n n n n n n n n n n n n n n n n n n n n n n {45 135} n n n n n n n n n n n n n n n n n n n n n n n n n n n n n n n n n n n n n n n n n n n n n n n n n n n n n n n

55.1: Count:   1.4 (  1.1) A:  15.9 [14-34] B:  34.2 [14-102] Phase: 93% 77 (24.1) Direction:  {48 132}  10% 23 (17.6) Direction:  {13 167}
Phase: {76,56,51,69,91,72,76,85,88,80,99,129,111,98,112,116,119,131,149,144,168,176,156,177,189,217,180,224,268,214,250,293,303,313,355,326,370,343,380,374,413,514,429,486,483,561,524,567,580,647,588,690,688,686,821,768,804,769,886,825,948,827,986,951,878,1071,968,978,1043,1140,1080,1188,1119,1215,1217,1141,1197,1176,1133,1145,1107,1088,1144,1112,1162,1057,1127,960,1041,886,1049,874,780,877,787,778,835,744,701,723,623,598,536,525,548,516,489,563,528,421,445,442,417,360,315,304,291,332,259,259,245,248,250,200,235,177,184,169,152,129,124,114,94,103,95,84,72,74,83,66,68,60,61,56,52,41,33,45,39,27,29,27,26,31,19,23,20,14,16,23,19,17,24,14,12,16,14,12,11,12,11,9,7,12,6,2,6,7,10,6,6,2,8,15,2,7,1,1,5,6,6,12,4,2,14,5,3,5,2,5,7,3,8,3,3,3,3,0,8,4,1,0,6,2,2,4,2,3,6,3,6,7,7,13,5,4,4,3,3,5,2,11,3,1,6,17,8,1,5,3,6,6,15,8,6,7,6,14,10,7,21,22,8,14,12,14,10,25,16,12,17,25,28,19,38,27,45,40,32,33,55,42,61,30,58,46,41,64,55,64,34,52,53,59,38,60,66,77,75,50,63,66,53,54,67,93,46,71,57,61,78,54,112,74,71,70,80,62,57,74,75,65,67,70,52,84,66,66,54,68,50,60,61,43,66,51,47,38,60,54,40,44,64,34,45,62,64,78,33,63,55,53,49,42,51,47,41,52,59,83,68,71,62,50,70,94,59,54,73,49}
Count:   3.8   3.1   2.9   2.7   2.1   2.2   2.0   2.1   1.6   1.6   1.2   1.4   0.9   0.2   0.2   0.1   0.1   0.2   0.1   0.2   0.2   0.1   1.9   3.1   2.9   3.0   2.5   2.3   2.5   2.1   1.9   1.6   1.5   1.3   1.1   1.0   0.8   0.1   0.1   0.2   0.2   0.2   0.1   0.1   0.2   0.2   2.7   3.0   2.8   3.0   3.0   2.5   2.3   2.1   2.2   1.9   1.6   1.3   1.3   1.0   0.6   0.1   0.2   0.2   0.1   0.1   0.2   0.1   0.1   0.4   3.5   2.7   3.2   2.4   2.5   2.1   2.8   1.8   1.7   1.6   1.3   1.2   1.3   1.0   0.4   0.2   0.2   0.1   0.1   0.2   0.2   0.2   0.2   0.7   3.4   3.3   2.8   2.6   2.3   2.3   2.2   2.2   1.7   1.7   1.2   1.2   1.1   1.2   0.2   0.1   0.2   0.2   0.9   3.1   2.7   2.7   2.1   2.1   1.7   1.6   1.3   1.3   1.2   1.0   1.0   0.9   0.6   0.2   0.2   0.1   0.2   0.1   0.2   0.1   0.2   0.1   0.2   0.1   0.2   0.2   0.2   2.8   3.6   3.3   3.4   3.0   2.6   2.4   2.7   2.2   2.5   1.9   1.6   1.5   1.8   1.1   1.4   0.9   1.0   1.0   0.4   0.2   0.2   0.2   0.1   0.2   0.1   0.1   0.1   0.5   3.2   3.2   3.1   2.8   2.7   2.2   2.3   1.9   1.7   1.5   1.6   1.2   1.1   1.2   0.2   0.2   0.2   0.2   0.1   0.2   0.2   0.2   0.1   1.6   2.9   3.4   2.8   3.1   2.3   2.3 
B: 37.5 36.8 35.6 35.9 34.2 32.7 32.9 32.2 30.7 29.3 29.3 27.6 28.2 22.0 25.0 21.5 23.2 22.8 23.3 22.8 25.1 22.7 40.5 37.3 37.3 35.8 35.6 35.3 33.9 33.4 31.8 30.9 30.9 30.4 29.2 28.3 28.2 22.1 25.4 23.1 22.9 23.6 25.3 20.8 26.2 24.7 37.5 37.9 37.0 37.3 36.9 35.9 34.2 33.8 34.2 32.1 30.2 29.3 30.0 28.3 27.8 23.1 24.5 23.1 23.2 22.7 22.8 22.0 22.5 32.3 39.6 38.7 38.1 36.9 35.7 35.5 35.1 33.9 31.9 31.1 30.7 30.0 28.9 27.5 29.0 26.0 24.0 22.1 21.6 21.4 24.3 21.2 23.6 31.7 38.2 38.5 38.1 36.0 35.2 34.7 34.0 33.5 32.9 31.2 28.8 29.0 28.8 27.8 24.9 23.6 21.4 23.4 36.2 37.8 35.5 35.2 33.2 33.7 32.2 29.9 30.1 28.0 29.9 27.1 26.3 26.0 24.9 25.5 24.0 22.6 23.3 24.4 21.5 21.8 25.4 24.4 26.8 22.4 24.2 23.7 24.0 40.9 39.5 38.3 38.2 36.5 36.3 36.0 35.2 34.5 35.0 33.6 31.4 31.5 31.3 26.7 28.7 27.0 27.5 27.5 24.3 25.8 23.4 23.5 23.8 22.5 23.7 24.0 24.0 37.7 38.5 37.8 38.1 36.9 35.8 34.4 33.3 31.5 33.3 30.4 29.7 29.3 27.7 28.2 26.5 22.3 26.6 22.1 22.7 20.9 24.2 23.4 27.1 39.7 39.1 37.2 38.3 36.7 35.1 35.2 
Direction:  {48 132} n n n n n n n n n n n n n n n n n n n n n n n n n n n n n n n n n n n n n n n n n n n n n n n n n n n n n n n n n n n n n n n n n n n n n n n n n n n n n n n n n n n n n n n n n n n n n n n n n n n n n n n n n n n n n n n n n n n n n n n n n n n n n n n n n n n n n n n n n n n n n {52 128} n n n n n n n n n n n n n n n n n n n n n n n n n n n {47 133} n n n n n n n n n n n n n n n n n n n n n n n n n n n n n

55.2: Count:   1.5 (  1.1) A:  16.1 [14-36] B:  31.3 [14-104] Phase: 100% 74 (33.9) Direction:  {46 134}
Phase: {141,80,117,95,128,92,139,146,144,142,124,147,177,165,163,194,184,206,267,167,211,243,225,282,286,294,265,311,362,308,346,358,424,367,433,410,480,469,429,492,492,552,538,570,595,684,579,673,631,591,690,725,812,802,830,808,844,788,914,840,950,854,913,936,796,1002,945,960,917,978,925,809,997,951,913,950,975,954,951,895,915,869,898,958,872,889,908,786,854,845,993,769,860,805,845,759,677,795,712,733,624,679,609,642,596,582,497,555,564,472,523,469,442,464,453,478,351,329,382,380,377,325,311,249,292,252,245,220,218,218,234,206,221,215,152,198,162,197,159,142,93,120,112,89,79,81,74,70,73,82,65,62,64,67,47,39,47,44,32,31,28,43,31,31,24,33,33,23,21,26,13,18,26,22,16,12,16,12,16,12,15,5,9,10,8,12,5,12,6,8,14,5,2,3,10,17,3,9,8,0,11,7,10,10,2,9,8,4,14,10,12,10,8,8,9,6,6,8,5,12,14,6,10,6,13,14,15,10,14,17,10,25,5,6,17,9,5,14,17,15,28,17,15,19,20,37,21,18,28,29,53,20,26,42,41,42,53,52,30,45,34,53,58,72,56,62,61,71,70,79,92,68,99,86,150,95,99,84,130,101,109,112,131,119,124,133,151,165,151,145,148,141,145,130,120,149,110,134,135,92,145,140,136,151,112,105,153,123,98,104,83,120,96,116,73,120,100,77,80,93,94,63,83,57,111,53,59,91,85,75,72,64,70,84,51,72,77,70,77,83,80,65,77,59,58,73,84,99,70,76,67,93,119,64,85,84,88,87,91,101}
Count:   3.6   3.0   2.8   2.9   2.5   2.5   2.3   1.9   2.0   1.8   1.5   1.3   1.2   0.3   0.3   0.3   0.2   0.2   0.3   0.3   0.3   0.2   1.9   3.1   3.0   3.1   2.6   2.5   2.6   2.3   2.0   1.8   1.6   1.5   1.3   1.2   0.9   0.2   0.2   0.2   0.2   0.3   0.3   0.3   0.2   0.3   3.0   3.3   3.1   3.0   3.1   2.8   2.5   2.2   2.4   2.2   1.8   1.7   1.4   1.1   0.5   0.3   0.3   0.3   0.2   0.2   0.2   0.3   0.2   0.4   3.5   3.0   3.3   2.7   2.7   2.3   2.9   2.1   1.9   1.7   1.7   1.2   1.5   1.2   0.5   0.2   0.3   0.2   0.2   0.3   0.3   0.3   0.2   0.9   3.6   3.5   3.1   3.0   2.6   2.8   2.2   2.2   1.9   1.8   1.3   1.3   1.3   1.4   0.2   0.2   0.2   0.2   1.0   3.3   2.8   2.7   2.1   2.3   1.9   1.8   1.8   1.5   1.3   1.1   1.0   0.9   0.8   0.3   0.2   0.2   0.2   0.2   0.2   0.2   0.2   0.2   0.3   0.2   0.2   0.3   0.3   2.8   3.5   3.5   3.5   3.1   2.6   3.0   2.9   2.3   2.5   2.2   1.9   1.9   1.7   1.4   1.4   1.1   1.3   1.1   0.5   0.3   0.3   0.3   0.2   0.3   0.2   0.3   0.2   0.7   3.4   3.1   3.4   2.8   3.1   2.0   2.4   2.1   1.8   1.5   1.7   1.5   1.3   1.2   0.3   0.3   0.3   0.3   0.3   0.3   0.1   0.2   0.3   1.9   3.3   3.3   3.3   2.8   2.4   2.3 
B: 35.4 34.2 33.0 32.1 31.3 30.4 29.8 29.5 27.7 26.8 26.7 25.6 25.7 23.3 23.5 23.0 23.6 22.5 21.8 22.0 22.3 22.1 37.3 34.3 34.4 32.7 34.3 32.1 31.9 29.3 30.4 27.4 28.6 26.7 26.6 25.3 24.8 20.2 24.0 23.5 22.7 23.0 22.7 24.2 23.6 22.5 35.3 36.5 33.9 34.7 34.0 33.4 31.8 31.3 28.6 29.3 28.0 27.0 26.0 26.2 25.7 23.2 23.5 24.6 23.3 22.5 22.6 22.4 22.0 27.2 36.2 35.5 35.3 33.8 32.8 32.1 32.3 30.4 29.6 28.7 27.4 26.9 26.0 25.3 26.8 23.0 22.5 24.7 21.8 21.0 21.7 23.5 23.3 32.4 35.7 35.1 34.0 34.2 31.8 32.2 31.2 30.7 29.1 29.3 27.6 26.2 27.2 25.4 23.9 24.8 23.2 24.0 33.7 35.4 33.3 32.6 29.9 31.2 29.3 27.3 28.3 25.4 25.5 24.1 23.9 22.8 23.6 23.6 21.5 22.3 24.1 23.1 24.2 22.2 23.8 22.5 23.4 24.2 23.6 22.7 22.8 36.6 37.0 35.6 34.8 33.9 34.1 33.5 34.1 32.9 32.5 30.7 29.7 28.6 29.5 25.3 26.1 25.2 24.7 24.6 23.5 24.0 22.8 22.6 23.3 22.2 21.5 23.6 22.6 39.0 35.9 34.9 34.2 34.3 33.0 32.0 32.1 30.5 28.5 27.9 28.3 26.9 25.6 25.7 26.3 22.9 25.1 23.1 21.8 21.7 23.2 24.8 23.6 36.3 35.4 34.9 34.6 33.8 32.4 32.4 
Direction:  n n n n n n n n n n n n n n n n n n n n n n n n n n n n n n n n n n n n n n n n n n n n n n n n n n n n n n n n n n n n n n n n n n n n n n n n n n n n n n n n n n n n n n n n n n n n n n n n n n n n n n n n n n n n n n n n n n n n n n n n n n n n n n n n n n n n n n n n n n n n n n n n n n n n n n n n n n n n n n n n n n n n n n n n n n n n n n n n n n n n n n n n n n n n n n n n n n n n n n n n

55.3: Count:   1.6 (  1.2) A:  16.3 [14-37] B:  29.5 [14-102] Phase: 92% 77 (35.6) Direction:  {48 132}  16% 39 (27.7) Direction:  {22 158}
Phase: {196,107,170,110,128,135,149,164,206,176,158,166,186,229,227,196,210,259,297,271,299,317,336,331,349,426,353,394,420,371,471,488,468,552,498,581,611,657,576,631,594,683,619,708,699,777,706,821,750,797,838,833,821,804,831,816,810,846,795,882,811,802,827,836,831,862,851,913,836,902,901,722,888,920,790,839,837,767,822,903,855,852,823,863,908,824,851,818,748,717,863,695,737,729,667,688,739,640,741,695,701,685,646,681,607,659,613,645,649,559,581,548,547,541,476,565,438,524,496,403,482,443,424,347,446,347,377,305,298,306,292,270,217,240,193,227,222,189,150,192,140,136,157,149,111,115,88,87,113,85,79,62,76,70,55,72,62,54,37,45,54,42,46,42,27,56,26,24,44,20,18,18,19,19,19,17,29,17,20,9,25,10,14,11,8,16,10,17,20,18,4,12,10,14,17,15,7,12,9,9,8,7,10,11,16,13,3,8,7,8,19,10,10,6,13,12,13,7,14,6,23,8,8,8,10,15,15,8,12,8,7,17,18,11,16,8,26,31,13,14,29,31,30,18,14,36,18,31,27,26,34,34,26,51,40,52,55,56,61,48,30,51,72,72,86,81,80,66,66,76,138,85,78,86,129,78,94,111,172,111,103,156,129,157,132,177,154,156,176,122,141,183,137,143,177,191,143,177,176,150,143,151,143,135,167,114,153,162,126,158,140,137,123,146,137,170,122,96,120,106,90,131,106,117,129,107,78,96,110,84,107,91,99,78,96,95,95,73,108,116,104,83,90,100,97,95,79,118,88,112,100,123,129,120,110,79,104,98,121,111}
Count:   3.8   2.9   3.0   3.0   2.6   2.8   2.2   2.1   1.9   2.1   1.8   1.5   1.3   0.3   0.3   0.2   0.3   0.3   0.3   0.3   0.3   0.2   1.9   3.2   3.2   3.2   2.8   2.5   2.7   2.6   2.2   2.0   1.7   1.7   1.4   1.4   1.0   0.3   0.3   0.3   0.2   0.3   0.3   0.3   0.3   0.2   3.2   3.5   3.2   3.2   3.2   2.8   2.7   2.5   2.4   2.2   1.8   1.7   1.5   1.1   0.7   0.4   0.4   0.3   0.2   0.3   0.3   0.3   0.3   0.5   3.8   3.1   3.8   2.7   2.8   2.2   3.0   2.6   2.0   1.7   1.6   1.3   1.6   1.2   0.5   0.3   0.3   0.3   0.3   0.3   0.4   0.3   0.2   1.0   3.6   3.5   3.3   3.1   2.7   2.6   2.7   2.4   1.9   1.9   1.3   1.6   1.6   1.5   0.3   0.3   0.3   0.4   1.2   3.6   2.8   3.0   2.1   2.6   2.1   2.0   1.8   1.6   1.5   1.2   1.2   1.1   1.0   0.4   0.3   0.3   0.2   0.3   0.3   0.4   0.3   0.3   0.3   0.3   0.4   0.4   0.3   2.9   3.4   3.5   3.3   3.3   3.1   3.0   2.7   2.6   2.6   2.4   2.3   2.1   2.0   1.7   1.6   1.3   1.4   1.2   0.5   0.3   0.3   0.3   0.4   0.4   0.3   0.2   0.4   1.1   3.5   3.2   3.5   2.8   3.3   2.3   2.5   2.2   2.1   2.1   1.9   1.5   1.5   1.3   0.5   0.4   0.3   0.3   0.3   0.3   0.3   0.3   0.3   2.2   3.5   3.4   3.4   3.1   2.5   2.4 
B: 33.3 32.2 31.2 32.1 29.5 29.5 29.1 26.9 26.5 24.9 25.8 23.1 22.7 24.1 20.7 21.5 22.5 22.2 20.2 20.3 21.3 21.7 34.2 33.6 32.9 31.7 31.7 30.0 29.8 27.5 28.2 26.7 26.3 25.8 24.9 24.5 23.9 21.7 21.7 23.8 23.8 20.6 20.5 23.3 21.2 23.3 34.5 34.0 32.6 33.1 32.8 31.9 30.8 29.0 27.6 27.3 27.0 25.7 25.1 23.6 22.7 22.4 20.2 21.9 23.6 21.6 22.9 23.1 21.5 24.9 34.4 33.9 33.6 32.0 30.7 29.6 30.5 28.5 28.1 26.5 25.0 24.7 23.8 23.8 25.5 22.6 20.9 22.3 21.4 21.0 22.5 22.5 21.8 34.0 33.4 32.8 32.3 32.6 30.4 30.3 28.9 29.7 27.4 25.4 25.5 24.8 24.6 23.5 23.6 22.2 24.5 21.4 35.0 34.1 31.9 30.8 28.4 29.6 27.6 25.5 26.1 24.3 23.7 22.6 22.8 23.3 22.7 21.0 21.3 22.4 22.8 23.1 21.9 21.3 23.4 23.8 22.0 24.7 21.6 22.9 20.8 36.1 35.0 33.5 33.4 33.1 31.9 32.6 30.8 30.7 30.9 29.2 27.6 27.6 26.7 23.5 24.4 24.8 23.4 22.2 22.8 21.9 21.3 21.6 21.3 22.3 23.2 22.3 20.7 35.6 33.5 33.6 32.6 32.0 30.5 29.2 29.9 28.9 26.7 27.3 26.5 24.5 23.8 22.7 23.4 23.2 21.0 22.1 21.6 20.5 21.9 23.8 20.2 36.2 34.0 32.8 32.5 31.4 31.3 30.4 
Direction:  n n n n n n n n n n n n n n n n n n n n n n n n n n n n n n n n n n n n n n n n n n n n n n n n n n n n n n n n n n n n n n n n n n n n n n n n n n n n n n n n n n n n n n n n n n n n n n n n n n n n n n n n n n n n n n n n n n n n n n n n n n n n n n n n n n n n n n n n n n n n n n n n n n n n n n n n n n n n n n n n n n n n n n n n n n n n n n n n n n n n n n n n n n n n n n n n n n n n n n n n

55.4: Count:   1.5 (  1.0) A:  16.2 [14-37] B:  28.9 [14-92] Phase: 99% 73 (32.9) Direction:  {45 135}  18% 305 (27.9) Direction:  {328 212}
Phase: {193,101,117,128,148,125,180,149,169,165,163,185,191,190,210,220,234,258,208,231,264,284,291,306,254,325,257,365,366,294,406,422,372,454,477,461,534,479,479,532,549,555,530,603,539,698,674,697,659,686,673,731,752,807,728,713,794,782,851,794,825,716,814,843,750,815,858,875,869,901,833,792,787,844,812,793,802,855,771,799,802,859,840,873,824,724,833,747,756,717,918,698,619,759,776,719,653,740,641,626,616,622,607,634,573,564,525,574,562,431,496,437,425,462,413,420,340,369,373,320,350,303,312,325,270,259,266,230,217,247,189,201,185,162,177,205,154,146,146,118,135,123,94,101,119,92,93,78,77,68,69,72,84,62,39,59,51,44,55,52,61,35,25,44,27,28,36,24,32,31,22,10,21,19,15,15,19,16,16,18,23,15,12,5,15,9,9,6,3,18,8,11,3,8,15,9,9,15,7,9,16,21,10,9,11,6,8,13,3,7,11,21,7,1,11,14,13,8,10,10,10,12,13,13,15,12,8,18,15,8,14,27,17,18,20,12,14,22,26,25,15,22,22,25,21,23,25,22,44,23,45,29,36,41,42,42,33,42,53,63,62,52,62,49,57,68,103,81,63,52,107,79,66,101,135,97,128,107,130,113,107,108,93,121,129,126,109,144,123,123,172,150,129,141,168,148,116,145,169,123,208,143,142,152,148,161,146,143,151,151,135,144,153,154,121,150,129,137,140,118,128,146,110,120,92,129,102,106,104,109,108,92,114,89,105,142,114,112,75,97,100,102,121,139,107,114,106,96,94,116,79,123,129,103,116,129,127,107,106,129}
Count:   2.9   2.6   2.7   2.5   2.4   2.1   2.1   1.9   1.8   1.6   1.6   1.5   1.2   0.3   0.3   0.3   0.3   0.4   0.3   0.4   0.3   0.3   2.0   3.0   3.0   2.8   2.4   2.4   2.5   2.3   1.7   1.8   1.5   1.7   1.3   1.3   1.0   0.4   0.3   0.3   0.4   0.3   0.4   0.4   0.3   0.3   2.8   3.1   2.5   3.1   2.8   2.6   2.5   2.2   2.2   1.9   1.6   1.7   1.6   1.0   0.7   0.4   0.4   0.4   0.3   0.4   0.4   0.3   0.4   0.4   3.5   2.8   3.2   2.7   2.6   2.0   2.7   2.2   1.9   1.6   1.6   1.2   1.4   1.2   0.4   0.2   0.4   0.4   0.3   0.3   0.4   0.4   0.3   0.9   3.3   3.2   2.8   2.8   2.5   2.5   2.4   2.0   1.8   1.7   1.3   1.3   1.5   1.4   0.3   0.4   0.3   0.4   1.2   3.0   2.5   2.4   2.2   2.2   2.0   1.8   1.6   1.3   1.2   1.1   1.1   1.1   0.9   0.3   0.3   0.3   0.3   0.4   0.3   0.4   0.4   0.4   0.4   0.5   0.4   0.3   0.3   2.8   3.0   3.5   2.9   3.0   2.7   2.6   2.6   2.5   2.3   2.3   2.0   1.9   1.7   1.5   1.4   1.3   1.3   1.2   0.6   0.3   0.3   0.4   0.4   0.4   0.3   0.3   0.2   1.0   3.4   3.3   2.9   2.6   2.8   2.2   2.2   1.9   1.9   2.0   1.7   1.4   1.2   1.0   0.5   0.4   0.5   0.4   0.3   0.3   0.3   0.4   0.4   1.8   3.1   3.1   3.3   2.6   2.5   2.3 
B: 32.9 32.0 31.2 31.4 28.0 28.2 27.7 26.6 25.9 25.2 24.6 23.2 22.6 22.9 19.8 19.7 21.4 20.8 20.7 21.3 19.9 20.6 35.6 32.5 31.7 31.9 31.9 29.5 29.6 27.9 26.9 25.2 26.5 26.6 24.4 24.5 23.8 21.4 20.6 21.0 20.7 20.1 21.7 21.5 20.5 22.8 33.9 32.9 32.2 32.4 31.9 30.4 30.0 29.1 27.4 26.5 26.7 25.4 24.9 24.6 24.1 21.8 21.9 20.1 21.2 20.3 21.3 22.0 20.9 25.5 34.1 33.4 32.7 32.1 31.2 28.6 29.8 27.7 27.7 25.6 25.7 24.7 24.3 23.7 25.9 20.2 20.7 21.5 22.1 22.2 20.2 22.0 19.7 29.5 33.7 32.7 31.9 32.7 30.5 30.1 29.2 28.2 25.8 26.4 25.4 24.8 23.5 24.0 20.6 20.9 22.1 20.6 37.0 33.9 31.6 30.5 27.8 28.3 26.8 25.9 26.2 24.1 23.8 23.7 22.5 21.8 22.8 20.7 21.1 21.3 23.0 20.7 20.9 21.1 20.9 20.9 22.3 21.6 21.5 21.8 20.2 33.8 34.9 32.7 31.5 32.0 31.1 29.9 31.0 29.9 29.2 28.1 27.2 27.7 25.7 24.3 25.1 23.6 23.6 22.6 21.6 22.4 22.5 21.2 21.0 20.7 21.4 19.6 21.0 33.8 32.9 33.7 32.2 31.3 30.4 29.5 29.6 28.5 26.2 25.8 25.3 23.7 23.1 23.1 22.8 21.8 20.1 21.4 20.4 20.5 20.8 21.7 20.9 34.8 33.7 33.5 32.9 30.4 30.4 29.1 
Direction:  n n n n n n n n n n n n n n n n n n n n n n n n n n n n n n n n n n n n n n n n n n n n n n n n n n n n n n n n n n n n n n n n n n n n n n n n n n n n n n n n n n n n n n n n n n n n n n n n n n n n n n n n n n n n n n n n n n n n n n n n n n n n n n n n n n n n n n n n n n n n n n n n n n n n n n n n n n n n n n n n n n n n n n n n n n n n n n n n n n n n n n n n n n n n n n n n n n n n n n n n

55.5: Count:   0.9 (  0.7) A:  15.9 [14-32] B:  29.7 [14-91] Phase: 100% 74 (27.5) Direction:  {46 134}
Phase: {86,69,58,87,93,72,65,55,77,91,66,76,65,92,88,109,74,147,119,120,151,145,144,135,122,183,132,178,176,207,216,210,213,217,241,267,275,296,274,318,323,371,262,391,386,406,360,472,442,442,500,518,520,539,612,563,621,544,606,581,628,640,624,694,631,667,753,645,789,770,729,669,782,770,761,732,707,692,656,700,550,742,730,645,686,641,711,643,634,594,774,547,570,527,587,548,499,447,514,458,400,412,454,379,364,384,323,345,360,286,296,324,267,233,213,242,237,249,203,143,212,164,148,140,112,126,115,122,92,117,103,81,71,78,91,73,49,62,62,50,41,46,46,42,19,29,36,31,46,12,25,14,18,23,14,18,18,28,17,10,12,5,14,20,20,3,9,15,11,7,3,8,6,1,3,3,11,11,2,1,6,2,5,3,3,1,6,5,4,2,0,5,1,1,0,2,3,3,0,3,2,2,3,1,4,6,2,0,8,0,0,5,2,0,4,8,1,0,5,2,4,8,0,1,7,2,1,0,0,0,8,6,0,3,4,5,1,4,3,2,0,2,5,5,1,3,7,2,9,7,11,5,7,10,4,7,6,4,6,7,6,11,9,15,9,6,15,4,11,5,15,17,4,11,10,5,11,5,12,19,14,19,26,14,20,17,19,21,18,18,29,22,8,25,15,29,9,30,27,28,33,15,31,39,33,34,24,38,25,39,36,28,26,18,26,37,19,43,42,33,32,49,28,39,35,49,25,50,33,42,33,44,56,45,37,31,30,37,23,50,26,36,69,43,51,40,32,53,58,44,74,49,47,47,41,63,55,64,58,34}
Count:   2.1   1.9   2.1   1.7   1.6   1.5   1.4   1.2   1.0   1.0   1.1   0.7   0.8   0.2   0.1   0.1   0.1   0.2   0.1   0.1   0.2   0.2   1.4   2.2   2.0   2.0   1.7   1.6   1.4   1.7   1.1   1.0   0.9   0.9   0.8   0.8   0.5   0.1   0.1   0.1   0.1   0.1   0.1   0.1   0.1   0.1   2.1   2.5   1.8   1.9   1.9   1.7   1.6   1.6   1.3   1.3   1.0   1.1   0.8   0.6   0.3   0.1   0.2   0.1   0.1   0.1   0.1   0.1   0.1   0.1   2.6   1.8   2.0   2.0   1.8   1.2   1.8   1.3   1.3   0.9   1.0   0.8   0.8   0.6   0.2   0.1   0.1   0.2   0.1   0.1   0.1   0.1   0.1   0.5   2.1   2.1   2.0   2.0   1.7   1.6   1.3   1.1   1.1   0.9   0.8   0.9   0.8   0.9   0.1   0.1   0.1   0.1   0.8   2.0   1.7   1.8   1.3   1.3   1.2   1.0   1.0   0.8   0.8   0.7   0.5   0.5   0.5   0.1   0.1   0.1   0.1   0.1   0.1   0.2   0.2   0.2   0.1   0.1   0.1   0.1   0.1   1.7   2.1   2.4   2.0   2.1   1.8   1.6   1.6   1.5   1.5   1.3   1.1   1.3   0.9   1.0   0.9   0.7   0.6   0.6   0.3   0.1   0.1   0.2   0.1   0.1   0.1   0.1   0.1   0.7   2.2   2.3   2.0   1.7   1.8   1.3   1.4   1.4   1.4   1.0   1.0   0.8   0.7   0.7   0.1   0.2   0.1   0.2   0.1   0.1   0.1   0.1   0.1   1.2   2.2   2.1   2.2   1.7   1.5   1.5 
B: 32.2 31.3 30.8 31.3 28.9 28.7 27.9 28.2 26.3 26.7 25.5 24.5 24.1 20.9 22.0 21.4 20.2 21.3 22.0 20.8 19.8 19.2 34.3 32.1 31.5 32.3 31.5 29.9 30.6 29.4 27.1 26.4 26.1 26.0 24.2 24.9 23.1 24.3 23.9 21.8 22.1 23.1 22.5 22.9 22.9 23.8 34.0 34.1 33.5 31.1 33.3 30.7 29.3 29.2 27.1 26.4 26.4 27.0 24.7 23.1 23.4 22.1 19.7 20.5 21.9 23.3 20.0 23.2 21.8 23.1 34.0 33.7 33.7 34.0 30.8 28.9 29.9 28.7 28.3 26.6 26.6 25.4 24.4 23.6 30.6 21.4 23.9 24.2 20.6 24.0 21.4 23.9 20.4 33.5 33.8 33.5 33.1 32.3 30.4 30.3 29.5 29.1 27.4 28.2 25.6 26.0 23.5 24.2 20.0 21.1 20.9 21.6 38.7 33.8 31.4 29.7 28.6 27.6 27.7 25.9 25.9 24.1 23.5 22.9 22.3 22.4 23.4 26.9 21.6 25.2 27.6 21.8 19.8 25.0 23.5 20.1 23.1 24.2 23.1 27.0 23.6 33.5 35.2 33.4 33.1 33.8 31.8 29.4 29.8 29.8 29.8 28.8 26.9 26.2 25.6 26.6 24.3 23.8 23.6 23.3 26.1 19.2 24.8 19.9 19.5 21.6 21.8 21.2 22.0 40.3 31.9 33.4 30.9 31.5 30.4 30.8 29.6 28.2 27.6 27.4 27.5 24.1 23.6 23.9 23.3 21.7 19.3 22.8 20.5 21.8 19.5 21.8 25.6 36.5 33.8 32.9 32.6 29.5 31.6 28.4 
Direction:  n n n n n n n n n n n n n n n n n n n n n n n n n n n n n n n n n n n n n n n n n n n n n n n n n n n n n n n n n n n n n n n n n n n n n n n n n n n n n n n n n n n n n n n n n n n n n n n n n n n n n n n n n n n n n n n n n n n n n n n n n n n n n n n n n n n n n n n n n n n n n n n n n n n n n n n n n n n n n n n n n n n n n n n n n n n n n n n n n n n n n n n n n n n n n n n n n n n n n n n n

55.6: Count:   0.5 (  0.5) A:  15.4 [14-30] B:  28.8 [14-90] Phase: 100% 73 (26.4) Direction:  {45 135}
Phase: {36,26,25,11,40,28,30,27,36,45,44,41,32,38,32,45,43,67,61,45,64,64,74,68,85,82,74,103,85,83,100,94,93,108,131,119,174,185,154,193,149,249,143,212,247,279,220,247,276,283,311,305,296,339,367,356,394,392,436,396,433,361,464,423,382,469,439,470,434,475,441,438,440,474,433,440,410,450,394,426,415,393,425,385,432,447,414,385,389,382,450,309,350,377,358,303,310,276,334,280,204,304,229,227,190,235,185,189,184,171,168,159,154,124,123,130,87,110,126,83,89,71,98,72,72,64,62,62,32,52,37,31,31,55,13,18,18,26,30,15,22,24,13,24,24,4,12,6,21,4,6,9,11,6,8,7,3,12,8,6,8,0,2,7,1,3,2,1,0,1,1,0,1,1,4,0,0,2,0,1,2,0,0,0,0,0,0,0,0,0,1,2,2,0,0,2,0,4,0,2,0,0,2,2,0,0,2,0,4,0,1,0,0,0,0,0,2,0,1,1,0,0,0,0,2,0,0,2,0,0,0,0,0,1,0,1,0,0,0,0,1,2,0,1,0,0,0,0,1,0,0,0,0,0,0,0,0,2,0,0,0,0,0,3,0,0,2,1,3,0,0,0,0,1,5,1,1,0,3,1,4,3,1,2,0,5,0,5,2,5,7,0,6,5,8,4,1,1,3,4,4,1,11,5,1,4,7,4,13,10,7,1,8,5,4,3,6,9,11,10,12,15,11,14,11,11,13,9,17,8,4,12,11,6,14,16,27,33,12,20,14,14,23,13,10,14,18,21,23,13,18,17,16,30,28,24,27,33,10,18}
Count:   1.6   1.1   1.3   1.2   0.9   0.9   0.9   0.5   0.5   0.5   0.6   0.4   0.4   0.1   0.0   0.0   0.0   0.0   0.0   0.1   0.0   0.0   0.8   1.3   1.1   1.5   0.9   0.9   0.8   1.0   0.6   0.5   0.6   0.5   0.3   0.3   0.3   0.0   0.0   0.0   0.0   0.0   0.0   0.1   0.0   0.1   1.5   1.6   1.3   1.2   1.1   1.1   0.9   0.8   0.8   0.6   0.6   0.6   0.3   0.4   0.1   0.0   0.0   0.0   0.0   0.0   0.0   0.0   0.1   0.0   1.5   1.2   1.2   1.3   0.9   0.8   1.0   0.8   0.7   0.5   0.6   0.4   0.4   0.2   0.1   0.0   0.0   0.0   0.0   0.0   0.0   0.1   0.1   0.5   1.3   1.0   1.3   1.0   1.0   0.8   0.7   0.6   0.6   0.5   0.4   0.3   0.4   0.2   0.0   0.1   0.0   0.0   0.5   1.2   1.2   1.0   0.7   0.7   0.7   0.6   0.3   0.4   0.4   0.3   0.2   0.3   0.2   0.1   0.1   0.0   0.0   0.0   0.0   0.0   0.1   0.0   0.1   0.0   0.0   0.1   0.0   1.3   1.4   1.3   1.4   1.3   1.2   0.9   1.2   0.9   0.9   0.7   0.7   0.7   0.5   0.5   0.4   0.4   0.3   0.3   0.1   0.0   0.1   0.1   0.0   0.0   0.0   0.1   0.1   0.5   1.2   1.4   1.3   1.0   1.0   1.0   0.7   0.7   0.6   0.5   0.5   0.3   0.4   0.3   0.1   0.0   0.0   0.0   0.0   0.1   0.1   0.1   0.0   0.7   1.4   1.1   1.3   0.9   0.9   0.8 
B: 30.1 28.6 29.9 29.2 27.0 26.5 27.7 25.9 25.0 24.6 24.0 24.5 24.7 27.5 22.6 20.3 18.4 18.8 23.2 18.3 27.1 17.0 32.0 30.9 30.7 29.3 30.7 29.4 28.1 27.8 24.9 25.7 23.5 24.7 23.6 23.4 22.3 20.4 22.3 22.8 16.2 21.8 16.4 24.6 22.2 24.2 33.3 32.4 31.6 30.3 30.2 30.0 27.4 27.1 26.6 27.2 25.2 25.6 23.9 23.9 25.0 18.8 20.4 19.9 22.3 22.1 19.1 21.7 23.8 24.9 31.6 30.7 32.5 32.3 30.8 27.6 28.4 28.2 26.0 23.5 24.8 23.0 24.1 23.0 23.8 23.8 18.1 27.2 24.2 19.8 23.0 21.6 27.8 35.3 31.2 29.9 32.6 30.5 29.6 29.5 26.4 28.1 27.3 25.8 23.4 24.2 22.5 22.0 24.5 21.6 24.0 18.4 37.6 31.5 30.3 28.8 27.4 27.7 26.3 24.8 24.1 22.1 21.2 22.7 22.3 22.1 22.0 26.9 19.8 23.7 27.6 17.5 23.0 25.2 26.1 20.7 20.6 24.9 26.8 21.7 26.2 32.7 31.2 31.2 32.1 31.2 29.4 29.0 29.1 28.6 28.6 26.6 25.3 26.4 26.2 24.3 24.2 23.8 23.1 21.8 33.6 19.8 21.6 20.1 21.6 19.5 20.9 20.7 23.6 48.7 33.0 31.5 30.2 29.2 29.2 28.8 27.1 27.0 25.9 25.2 25.4 23.4 24.2 21.0 33.6 24.6 19.9 29.8 22.7 21.6 21.6 22.6 27.5 35.2 32.4 31.4 31.6 28.9 28.2 27.9 
Direction:  n n n n n n n n n n n n n n n n n n n n n n n n n n n n n n n n n n n n n n n n n n n n n n n n n n n n n n n n n n n n n n n n n n n n n n n n n n n n n n n n n n n n n n n n n n n n n n n n n n n n n n n n n n n n n n n n n n n n n n n n n n n n n n n n n n n n n n n n n n n n n n n n n n n n n n n n n n n n n n n n n n n n n n n n n n n n n n n n n n n n n n n n n n n n n n n n n n n n n n n n

55.7: Count:   0.4 (  0.3) A:  15.4 [14-37] B:  25.4 [14-81] Phase: 100% 71 (32.1) Direction:  {43 137}
Phase: {68,25,23,37,47,52,47,37,47,55,42,62,79,62,46,64,78,78,74,71,74,91,64,85,94,100,108,99,133,99,129,103,126,152,146,150,151,131,165,173,198,167,164,195,189,236,166,191,177,188,210,190,240,203,245,199,242,201,243,272,275,237,230,326,242,289,236,270,262,233,270,244,287,280,250,281,283,283,312,264,279,259,305,254,283,229,270,212,220,207,336,239,231,226,204,192,201,156,175,196,165,171,142,152,159,146,129,157,155,126,123,115,94,110,120,125,72,112,122,97,98,82,89,83,86,59,73,60,65,65,61,57,62,50,56,51,34,39,33,44,15,32,41,30,39,22,30,25,30,14,28,12,20,23,13,17,6,14,23,7,9,7,7,8,12,7,13,6,8,8,1,4,8,4,3,4,1,3,5,4,3,0,0,4,3,0,4,0,4,0,0,4,0,0,1,2,2,1,3,1,1,0,0,2,5,0,0,0,0,4,3,0,0,0,3,1,2,0,1,0,0,0,0,0,2,0,1,0,0,1,1,1,2,3,1,1,0,7,3,0,5,1,5,1,0,2,0,1,0,1,0,3,3,7,1,0,0,2,3,0,0,2,1,1,3,2,2,1,2,2,3,7,1,5,8,1,4,5,9,11,3,9,0,14,2,9,16,5,5,1,5,8,7,5,12,6,7,10,21,9,18,8,12,7,4,16,21,19,21,19,25,20,11,15,16,20,15,14,10,18,11,15,14,12,12,15,18,17,11,16,13,12,10,15,22,22,31,17,21,24,19,12,20,29,30,34,14,15,23,25,20,25,28,23,32,34,36,35,51,27}
Count:   1.1   0.8   0.9   0.8   0.8   0.6   0.6   0.5   0.5   0.4   0.4   0.4   0.4   0.1   0.0   0.1   0.0   0.0   0.1   0.0   0.0   0.1   0.4   0.9   0.9   0.9   0.8   0.6   0.8   0.7   0.6   0.5   0.5   0.4   0.2   0.4   0.2   0.0   0.0   0.0   0.0   0.0   0.0   0.0   0.0   0.0   1.0   1.3   1.0   0.7   0.8   0.8   0.7   0.7   0.6   0.4   0.4   0.5   0.4   0.3   0.1   0.0   0.0   0.0   0.0   0.0   0.0   0.0   0.1   0.1   1.2   0.8   0.8   1.0   0.9   0.6   0.5   0.6   0.6   0.4   0.4   0.4   0.2   0.2   0.1   0.1   0.0   0.1   0.0   0.0   0.0   0.0   0.0   0.6   0.9   0.9   1.0   0.8   0.7   0.6   0.5   0.6   0.4   0.5   0.4   0.4   0.3   0.2   0.0   0.0   0.0   0.0   0.5   0.7   0.8   0.8   0.7   0.6   0.6   0.6   0.3   0.3   0.2   0.4   0.2   0.2   0.3   0.0   0.0   0.0   0.0   0.0   0.0   0.0   0.1   0.0   0.0   0.0   0.0   0.1   0.1   1.1   0.9   1.0   0.8   1.0   0.8   0.8   0.9   0.7   0.7   0.6   0.5   0.5   0.4   0.4   0.3   0.3   0.3   0.2   0.1   0.1   0.0   0.0   0.0   0.0   0.0   0.0   0.0   0.4   1.0   1.0   1.0   0.7   0.8   0.8   0.6   0.5   0.6   0.5   0.4   0.3   0.3   0.3   0.1   0.1   0.0   0.1   0.0   0.1   0.1   0.1   0.1   0.4   1.1   1.0   0.8   0.6   0.7   0.5 
B: 25.6 26.3 27.2 26.1 23.8 23.3 23.5 22.7 22.9 23.3 21.7 22.8 21.3 25.0 19.3 20.7 22.7 23.4 21.1 22.2 18.2 18.1 27.2 28.5 28.2 25.6 25.2 24.1 25.4 23.0 22.4 22.2 20.4 21.8 21.8 22.2 21.0 21.0 24.0 16.8 20.2 17.7 18.0 25.8 * 22.0 30.1 29.4 28.1 26.6 27.0 27.1 24.8 25.0 24.7 23.7 22.1 22.5 20.8 19.9 20.7 19.5 21.3 18.8 24.6 25.0 17.5 21.9 21.8 35.5 28.6 27.0 27.6 26.9 26.0 24.3 24.8 23.5 24.3 22.4 22.3 21.5 22.5 19.6 23.6 22.0 24.2 26.9 20.5 20.1 22.0 24.5 21.2 34.5 26.9 27.4 28.0 27.3 26.2 25.3 25.2 24.1 24.0 22.4 22.2 22.9 19.8 19.9 17.3 27.2 16.6 19.4 33.1 26.6 26.2 24.9 25.6 24.4 25.0 22.3 23.0 21.2 20.7 22.1 20.7 19.0 22.5 21.3 18.9 25.4 22.3 20.0 19.4 20.2 20.5 17.6 19.5 27.1 21.5 22.4 19.5 29.8 28.3 27.4 25.3 26.9 26.0 25.6 25.1 24.2 25.5 24.7 21.9 22.8 21.4 21.0 22.5 21.1 20.5 22.4 24.6 21.9 16.3 22.7 21.0 19.4 21.5 21.6 21.8 44.0 27.9 26.2 27.4 26.1 25.9 25.4 23.0 24.0 23.2 22.9 22.6 22.8 23.4 21.0 29.4 26.1 19.1 26.1 18.7 20.4 19.4 18.4 21.0 30.1 28.9 26.0 27.4 26.5 25.9 26.5 
Direction:  n n n n n n n n n n n n n n n n n n n n n n n n n n n n n n n n n n n n n n n n n n n n*  n n n n n n n n n n n n n n n n n n n n n n n n n n n n n n n n n n n n n n n n n n n n n n n n n n n n n n n n n n n n n n n n n n n n n n n n n n n n n n n n n n n n n n n n n n n n n n n n n n n n n n n n n n n n n n n n n n n n n n n n n n n n n n n n n n n n n n n n n n n n n n n n n n n n n n n n n n n

55.8: Count:   0.8 (  0.4) A:  15.4 [14-30] B:  22.8 [14-78] Phase: 16% 88 (59.5) Direction:  {58 122}  81% 64 (39.4) Direction:  {38 142}  16% 285 (38.1) Direction:  {314 226}  16% 288 (36.4) Direction:  {316 224}  16% 281 (33.9) Direction:  {310 230}  21% 270 (32.5) Direction:  {299 241}
Phase: {174,137,122,138,147,141,93,134,128,133,138,152,144,142,157,163,136,176,173,157,167,169,167,163,157,190,169,181,196,180,226,151,175,215,228,200,189,227,187,283,244,262,223,215,240,315,232,277,226,246,270,341,245,295,266,307,274,305,308,259,272,258,302,265,292,327,295,290,247,320,311,268,320,317,292,269,250,293,293,277,275,236,283,272,247,209,260,274,218,221,374,203,234,235,265,193,215,225,210,221,185,230,154,207,216,180,168,179,208,162,179,173,153,132,157,134,124,163,132,90,105,115,111,109,114,129,124,124,111,149,107,78,96,79,89,98,95,75,72,82,69,61,76,74,65,66,72,64,60,66,74,35,62,61,48,60,51,45,41,60,50,24,40,45,38,39,33,40,28,31,41,31,38,38,32,26,37,20,33,30,34,18,25,34,33,17,19,12,17,15,7,17,12,5,9,4,10,15,8,5,20,9,6,6,6,2,1,3,7,17,10,5,7,9,7,8,3,9,3,13,3,7,9,11,3,12,7,11,12,9,16,5,17,14,17,12,20,23,30,23,27,24,39,53,48,54,47,65,65,69,81,67,94,136,111,146,123,156,157,187,112,219,214,156,199,215,326,209,195,198,475,208,220,252,295,209,221,170,273,235,142,170,225,226,175,189,212,216,152,115,164,147,119,103,128,132,104,131,133,92,119,90,104,86,82,80,82,105,78,89,92,64,66,89,68,87,56,70,75,86,55,91,67,67,69,47,68,56,64,68,75,81,71,73,72,81,54,68,70,50,68,78,86,68,85,76,88,79,92,113,97,96,120,104,95,112,112,90,116,98}
Count:   1.2   1.2   1.4   1.3   1.3   1.1   0.9   1.0   1.1   0.8   0.9   0.8   0.7   0.3   0.3   0.3   0.2   0.3   0.2   0.3   0.3   0.2   0.9   1.4   1.5   1.3   1.2   1.2   1.2   1.1   1.0   1.0   0.8   0.8   0.7   0.6   0.6   0.3   0.3   0.3   0.2   0.3   0.2   0.2   0.2   0.2   1.2   1.4   1.5   1.4   1.2   1.2   1.3   1.1   0.9   1.1   0.6   0.9   0.9   0.8   0.5   0.2   0.2   0.2   0.2   0.2   0.3   0.2   0.3   0.4   1.4   1.0   1.1   1.3   1.4   1.1   1.1   0.9   1.1   0.9   0.9   0.9   0.7   0.8   0.3   0.2   0.3   0.3   0.3   0.3   0.3   0.2   0.3   0.9   1.3   1.1   1.3   1.2   1.2   1.2   0.9   1.1   1.0   0.8   1.0   0.8   0.7   0.8   0.2   0.4   0.3   0.2   0.5   1.3   1.3   1.2   1.2   1.0   1.1   1.1   1.0   0.8   0.6   0.7   0.7   0.9   0.7   0.3   0.3   0.3   0.2   0.2   0.2   0.1   0.2   0.3   0.2   0.2   0.2   0.2   0.2   1.1   1.2   1.5   1.5   1.3   1.1   1.3   1.2   1.5   1.1   1.2   1.0   1.0   0.9   0.8   0.8   0.9   0.7   0.7   0.4   0.3   0.2   0.3   0.3   0.4   0.3   0.3   0.3   0.6   1.5   1.4   1.4   1.1   1.5   1.3   1.1   1.0   1.0   0.9   1.0   0.8   0.7   0.9   0.3   0.3   0.3   0.2   0.2   0.3   0.3   0.2   0.2   0.8   1.4   1.4   1.2   1.3   1.2   1.0 
B: 24.4 24.1 23.9 24.0 23.1 22.3 21.7 22.7 22.1 20.2 21.4 20.3 21.7 18.4 18.7 19.8 18.5 18.8 18.9 19.5 18.7 19.6 23.4 24.6 24.7 24.0 23.7 23.2 22.8 23.1 21.9 22.3 21.7 21.3 22.2 21.0 21.6 19.4 20.8 18.8 18.5 18.9 18.4 23.0 19.1 18.9 26.2 25.1 25.1 23.8 24.5 23.8 23.2 22.2 23.6 21.9 22.8 22.0 19.9 21.6 20.7 19.7 17.9 19.1 18.3 18.5 18.4 19.6 18.9 23.6 25.1 24.0 24.7 24.7 23.8 23.0 22.3 22.7 22.4 22.4 21.6 21.0 21.2 20.4 20.9 20.2 18.4 19.4 19.1 18.8 18.2 19.1 19.5 27.0 25.4 24.5 25.0 25.5 24.8 22.9 22.1 22.6 22.0 22.2 22.5 21.7 21.2 22.1 18.1 18.0 18.5 20.0 24.1 25.2 25.1 22.9 23.6 21.5 22.7 21.9 21.4 21.2 20.0 20.8 19.5 20.8 21.2 18.8 17.9 19.0 20.3 20.4 18.2 21.0 19.8 18.8 19.0 19.7 19.4 17.9 19.1 26.8 25.1 23.9 24.4 24.3 24.4 23.4 23.8 25.0 23.4 22.0 21.7 22.1 20.7 21.5 21.2 20.7 20.4 19.2 23.9 18.8 19.7 20.3 19.1 19.6 19.7 17.1 19.1 30.4 24.8 24.0 25.0 23.8 23.1 24.8 23.4 22.0 22.8 21.6 20.7 21.2 19.7 20.4 20.3 18.7 19.6 18.4 18.4 19.8 18.9 19.3 19.4 23.6 26.1 24.0 25.0 24.5 24.8 22.4 
Direction:  n n n n n n n n n n n n n n n n n n n n n n n n n n n n n n n n n n n n n n n n n n n n n n n n n n n n n n n n n n n n n n n n n n n n n n n n n n n n n n n n n n n n n n n n n n n n n n n n n n n n n n n n n n n n n n n n n n n n n n n n n n n n n n n n n n n n n n n n n n n n n n n n n n n n n n n n n n n n n n n n n n n n n n n n n n n n n n n n n n n n n n n n n n n n n n n n n n n n n n n n

55.9: Count:   1.9 (  0.6) A:  15.3 [14-33] B:  20.9 [14-75] Phase: 100% 276 (18.8) Direction:  {306 234}
Phase: {365,263,291,254,305,302,296,303,319,259,290,318,276,283,331,282,300,320,349,278,264,309,261,311,295,292,223,298,289,283,267,264,307,235,289,251,276,297,289,264,279,294,279,317,296,297,242,309,291,296,281,299,307,262,282,260,320,301,318,285,339,277,299,304,265,391,329,302,263,332,250,253,317,321,295,251,253,289,261,259,234,342,242,252,263,246,266,261,235,202,292,153,238,215,276,191,225,185,224,176,192,177,178,181,160,169,184,175,189,174,181,124,160,167,132,181,127,201,140,177,203,151,140,137,157,155,172,165,137,168,132,160,172,179,127,135,150,178,128,135,128,176,175,187,163,148,181,122,162,146,147,135,136,133,84,122,136,128,133,139,117,91,98,121,120,101,111,90,92,89,89,92,93,79,92,59,82,79,86,63,94,51,45,53,54,71,34,48,55,43,45,54,37,41,27,41,30,56,26,39,34,46,22,26,29,34,19,28,43,23,27,42,29,23,27,35,33,36,24,52,51,28,55,54,45,61,43,49,75,50,91,93,90,108,154,126,133,131,183,190,245,222,294,276,298,396,385,374,341,484,596,434,577,763,667,675,685,713,812,876,812,845,1081,1012,931,997,1467,1128,972,948,2128,999,1111,1206,1683,1217,1140,1220,1724,1221,1022,1455,1330,1140,1086,1160,1070,1302,949,787,1060,942,770,742,701,737,593,623,631,491,550,405,466,415,394,337,344,352,286,305,280,237,315,259,200,276,221,246,222,244,245,236,218,255,204,244,221,246,229,222,213,220,262,203,201,197,266,233,194,210,213,225,234,301,243,264,249,239,257,236,225,282,236,305,271,274,265,240,265,249}
Count:   2.6   2.4   2.4   2.5   2.8   2.4   2.3   2.3   2.5   2.0   2.1   2.1   2.0   1.2   1.4   1.5   1.2   1.2   1.1   1.2   1.2   1.3   2.1   2.6   2.8   2.5   2.7   2.5   2.4   2.2   2.2   2.1   2.1   2.2   1.9   2.0   1.9   1.2   1.4   1.3   1.2   1.1   1.1   1.1   1.3   1.4   2.4   2.7   2.9   2.4   2.2   2.3   2.3   2.4   2.1   2.1   2.2   2.3   2.0   1.9   1.4   1.1   1.0   1.3   1.3   1.1   1.1   1.0   1.3   1.2   2.5   2.5   2.2   2.4   2.7   2.5   2.2   2.2   2.1   2.0   2.1   2.2   1.9   2.2   1.3   1.2   1.2   1.4   1.2   1.3   1.1   1.2   1.3   1.9   2.5   2.3   2.3   2.3   2.5   2.2   2.3   2.3   2.4   2.2   2.3   1.9   1.9   1.8   1.1   1.3   1.1   1.3   1.6   2.3   2.7   2.2   2.7   2.2   2.4   2.2   2.2   2.2   1.9   2.2   1.9   2.1   1.9   1.1   1.2   1.4   0.9   1.0   1.3   1.1   1.1   1.2   1.2   1.2   1.0   1.1   1.3   2.3   2.5   2.5   2.7   2.2   2.6   2.3   2.5   2.4   2.0   2.3   2.3   2.2   1.8   2.1   2.1   2.2   1.9   1.9   1.3   1.3   1.1   1.1   1.5   1.3   1.4   1.5   1.2   1.8   2.7   2.7   2.5   2.7   2.6   2.5   2.3   2.4   2.3   2.2   2.3   1.9   1.8   2.0   1.2   1.1   1.1   1.2   1.1   1.3   1.4   1.2   1.2   1.8   2.6   2.4   2.6   2.7   2.2   1.9 
Direction:  n n n n n n n n n n n n n n n n n n n n n n n n n n n n n n n n n n n n n n n n n n n n n n n n n n n n n n n n n n n n n n n n n n n n n n n n n n n n n n n n n n n n n n n n n n n n n n n n n n n n n n n n n n n n n n n n n n n n n n n n n n n n n n n n n n n n n n n n n n n n n n n n n n n n n n n n n n n n n n n n n n n n n n n n n n n n n n n n n n n n n n n n n n n n n n n n n n n n n n n n

56.0: Count:   1.5 (  0.7) A:  15.5 [14-30] B:  21.9 [14-80] Phase: 61% 55 (52.7) Direction:  {32 148}  10% 285 (39.8) Direction:  {314 226}  7% 280 (30.9) Direction:  {310 230}  7% 282 (30.9) Direction:  {312 228}  7% 282 (30.1) Direction:  {312 228}  8% 282 (28.9) Direction:  {312 228}  7% 281 (27.5) Direction:  {310 230}  18% 282 (27.7) Direction:  {312 228}
Phase: {362,259,288,310,340,310,299,332,389,402,325,363,331,355,324,346,390,383,390,347,378,393,387,425,368,364,326,399,404,372,439,428,380,353,420,403,393,375,425,444,363,367,326,387,348,455,352,445,402,372,404,425,409,399,430,424,347,353,337,370,354,367,386,417,319,383,352,348,331,344,374,331,315,378,377,363,290,351,331,334,327,315,333,299,347,300,335,292,290,237,441,230,259,342,283,270,253,252,253,256,249,279,239,250,259,280,250,240,241,237,204,223,222,190,216,250,145,243,245,196,240,197,209,184,233,165,219,207,171,173,170,166,145,169,112,193,156,177,103,143,161,144,155,145,148,139,149,155,111,89,140,137,139,130,113,120,106,130,112,119,89,79,75,83,76,83,48,65,58,78,60,60,47,47,43,54,63,33,33,34,78,12,18,39,52,36,24,31,36,26,13,37,27,24,29,10,30,26,20,25,15,14,29,16,17,14,11,16,22,14,18,29,17,16,31,16,37,25,24,20,26,34,27,31,28,40,34,35,58,38,44,67,72,84,77,63,94,105,102,88,130,131,127,153,107,161,139,131,122,229,232,139,198,281,214,250,202,242,238,363,185,301,413,291,347,276,461,319,305,316,789,353,431,395,657,451,423,450,650,537,453,630,627,638,498,624,553,777,583,500,648,645,453,481,456,539,430,430,476,362,369,332,355,321,306,250,348,260,208,259,253,237,199,194,211,213,185,184,199,172,157,196,168,199,179,158,174,207,222,177,191,182,237,172,160,204,179,180,162,213,221,194,229,243,217,234,231,232,246,217,240,242,294,277,288,242,300,305,242,256}
Count:   2.4   2.3   2.0   2.1   2.2   2.1   2.2   2.0   2.1   1.8   1.8   1.9   1.8   0.6   0.5   0.7   0.5   0.7   0.6   0.6   0.5   0.7   1.5   2.2   2.4   2.1   2.0   2.1   2.2   1.9   1.8   1.9   2.1   1.8   1.7   1.9   1.4   0.5   0.6   0.7   0.7   0.4   0.5   0.6   0.8   0.7   2.0   2.1   2.6   2.3   2.2   2.2   2.3   2.1   1.8   1.8   1.7   1.9   1.6   1.9   1.0   0.6   0.5   0.5   0.5   0.8   0.7   0.6   0.5   0.9   1.9   2.2   2.1   2.0   2.2   2.4   2.0   1.7   1.7   1.6   1.8   1.8   1.7   1.3   1.0   0.7   0.6   0.7   0.6   0.5   0.6   0.5   0.6   1.2   2.0   1.9   1.9   2.2   2.3   2.0   1.9   2.0   2.0   1.7   1.9   2.0   1.7   1.6   0.5   0.7   0.7   0.7   1.0   2.2   2.3   2.2   2.3   1.7   2.0   2.0   1.8   2.0   1.7   1.8   1.7   1.6   1.6   0.5   0.6   0.7   0.5   0.6   0.6   0.6   0.7   0.5   0.6   0.6   0.5   0.6   0.7   1.8   2.3   2.2   2.0   2.1   2.4   2.1   2.1   2.0   2.2   2.1   1.9   1.9   1.6   1.7   1.9   1.9   1.6   1.7   0.7   0.6   0.6   0.5   0.6   0.6   0.7   0.6   0.6   1.1   2.1   2.4   2.2   2.3   2.0   2.1   2.1   2.1   1.8   2.0   1.8   1.7   1.7   1.7   0.6   0.5   0.5   0.7   0.7   0.6   0.7   0.7   0.6   1.2   2.2   2.2   2.3   2.2   2.1   1.7 
B: 22.8 23.9 23.9 23.1 23.7 22.9 22.6 22.4 21.9 20.2 21.2 20.9 20.6 17.9 18.0 18.9 18.0 18.9 18.8 18.3 18.2 19.3 22.9 23.5 23.3 22.4 21.9 22.6 22.3 22.2 21.8 21.3 20.8 21.5 21.0 20.7 20.4 18.6 19.0 18.2 18.2 19.4 19.1 17.8 18.4 18.7 24.5 23.2 23.7 22.9 23.5 22.8 23.4 23.1 22.0 22.5 21.9 21.9 21.0 21.0 19.2 18.8 18.2 18.7 18.5 18.4 18.4 19.0 19.0 21.1 22.5 24.7 23.6 22.6 23.4 23.5 22.5 21.7 21.7 21.8 21.9 20.9 20.8 21.3 20.2 18.3 18.1 18.0 18.2 18.0 17.6 18.7 19.4 21.1 23.5 22.8 22.8 23.9 23.9 22.4 22.2 22.0 22.2 21.1 22.1 21.6 21.6 20.7 18.2 18.3 18.0 18.5 21.5 24.1 23.6 22.8 22.8 22.1 21.9 22.0 21.3 21.3 20.8 21.1 20.2 21.4 20.7 20.0 18.5 19.7 18.4 20.0 18.2 19.0 19.0 18.0 18.1 18.6 18.9 18.7 19.1 24.3 24.0 24.2 23.1 23.6 23.3 23.7 22.9 22.5 22.0 22.4 21.6 21.4 22.3 22.0 21.2 21.3 21.2 20.2 18.6 18.7 18.4 18.8 19.7 18.6 18.5 18.3 20.3 27.6 23.5 23.3 24.0 23.6 23.3 22.9 22.1 22.2 22.1 21.3 21.5 21.3 21.5 21.2 19.0 18.6 17.8 19.0 18.6 18.4 19.1 18.1 19.1 21.1 23.8 23.6 23.7 23.0 22.9 22.4 
Direction:  n n n n n n n n n n n n n n n n n n n n n n n n n n n n n n n n n n n n n n n n n n n n n n n n n n n n n n n n n n n n n n n n n n n n n n n n n n n n n n n n n n n n n n n n n n n n n n n n n n n n n n n n n n n n n n n n n n n n n n n n n n n n n n n n n n n n n n n n n n n n n n n n n n n n n n n n n n n n n n n n n n n n n n n n n n n n n n n n n n n n n n n n n n n n n n n n n n n n n n n n

