54.0: Count:   0.9 (  0.2) A:  17.6 [16-36] B:  33.6 [16-114] Phase: 30% 289 (38.9) Direction:  {315 225}  30% 64 (35.4) Direction:  {39 141}  19% 250 (25.5) Direction:  n  33% 263 (22.6) Direction:  {285 255}  21% 272 (18.4) Direction:  {299 241}
Phase: {109,93,87,100,119,82,83,104,89,109,86,95,100,113,107,127,98,100,110,99,85,105,95,95,87,91,101,112,103,102,111,101,110,94,90,114,114,103,105,81,118,117,101,104,101,131,89,120,115,116,129,121,121,104,139,129,126,113,139,120,124,138,166,148,133,137,112,131,142,155,135,125,136,125,121,141,144,123,143,146,131,142,126,145,123,133,106,134,109,117,132,106,118,115,96,86,94,105,79,109,106,98,82,87,91,82,91,86,81,76,93,81,73,67,59,72,64,64,71,58,69,48,58,78,57,58,50,39,44,41,44,58,38,61,54,49,45,58,39,42,43,42,35,43,40,43,36,58,41,46,27,39,27,42,42,40,36,32,44,39,30,25,35,38,35,37,32,29,29,30,31,37,23,32,34,27,30,34,28,33,34,19,34,28,27,33,34,27,23,35,35,42,43,50,47,39,28,37,40,41,42,49,43,51,56,54,51,66,71,62,76,56,64,83,94,81,111,98,101,110,123,122,99,121,126,148,124,159,151,180,160,164,191,190,213,226,224,251,222,247,274,260,304,320,263,323,300,317,350,353,339,362,405,426,414,454,455,458,426,470,486,444,459,498,459,457,468,462,500,371,534,441,517,466,467,440,437,458,424,463,419,427,359,437,379,396,328,371,368,268,301,333,320,275,280,287,221,275,269,225,216,216,216,194,192,181,169,183,149,145,159,153,126,145,107,123,100,141,93,108,111,84,83,87,85,99,72,83,68,81,87,69,90,84,75,71,81,76,100,88,58,89,94,74,85,81,90,82,91,90,82,93,94,112,92,78,88,113,92,78}
Count:   0.5   0.5   0.9   1.4   1.5   1.4   1.2   1.2   1.4   1.2   1.1   1.1   1.1   0.9   1.0   0.9   0.8   0.9   0.8   0.8   0.8   0.8   0.6   0.7   0.6   0.7   0.6   0.7   0.8   0.6   0.7   0.7   0.7   0.7   0.7   0.8   1.6   1.3   1.4   1.3   1.3   1.1   1.2   1.2   1.1   1.2   1.0   1.0   0.8   0.8   0.8   0.8   0.8   0.8   0.7   0.7   0.7   0.7   0.6   0.7   0.6   0.7   0.6   0.8   1.1   1.4   1.3   1.2   1.1   1.2   1.0   1.0   0.9   0.9   0.8   0.9   0.9   0.8   0.8   0.7   0.8   0.7   0.7   0.6   0.8   0.8   0.7   0.7   0.8   0.6   0.8   0.7   0.7   1.7   1.5   1.3   1.3   1.2   1.2   1.0   1.0   1.0   1.0   1.0   0.8   0.8   1.0   0.8   0.8   0.7   0.8   0.8   0.7   0.7   0.7   0.6   0.7   0.7   0.7   0.7   0.7   1.0   1.4   1.2   1.1   1.0   1.0   1.0   0.9   0.9   0.9   0.8   0.9   0.8   0.8   0.7   0.7   0.6   0.8   0.6   0.7   0.7   0.7   0.6   0.7   0.6   0.7   0.6   0.7   0.6   1.4   1.3   1.2   1.1   1.2   1.2   1.1   0.9   1.0   1.0   0.9   0.9   0.8   0.8   0.8   0.8   0.8   0.8   0.8   0.7   0.8   0.7   0.7   0.6   0.6   0.6   0.7   0.7   0.6   0.7   0.7   0.7   0.6   1.3   1.4   1.2   1.2   1.1   1.0   1.1   1.0   0.9   0.9   0.9   0.8   0.8   0.7   0.6   0.7   0.7 
Direction:  n n n n n n n n n n n n n n n n n n n n n n n n n n n n n n n n n n n n n n n n n n n n n n n n n n n n n n n n n n n n n n n n n n n n n n n n n n n n n n n n n n n n n n n n n n n n n n n n n n n n n n n n n n n n n n n n n n n n n n n n n n n n n n n n n n n n n n n n n n n n n n n n n n n n n n n n n n n n n n n n n n n n n n n n n n n n n n n n n n n n n n n n n n n n n n n n n n n n n n n n

54.1: Count:   1.0 (  0.3) A:  17.5 [16-35] B:  32.4 [16-99] Phase: 100% 270 (32.2) Direction:  {296 244}
Phase: {135,78,105,127,108,99,116,125,96,104,95,108,114,101,105,91,145,123,122,83,101,112,129,103,112,127,106,128,110,107,131,111,109,130,120,124,125,111,143,123,127,121,109,140,114,165,111,128,125,132,134,150,128,145,155,125,131,112,135,156,136,150,146,182,124,127,126,114,138,148,132,138,175,139,133,165,116,116,145,134,128,134,115,131,114,130,116,118,116,108,137,104,135,103,103,102,103,97,81,111,120,96,90,124,96,90,100,85,93,68,87,70,65,60,62,66,59,71,70,56,65,75,79,58,56,61,63,62,68,53,60,50,53,64,35,68,41,60,45,47,53,47,38,49,48,44,39,47,47,33,45,32,36,40,31,33,31,44,36,36,39,29,34,36,22,28,26,27,36,22,33,41,30,41,25,28,21,25,26,29,31,20,34,33,36,29,29,28,21,36,33,42,34,31,32,44,35,32,44,48,30,43,52,32,55,46,43,54,63,58,60,67,60,72,75,71,98,74,100,95,113,111,124,126,114,166,144,125,142,165,190,157,203,214,215,245,224,238,249,278,306,299,323,386,295,360,340,415,424,444,439,377,529,518,480,480,512,562,515,559,579,543,588,631,615,622,615,646,672,522,738,569,624,598,669,568,554,593,582,559,549,585,515,618,500,556,457,431,554,405,419,410,387,353,351,355,283,376,324,294,297,237,269,245,221,230,205,193,195,159,167,178,130,139,99,125,114,136,89,122,126,114,76,113,104,105,112,87,100,92,97,80,93,100,83,99,84,89,102,109,82,88,95,114,76,116,89,95,98,91,110,85,101,103,113,99,90,96,99,78}
Count:   0.5   0.6   1.1   1.6   1.5   1.6   1.6   1.5   1.4   1.4   1.3   1.2   1.2   1.1   1.1   1.0   1.0   1.0   1.0   0.8   1.0   0.9   0.8   0.8   1.0   0.9   0.9   0.8   0.9   0.9   0.9   0.8   0.7   0.9   0.9   0.8   1.7   1.6   1.6   1.5   1.3   1.4   1.3   1.2   1.2   1.2   1.2   1.1   1.1   1.0   1.0   0.9   0.8   0.8   0.9   0.9   0.8   0.7   0.7   0.8   0.9   0.8   0.8   0.9   1.4   1.6   1.4   1.3   1.3   1.3   1.1   1.2   1.0   1.1   0.9   1.0   0.9   0.9   0.9   0.8   0.9   0.9   0.8   0.8   0.8   0.9   0.7   0.8   0.8   0.8   0.8   0.7   0.7   1.9   1.6   1.6   1.6   1.6   1.2   1.2   1.3   1.2   1.1   1.0   1.0   1.0   1.0   1.0   0.9   0.7   0.9   0.8   0.8   0.9   0.9   0.7   0.9   0.9   0.8   0.8   0.8   1.1   1.4   1.4   1.3   1.2   1.2   1.1   1.1   1.0   0.9   0.9   1.0   0.9   0.9   0.9   0.8   0.8   0.8   0.8   0.8   0.8   0.8   0.8   0.8   0.8   0.7   0.8   0.8   0.7   1.8   1.4   1.6   1.3   1.3   1.3   1.3   1.1   1.2   1.1   1.1   1.0   1.1   1.0   1.0   0.9   0.9   0.9   1.0   0.8   0.9   0.8   0.7   0.9   0.8   0.7   0.8   0.8   0.8   0.8   0.7   0.7   0.8   1.6   1.7   1.4   1.4   1.2   1.4   1.2   1.1   1.1   0.9   0.9   0.9   0.9   0.9   0.9   0.8   0.8 
Direction:  n n n n n n n n n n n n n n n n n n n n n n n n n n n n n n n n n n n n n n n n n n n n n n n n n n n n n n n n n n n n n n n n n n n n n n n n n n n n n n n n n n n n n n n n n n n n n n n n n n n n n n n n n n n n n n n n n n n n n n n n n n n n n n n n n n n n n n n n n n n n n n n n n n n n n n n n n n n n n n n n n n n n n n n n n n n n n n n n n n n n n n n n n n n n n n n n n n n n n n n n

54.2: Count:   0.7 (  0.3) A:  17.1 [16-31] B:  31.3 [16-100] Phase: 100% 270 (30.7) Direction:  {296 244}
Phase: {101,65,80,67,50,68,66,72,66,77,66,84,62,68,76,87,98,87,74,69,79,81,83,81,93,79,56,82,61,79,91,93,105,88,92,112,99,92,106,127,117,104,100,114,120,137,101,115,95,132,113,129,127,122,116,120,110,121,132,118,119,118,142,109,116,135,144,117,126,105,116,102,149,130,117,153,96,123,100,118,120,136,104,113,109,94,94,107,105,91,130,95,95,118,92,111,81,106,96,89,109,87,68,64,76,78,81,94,81,60,68,74,89,71,73,58,65,87,65,75,60,57,64,53,49,52,65,40,56,35,46,54,40,44,37,55,38,40,33,36,39,36,33,49,32,34,24,30,30,37,20,36,28,18,10,27,20,25,29,35,24,16,32,24,25,22,30,28,16,24,27,31,19,20,20,25,26,20,8,24,23,13,25,19,16,14,32,18,14,21,20,18,18,25,32,19,20,22,30,28,27,30,23,26,29,22,20,30,30,37,28,17,24,34,29,28,48,25,51,35,36,37,49,41,44,50,63,81,53,58,84,68,103,97,106,117,117,112,144,130,166,149,153,212,188,185,207,247,293,276,288,288,336,350,310,365,346,426,372,419,420,453,422,488,404,508,482,472,545,481,578,404,506,431,457,484,444,454,392,427,393,409,377,396,351,361,325,344,276,229,251,261,233,207,204,240,169,185,178,124,152,140,134,119,130,107,92,97,98,87,70,99,65,88,70,73,54,85,83,64,60,50,85,62,55,39,66,43,43,57,54,72,65,65,47,55,63,63,59,86,71,72,65,77,58,77,72,81,84,68,76,67,77,68,75,78,80,74,66,78}
Count:   0.4   0.3   0.9   1.4   1.4   1.4   1.2   1.2   1.0   1.0   0.9   0.8   0.8   0.7   0.8   0.6   0.7   0.7   0.7   0.6   0.7   0.6   0.6   0.5   0.5   0.5   0.7   0.5   0.5   0.5   0.5   0.4   0.4   0.5   0.6   0.5   1.4   1.4   1.2   1.2   1.0   1.0   0.9   1.0   0.9   0.9   0.9   0.7   0.7   0.7   0.7   0.7   0.5   0.7   0.6   0.6   0.5   0.5   0.6   0.7   0.5   0.5   0.5   0.5   1.0   1.2   1.2   1.1   1.1   1.0   0.7   0.9   0.7   0.7   0.6   0.7   0.7   0.7   0.6   0.5   0.5   0.6   0.6   0.6   0.6   0.6   0.5   0.6   0.4   0.5   0.5   0.5   0.5   1.6   1.2   1.4   1.1   1.1   1.0   0.9   0.9   0.8   0.8   0.8   0.7   0.6   0.7   0.7   0.6   0.5   0.5   0.6   0.5   0.4   0.6   0.4   0.5   0.6   0.5   0.4   0.5   1.0   1.2   1.0   1.0   0.9   0.9   0.7   0.7   0.7   0.6   0.6   0.7   0.6   0.6   0.6   0.5   0.5   0.6   0.5   0.6   0.5   0.5   0.5   0.6   0.4   0.6   0.5   0.5   0.5   1.3   1.1   1.2   1.0   1.1   1.0   1.1   0.8   0.8   0.9   0.8   0.7   0.7   0.6   0.7   0.5   0.5   0.5   0.7   0.5   0.4   0.5   0.5   0.6   0.6   0.4   0.5   0.4   0.5   0.5   0.4   0.3   0.4   1.2   1.2   1.1   1.0   1.0   1.0   0.8   0.9   0.7   0.7   0.6   0.6   0.5   0.6   0.5   0.6   0.5 
Direction:  n n n n n n n n n n n n n n n n n n n n n n n n n n n n n n n n n n n n n n n n n n n n n n n n n n n n n n n n n n n n n n n n n n n n n n n n n n n n n n n n n n n n n n n n n n n n n n n n n n n n n n n n n n n n n n n n n n n n n n n n n n n n n n n n n n n n n n n n n n n n n n n n n n n n n n n n n n n n n n n n n n n n n n n n n n n n n n n n n n n n n n n n n n n n n n n n n n n n n n n n

54.3: Count:   0.3 (  0.2) A:  17.0 [16-28] B:  30.1 [16-105] Phase: 32% 244 (42.1) Direction:  n  59% 286 (31.5) Direction:  {313 227}
Phase: {62,36,52,43,42,46,28,41,47,47,27,40,37,39,46,51,38,35,40,28,39,40,49,39,49,40,37,45,42,32,42,44,41,48,54,43,38,42,62,49,53,59,53,68,62,64,52,83,57,68,62,50,77,53,85,77,76,74,87,74,59,81,92,63,81,79,59,90,87,87,64,62,113,80,81,80,91,78,70,90,76,80,67,83,99,68,96,80,71,70,95,71,59,60,70,57,47,65,67,53,44,44,45,51,62,53,49,66,43,37,51,49,50,34,34,40,26,47,33,33,29,23,30,25,23,20,22,30,30,22,26,34,19,15,17,26,21,15,17,20,13,23,10,26,20,12,10,11,18,21,20,24,6,12,6,17,9,13,16,15,13,12,13,17,15,17,21,12,12,2,11,9,20,17,15,15,11,9,18,8,12,9,8,8,11,12,18,9,9,8,5,11,8,3,9,10,5,17,8,4,10,5,10,6,5,3,4,10,11,5,14,12,5,8,11,10,8,11,6,5,18,11,12,12,13,20,17,19,20,19,26,12,28,26,33,21,25,32,35,36,36,30,22,48,36,39,53,43,64,49,44,66,86,79,78,99,120,108,113,117,101,126,129,157,88,125,161,145,160,138,181,140,158,150,169,147,151,142,142,127,116,110,133,111,112,120,110,99,82,97,78,77,80,61,58,65,49,61,69,62,50,39,40,57,35,41,43,33,28,35,36,31,30,38,34,32,18,38,19,23,29,35,32,23,27,20,33,23,24,28,42,37,34,39,36,45,22,25,31,39,39,38,44,26,29,32,39,53,53,52,48,30,34,63,35,39,32,38,52,41}
Count:   0.1   0.1   0.5   0.8   0.7   0.7   0.6   0.5   0.5   0.5   0.4   0.4   0.3   0.3   0.3   0.2   0.2   0.2   0.3   0.2   0.2   0.2   0.2   0.2   0.2   0.1   0.2   0.1   0.2   0.1   0.1   0.2   0.1   0.2   0.1   0.1   0.7   0.7   0.7   0.5   0.5   0.4   0.4   0.4   0.5   0.4   0.4   0.3   0.3   0.2   0.3   0.2   0.2   0.2   0.2   0.1   0.1   0.2   0.2   0.2   0.2   0.2   0.2   0.2   0.6   0.7   0.5   0.5   0.4   0.4   0.3   0.3   0.3   0.3   0.2   0.2   0.3   0.2   0.2   0.2   0.2   0.1   0.2   0.2   0.2   0.2   0.1   0.2   0.1   0.1   0.2   0.2   0.2   1.0   0.6   0.7   0.6   0.5   0.5   0.4   0.4   0.3   0.3   0.3   0.3   0.2   0.3   0.3   0.2   0.2   0.1   0.2   0.2   0.1   0.2   0.2   0.1   0.2   0.1   0.2   0.1   0.4   0.5   0.5   0.4   0.4   0.4   0.4   0.3   0.3   0.3   0.2   0.3   0.2   0.2   0.2   0.1   0.2   0.2   0.1   0.2   0.2   0.1   0.1   0.2   0.2   0.2   0.2   0.1   0.1   0.7   0.6   0.6   0.4   0.5   0.5   0.4   0.3   0.3   0.3   0.3   0.3   0.2   0.2   0.3   0.2   0.2   0.2   0.3   0.2   0.2   0.2   0.1   0.2   0.2   0.2   0.1   0.1   0.1   0.2   0.1   0.2   0.2   0.7   0.7   0.5   0.5   0.5   0.4   0.4   0.4   0.3   0.3   0.3   0.3   0.2   0.2   0.2   0.2   0.2 
B: 30.0 26.7 39.3 30.3 28.8 30.2 29.6 29.8 27.6 28.7 28.8 27.3 29.0 28.8 26.9 27.5 30.8 31.6 30.3 28.4 30.4 30.3 31.2 31.1 27.7 30.9 29.3 29.4 31.0 29.8 32.8 28.2 30.4 31.6 27.6 30.5 31.6 29.2 28.2 30.6 27.8 29.4 29.9 27.7 28.0 28.3 28.1 30.3 26.9 26.7 28.1 27.8 29.7 29.7 28.2 33.5 30.7 29.7 27.5 30.5 32.4 31.5 27.3 32.0 34.1 30.7 28.8 28.1 26.5 28.5 28.6 30.5 29.1 27.4 31.1 28.1 29.7 29.0 29.6 32.9 29.2 32.4 31.3 28.2 29.7 29.2 31.3 30.4 29.0 32.4 30.0 27.6 29.8 40.2 31.7 28.6 30.0 30.0 27.5 28.6 28.2 26.9 27.1 27.7 28.7 28.3 29.0 28.9 31.2 29.3 28.7 28.5 28.3 28.5 31.2 31.5 32.6 29.5 31.5 30.3 31.0 36.0 29.6 27.0 30.1 28.7 30.9 27.2 27.2 28.6 28.0 30.5 29.5 30.7 28.7 30.7 33.0 28.8 29.9 32.6 30.8 31.4 30.9 29.8 28.8 29.1 32.1 30.4 30.2 29.9 31.3 30.8 29.6 29.4 28.7 30.0 29.4 28.4 28.1 27.7 27.7 30.2 28.1 27.3 28.9 28.0 27.5 26.2 30.6 28.1 30.2 30.4 31.0 31.4 28.7 32.5 31.1 32.1 31.6 30.4 31.5 30.2 31.4 38.3 30.6 28.8 29.7 32.2 32.9 33.0 32.3 31.2 30.9 33.0 31.8 31.3 31.0 31.1 32.3 33.4 
Direction:  n n n n n n n n n n n n n n n n n n n n n n n n n n n n n n n n n n n n n n n n n n n n n n n n n n n n n n n n n n n n n n n n n n n n n n n n n n n n n n n n n n n n n n n n n n n n n n n n n n n n n n n n n n n n n n n n n n n n n n n n n n n n n n n n n n n n n n n n n n n n n n n n n n n n n n n n n n n n n n n n n n n n n n n n n n n n n n n n n n n n n n n n n n n n n n n n n n n n n n n n

54.4: Count:   0.2 (  0.2) A:  16.9 [16-28] B:  29.9 [16-105] Phase: 49% 305 (44.6) Direction:  {327 213}  96% 74 (23.9) Direction:  {47 133}
Phase: {37,27,42,27,24,39,51,34,41,41,32,46,29,27,37,44,38,54,46,37,49,52,29,39,29,28,34,38,28,20,38,27,50,59,30,36,49,41,24,37,51,53,41,59,43,75,61,58,57,68,59,77,54,61,61,87,72,76,82,78,63,85,93,105,87,86,88,86,89,97,111,102,84,87,74,80,101,95,83,123,85,80,83,111,77,92,98,69,75,61,115,53,81,74,64,53,59,77,62,75,51,54,44,44,38,58,36,55,46,32,37,37,33,21,31,32,23,37,23,29,31,24,20,30,9,23,19,15,31,18,22,26,15,22,18,14,10,13,16,15,11,13,13,14,14,11,12,17,7,10,11,14,6,13,7,9,13,8,6,5,7,7,15,8,6,15,9,11,9,4,13,11,7,11,5,7,7,4,6,5,9,5,5,5,9,3,5,2,2,6,3,4,6,7,3,4,1,2,2,1,3,2,3,1,4,4,4,5,10,4,4,5,6,4,6,3,9,0,2,4,8,7,5,3,4,8,4,12,5,13,11,4,7,6,8,2,10,12,10,10,14,15,9,13,14,22,14,16,11,23,20,17,29,13,17,17,22,43,39,25,33,31,29,60,40,41,44,39,39,45,48,32,52,44,56,58,49,55,50,56,44,45,41,41,57,49,55,53,49,35,34,34,45,34,37,31,23,45,32,22,30,17,21,14,22,35,26,25,29,17,21,11,11,28,15,25,22,33,13,14,24,12,18,17,20,23,13,21,28,22,16,23,14,24,10,20,28,20,29,23,23,23,29,22,29,16,18,31,29,35,29,33,32,49,33,31,38,42,46,30}
Count:   0.1   0.1   0.3   0.5   0.6   0.6   0.6   0.5   0.4   0.4   0.3   0.3   0.2   0.2   0.2   0.1   0.1   0.1   0.2   0.1   0.2   0.1   0.1   0.1   0.1   0.1   0.1   0.1   0.1   0.1   0.1   0.1   0.1   0.1   0.1   0.1   0.6   0.5   0.5   0.4   0.4   0.4   0.4   0.2   0.3   0.3   0.2   0.2   0.2   0.2   0.1   0.1   0.1   0.1   0.1   0.1   0.1   0.1   0.1   0.1   0.1   0.1   0.1   0.1   0.4   0.5   0.5   0.4   0.4   0.3   0.3   0.2   0.2   0.2   0.2   0.1   0.1   0.1   0.2   0.1   0.1   0.1   0.1   0.0   0.1   0.1   0.1   0.1   0.1   0.1   0.1   0.1   0.1   0.7   0.5   0.5   0.5   0.5   0.4   0.4   0.2   0.4   0.2   0.3   0.2   0.2   0.1   0.2   0.1   0.2   0.1   0.1   0.1   0.1   0.1   0.1   0.1   0.0   0.1   0.1   0.1   0.3   0.5   0.5   0.5   0.3   0.3   0.3   0.2   0.2   0.2   0.2   0.1   0.1   0.1   0.1   0.0   0.1   0.1   0.1   0.1   0.1   0.1   0.0   0.0   0.1   0.1   0.1   0.0   0.1   0.5   0.4   0.5   0.4   0.4   0.3   0.4   0.3   0.4   0.2   0.2   0.2   0.2   0.2   0.1   0.1   0.1   0.1   0.1   0.1   0.1   0.1   0.1   0.1   0.1   0.1   0.1   0.1   0.1   0.0   0.1   0.1   0.1   0.6   0.4   0.5   0.4   0.4   0.3   0.3   0.3   0.2   0.2   0.2   0.1   0.2   0.1   0.2   0.1   0.1 
B: 23.0 25.2 39.1 29.6 30.3 30.8 31.2 32.0 31.5 30.0 28.0 30.0 28.2 25.7 28.2 29.6 25.7 24.0 27.7 28.0 24.3 24.9 23.2 26.0 27.6 29.8 31.0 26.9 23.8 25.5 25.5 23.7 25.4 25.8 28.6 25.5 31.4 30.2 30.3 30.3 29.0 27.0 29.2 29.6 28.1 27.5 27.6 28.0 27.2 24.5 24.7 24.9 24.4 28.8 28.7 35.4 28.3 27.7 25.0 25.8 27.2 23.4 26.8 28.6 33.6 30.2 30.2 29.0 28.6 27.4 28.1 29.2 26.6 27.2 27.4 25.6 25.4 24.7 27.0 24.7 25.0 30.3 25.1 35.9 34.0 28.2 29.2 32.3 26.7 26.0 26.0 27.6 24.6 40.1 30.9 31.0 32.9 31.6 29.7 28.7 30.9 27.7 29.1 26.3 28.5 27.0 28.8 28.2 25.6 28.2 31.8 26.2 29.3 29.5 25.5 27.3 28.4 30.7 28.2 27.8 26.2 32.6 32.2 30.5 28.7 30.5 30.9 31.4 30.8 29.0 26.0 26.5 30.5 25.2 30.6 33.1 28.1 28.1 27.1 26.9 26.7 31.6 29.0 31.8 30.0 27.1 27.0 30.2 28.1 23.7 32.4 33.3 30.8 30.9 29.6 27.5 30.1 26.0 27.9 29.3 29.1 26.6 28.7 26.3 24.1 25.8 25.2 28.5 27.7 31.6 25.2 26.8 25.8 26.3 24.7 25.7 25.1 24.7 27.9 23.6 29.4 28.4 27.6 43.1 30.8 32.7 30.9 31.6 32.2 31.3 33.1 35.0 29.6 35.5 34.2 30.2 33.4 32.6 31.6 31.3 
Direction:  n n n n n n n n n n n n n n n n n n n n n n n n n n n n n n n n n n n n n n n n n n n n n n n n n n n n n n n n n n n n n n n n n n n n n n n n n n n n n n n n n n n n n n n n n n n n n n n n n n n n n n n n n n n n n n n n n n n n n n n n n n n n n n n n n n n n n n n n n n n n n n n n n n n n n n n n n n n n n n n n n n n n n n n n n n n n n n n n n n n n n n n n n n n n n n n n n n n n n n n n

54.5: Count:   0.3 (  0.2) A:  17.1 [16-28] B:  30.3 [16-90] Phase: 51% 59 (37.7) Direction:  {35 145}  35% 80 (26.2) Direction:  {52 128}
Phase: {54,36,60,34,53,48,32,25,33,47,32,39,36,47,48,48,58,60,54,31,45,35,47,53,51,49,50,49,47,50,53,47,60,47,40,55,59,63,60,58,61,77,64,95,73,89,71,111,83,90,92,80,103,115,104,143,100,123,109,128,130,119,125,171,131,160,127,127,133,134,152,134,133,140,134,125,143,129,128,125,133,121,113,128,120,116,133,110,106,86,129,111,103,103,88,81,97,102,96,64,80,67,82,71,55,66,61,44,59,34,50,54,46,63,53,40,36,39,42,22,32,26,24,36,17,22,21,32,30,26,26,15,18,25,12,32,18,16,21,20,25,9,13,14,19,22,17,18,15,16,20,10,12,11,16,11,5,14,20,4,13,15,12,13,11,8,7,7,10,4,3,8,0,13,9,4,8,2,3,2,4,3,4,0,1,2,2,3,3,7,4,5,9,2,1,5,0,2,9,2,3,2,3,1,3,3,2,8,4,1,13,6,8,7,4,1,6,0,1,1,6,5,4,6,5,11,8,8,12,5,6,8,5,7,5,8,11,3,10,8,7,10,19,14,15,10,8,17,13,20,9,10,23,20,19,21,23,21,26,26,26,32,37,36,35,34,30,39,39,32,48,38,48,41,50,46,44,52,31,40,57,36,42,36,41,57,43,65,66,54,43,50,65,40,33,52,33,48,49,32,29,37,34,43,24,36,24,30,26,35,35,26,22,18,19,22,28,29,13,16,30,25,30,13,21,18,28,24,23,20,28,29,22,36,24,18,18,20,12,24,22,21,15,28,14,26,29,40,39,42,35,28,42,40,21,29,35,25,43,30}
Count:   0.0   0.0   0.2   0.8   0.7   0.8   0.7   0.6   0.5   0.5   0.4   0.4   0.3   0.3   0.2   0.2   0.2   0.1   0.2   0.1   0.1   0.1   0.1   0.1   0.0   0.1   0.1   0.1   0.1   0.1   0.1   0.1   0.1   0.1   0.1   0.1   0.6   0.6   0.6   0.6   0.6   0.4   0.4   0.4   0.4   0.4   0.3   0.2   0.3   0.2   0.2   0.2   0.2   0.2   0.1   0.1   0.1   0.1   0.1   0.1   0.1   0.1   0.1   0.0   0.4   0.6   0.6   0.5   0.5   0.5   0.4   0.3   0.3   0.2   0.2   0.2   0.2   0.1   0.1   0.1   0.1   0.1   0.1   0.1   0.0   0.1   0.1   0.1   0.1   0.1   0.1   0.1   0.1   0.9   0.7   0.7   0.5   0.6   0.5   0.5   0.4   0.4   0.2   0.3   0.2   0.3   0.2   0.2   0.2   0.1   0.1   0.1   0.1   0.1   0.1   0.1   0.1   0.1   0.1   0.1   0.1   0.3   0.6   0.6   0.5   0.5   0.4   0.4   0.4   0.3   0.3   0.2   0.2   0.2   0.2   0.1   0.0   0.1   0.1   0.1   0.1   0.1   0.1   0.1   0.1   0.1   0.1   0.1   0.1   0.1   0.7   0.6   0.6   0.5   0.5   0.5   0.4   0.4   0.3   0.3   0.3   0.3   0.2   0.1   0.2   0.2   0.1   0.1   0.2   0.1   0.1   0.1   0.1   0.1   0.1   0.1   0.1   0.1   0.1   0.1   0.1   0.1   0.1   0.8   0.6   0.5   0.5   0.6   0.5   0.4   0.4   0.3   0.3   0.3   0.2   0.2   0.2   0.1   0.2   0.1 
B: 47.6 25.1 37.5 31.5 32.2 32.4 31.8 32.4 32.6 29.5 31.2 28.3 28.0 26.1 29.3 28.2 23.3 25.8 25.2 26.6 23.4 30.3 24.4 22.7 26.7 31.0 28.1 27.3 31.6 27.7 23.3 24.6 25.5 24.0 24.1 26.2 34.3 31.4 31.6 32.0 31.3 31.2 29.8 30.4 29.9 26.6 27.6 29.7 27.6 29.2 28.5 26.1 26.1 27.3 25.5 35.6 26.8 29.0 29.8 29.0 26.2 25.3 25.0 23.2 34.2 33.7 30.5 32.3 32.3 28.8 28.5 29.1 26.6 27.5 26.8 27.1 28.7 24.3 26.0 27.4 24.7 28.9 27.5 27.2 26.2 23.8 25.6 24.6 26.8 28.2 27.0 26.2 24.6 37.0 32.2 30.4 32.1 32.4 29.2 30.7 30.8 29.3 27.8 27.9 27.9 30.4 26.8 27.0 27.1 29.1 25.1 26.3 31.2 25.6 26.0 25.4 26.0 27.4 28.7 26.2 26.8 33.7 31.6 31.2 32.2 29.5 29.3 28.7 27.9 28.0 26.0 26.6 27.7 26.2 24.9 25.0 29.3 26.3 24.8 25.1 30.4 25.7 26.7 27.1 28.7 29.3 26.5 29.2 26.9 26.4 32.9 33.3 32.0 30.2 33.3 29.8 30.8 30.3 29.1 27.4 26.2 26.3 27.5 27.2 26.8 23.8 25.1 22.7 27.9 27.5 24.4 23.5 26.3 26.8 27.1 31.8 24.4 29.0 26.1 24.7 23.3 23.7 25.7 40.2 33.9 32.0 32.8 34.5 35.3 33.0 34.5 34.6 31.6 33.2 31.0 28.3 31.9 33.1 30.7 32.2 
Direction:  n n n n n n n n n n n n n n n n n n n n n n n n n n n n n n n n n n n n n n n n n n n n n n n n n n n n n n n n n n n n n n n n n n n n n n n n n n n n n n n n n n n n n n n n n n n n n n n n n n n n n n n n n n n n n n n n n n n n n n n n n n n n n n n n n n n n n n n n n n n n n n n n n n n n n n n n n n n n n n n n n n n n n n n n n n n n n n n n n n n n n n n n n n n n n n n n n n n n n n n n

54.6: Count:   0.3 (  0.3) A:  17.1 [16-31] B:  30.2 [16-95] Phase: 60% 66 (36.1) Direction:  {40 140}  29% 77 (25.5) Direction:  {49 131}
Phase: {42,46,34,46,33,30,39,49,33,53,39,34,43,68,66,37,38,54,48,33,45,46,56,53,62,55,45,64,68,66,71,50,70,80,76,84,79,79,112,84,101,129,92,113,110,137,104,121,86,130,137,140,133,152,144,163,131,157,162,150,180,170,167,189,141,198,191,197,197,176,177,177,214,199,158,172,178,191,162,188,169,177,134,150,187,164,174,132,158,107,191,119,123,137,132,100,149,139,116,112,92,108,105,81,91,101,88,60,82,72,69,66,76,63,67,59,60,58,54,44,49,40,52,48,52,17,35,19,35,24,20,36,17,25,22,18,12,19,19,22,17,18,24,11,20,13,10,17,23,20,17,13,17,8,11,12,12,7,8,17,12,7,9,8,6,7,7,9,7,6,4,6,5,6,5,2,3,6,5,5,5,8,5,7,1,2,3,2,0,2,6,6,2,3,4,4,2,4,3,3,0,3,4,5,2,4,6,1,0,2,4,2,2,4,2,4,4,1,6,2,9,5,5,4,2,9,2,7,7,8,8,2,2,10,6,8,13,7,6,11,13,12,7,12,8,6,19,13,11,17,20,15,19,24,19,20,27,14,21,20,35,37,30,22,17,24,24,37,23,31,49,27,39,37,39,42,46,48,31,47,43,52,38,38,53,49,65,59,60,39,37,42,60,51,49,49,33,62,55,41,39,43,25,36,45,35,34,30,26,19,25,20,28,17,30,24,27,24,22,28,25,19,25,22,16,15,19,26,18,18,17,14,28,33,27,31,21,27,25,23,21,28,27,38,31,38,36,44,23,30,35,40,35,43,21,20,47,40,38,37}
Count:   0.0   0.1   0.3   1.1   0.8   1.0   0.9   0.8   0.7   0.8   0.6   0.5   0.4   0.3   0.2   0.2   0.2   0.2   0.2   0.2   0.1   0.1   0.1   0.1   0.1   0.1   0.1   0.1   0.1   0.1   0.1   0.1   0.1   0.1   0.1   0.1   0.8   0.8   0.7   0.7   0.7   0.7   0.5   0.4   0.4   0.5   0.4   0.3   0.3   0.3   0.3   0.3   0.2   0.2   0.2   0.1   0.1   0.1   0.1   0.1   0.1   0.1   0.1   0.1   0.5   0.9   0.8   0.6   0.6   0.5   0.6   0.5   0.3   0.3   0.3   0.2   0.2   0.1   0.1   0.1   0.1   0.1   0.1   0.1   0.1   0.1   0.1   0.1   0.1   0.1   0.0   0.1   0.1   0.9   0.8   0.7   0.7   0.7   0.6   0.6   0.5   0.4   0.5   0.4   0.3   0.3   0.2   0.2   0.2   0.2   0.2   0.1   0.1   0.1   0.1   0.1   0.1   0.1   0.1   0.1   0.1   0.3   0.7   0.7   0.6   0.7   0.5   0.5   0.3   0.4   0.3   0.2   0.3   0.2   0.2   0.2   0.0   0.1   0.1   0.0   0.1   0.1   0.1   0.1   0.1   0.1   0.1   0.1   0.1   0.0   0.9   0.8   0.8   0.8   0.6   0.6   0.5   0.6   0.4   0.3   0.3   0.4   0.2   0.2   0.2   0.2   0.1   0.2   0.1   0.1   0.1   0.1   0.1   0.1   0.1   0.1   0.1   0.1   0.1   0.1   0.1   0.1   0.1   0.8   0.8   0.7   0.7   0.8   0.7   0.6   0.6   0.5   0.4   0.4   0.3   0.3   0.3   0.2   0.2   0.2 
B: 33.5 23.6 32.2 32.4 32.0 34.7 31.4 32.3 29.5 30.3 31.3 27.4 29.0 28.0 27.0 26.6 27.1 26.0 24.0 23.3 27.8 27.3 24.4 23.9 22.8 23.2 28.2 26.4 27.6 30.0 24.7 24.9 24.1 26.4 24.0 24.9 32.5 33.7 33.5 31.9 32.7 30.8 30.4 28.7 29.7 28.0 28.2 28.3 28.0 25.4 27.0 26.3 24.8 24.7 28.2 35.0 26.7 25.0 29.5 24.8 26.4 23.7 23.5 25.8 34.9 31.6 31.3 31.2 29.8 29.7 29.4 27.1 28.7 23.9 25.7 26.7 26.5 24.2 26.8 26.0 27.0 25.5 33.8 26.5 26.2 26.0 25.5 26.2 27.8 24.4 26.5 24.2 25.4 37.2 31.2 33.2 31.8 31.2 28.9 32.3 30.5 28.1 32.6 27.0 27.5 27.4 27.4 25.5 25.8 26.0 26.0 26.2 25.9 28.8 24.5 26.9 24.4 25.0 26.0 26.5 27.0 36.6 31.8 33.0 29.9 29.3 29.9 28.8 30.8 27.3 24.8 25.4 24.5 25.6 24.3 33.4 25.2 28.1 23.8 25.7 27.2 29.0 26.7 23.4 27.6 28.9 29.0 24.7 26.6 25.2 33.6 34.4 31.0 31.2 32.2 31.3 30.5 30.3 28.4 27.0 26.8 28.0 26.4 24.3 27.6 26.8 22.0 24.7 25.0 24.3 28.0 27.0 25.2 26.3 27.4 23.5 25.9 26.3 23.3 26.1 29.3 31.2 22.7 38.2 33.8 33.5 31.4 32.4 33.4 33.2 34.2 32.3 33.2 31.4 32.1 29.7 28.1 28.0 26.7 25.5 
Direction:  n n n n n n n n n n n n n n n n n n n n n n n n n n n n n n n n n n n n n n n n n n n n n n n n n n n n n n n n n n n n n n n n n n n n n n n n n n n n n n n n n n n n n n n n n n n n n n n n n n n n n n n n n n n n n n n n n n n n n n n n n n n n n n n n n n n n n n n n n n n n n n n n n n n n n n n n n n n n n n n n n n n n n n n n n n n n n n n n n n n n n n n n n n n n n n n n n n n n n n n n

54.7: Count:   0.4 (  0.4) A:  17.2 [16-29] B:  29.8 [16-88] Phase: 70% 69 (34.9) Direction:  {43 137}  23% 78 (23.3) Direction:  {50 130}
Phase: {45,40,58,54,56,43,51,51,45,54,53,59,63,58,50,52,55,64,51,62,59,82,60,83,90,81,57,102,113,95,76,91,106,99,126,110,96,105,130,129,112,120,131,156,133,192,160,169,144,178,197,170,213,183,206,212,191,229,215,225,218,198,225,214,228,219,245,238,256,243,226,236,282,234,271,272,227,264,261,207,229,267,229,236,232,203,204,213,221,187,240,181,218,227,176,169,206,146,180,197,150,140,137,130,141,128,109,139,128,98,107,103,128,84,86,83,72,68,73,61,49,72,63,78,66,49,67,48,54,33,61,31,47,31,43,39,37,29,25,39,31,30,23,11,28,24,28,16,18,19,12,16,13,17,10,17,12,9,17,12,17,10,10,16,11,15,11,7,3,7,8,4,12,6,6,9,15,4,6,2,8,5,6,4,4,4,5,9,3,4,10,0,0,0,2,6,4,3,7,2,6,3,6,1,3,4,3,3,0,2,2,0,2,3,1,3,5,0,2,2,5,4,0,0,0,10,1,5,1,4,4,2,2,7,7,7,3,5,10,8,8,4,11,8,1,6,6,3,13,7,11,9,23,13,4,24,16,24,11,22,21,32,25,27,24,29,28,31,19,25,44,38,42,35,38,39,44,55,55,49,45,43,43,42,36,55,39,39,48,30,56,37,49,29,31,51,28,47,31,39,38,29,24,24,30,32,37,25,18,21,17,14,22,25,14,18,26,19,11,16,15,12,21,14,22,20,14,19,12,23,31,26,21,33,12,37,26,13,40,33,26,52,30,37,35,27,40,29,44,44,53,39,34,48,37,33,44,42,30,44}
Count:   0.1   0.0   0.2   1.3   1.1   1.4   1.3   1.0   0.9   0.9   0.8   0.6   0.5   0.5   0.5   0.4   0.2   0.3   0.2   0.2   0.2   0.2   0.1   0.1   0.1   0.1   0.1   0.1   0.1   0.0   0.1   0.0   0.1   0.1   0.0   0.1   1.0   1.0   1.0   1.1   1.0   0.8   0.8   0.6   0.7   0.5   0.5   0.5   0.3   0.3   0.3   0.3   0.3   0.2   0.2   0.1   0.0   0.1   0.1   0.1   0.1   0.1   0.1   0.1   0.6   1.2   1.0   0.9   0.8   0.7   0.7   0.5   0.6   0.4   0.3   0.2   0.2   0.2   0.2   0.0   0.1   0.1   0.0   0.1   0.0   0.1   0.0   0.1   0.1   0.1   0.1   0.0   0.0   1.1   1.0   1.2   1.1   0.8   1.0   0.8   0.8   0.7   0.7   0.5   0.4   0.4   0.3   0.3   0.3   0.2   0.2   0.2   0.1   0.1   0.1   0.1   0.1   0.1   0.1   0.1   0.1   0.5   1.1   0.9   0.9   0.9   0.6   0.6   0.5   0.5   0.2   0.3   0.3   0.2   0.2   0.2   0.1   0.1   0.1   0.1   0.1   0.1   0.1   0.1   0.1   0.1   0.0   0.1   0.1   0.0   1.1   1.0   1.1   1.0   0.9   0.8   0.7   0.8   0.5   0.5   0.5   0.5   0.3   0.3   0.2   0.3   0.2   0.2   0.2   0.1   0.1   0.0   0.1   0.1   0.1   0.1   0.1   0.1   0.1   0.0   0.1   0.1   0.1   0.9   1.3   1.1   0.9   1.0   0.9   0.8   0.6   0.6   0.6   0.4   0.5   0.3   0.3   0.3   0.2   0.2 
B: 25.0 22.6 31.9 32.7 31.9 32.8 32.8 32.9 30.2 28.1 31.5 28.7 27.0 27.0 25.9 28.4 24.5 25.9 24.8 24.4 23.5 26.4 23.5 26.4 27.1 23.4 26.8 27.1 25.8 24.9 25.0 28.0 24.2 27.9 24.0 27.2 34.3 33.2 31.4 31.4 32.7 29.6 29.0 29.0 29.8 27.3 27.1 24.7 25.5 25.4 23.5 25.6 24.9 27.6 23.5 35.2 29.5 25.4 27.8 23.9 22.7 25.2 27.0 27.0 31.4 32.6 31.7 29.6 29.0 27.5 26.3 26.5 26.8 28.1 24.3 23.8 25.8 25.5 23.1 25.7 24.2 27.1 24.6 23.2 25.9 27.4 27.0 23.9 25.4 26.7 26.6 27.6 23.6 34.7 31.7 33.3 32.2 30.4 29.1 29.2 30.2 29.4 28.3 27.7 28.4 25.1 26.4 25.7 24.4 24.9 23.9 24.9 25.0 24.8 27.9 26.5 26.5 23.7 27.1 23.6 23.4 33.9 30.8 31.5 31.0 29.6 29.7 26.5 27.2 27.6 25.4 25.0 27.0 25.2 25.9 29.2 26.9 24.7 22.9 23.9 26.0 27.9 27.2 31.6 23.3 29.3 27.0 25.8 24.6 23.5 32.7 33.6 33.2 31.4 31.2 28.5 31.6 29.3 28.1 27.8 27.1 26.8 26.4 25.1 25.3 25.9 24.7 23.2 24.7 24.7 29.5 25.1 24.3 28.6 27.9 25.4 22.7 23.6 22.6 31.9 25.1 26.6 26.8 34.2 34.7 31.6 31.3 33.4 33.6 33.2 33.3 31.0 31.7 29.8 30.1 29.1 25.8 24.9 24.6 26.8 
Direction:  n n n n n n n n n n n n n n n n n n n n n n n n n n n n n n n n n n n n n n n n n n n n n n n n n n n n n n n n n n n n n n n n n n n n n n n n n n n n n n n n n n n n n n n n n n n n n n n n n n n n n n n n n n n n n n n n n n n n n n n n n n n n n n n n n n n n n n n n n n n n n n n n n n n n n n n n n n n n n n n n n n n n n n n n n n n n n n n n n n n n n n n n n n n n n n n n n n n n n n n n

54.8: Count:   0.5 (  0.5) A:  17.3 [16-32] B:  29.7 [16-101] Phase: 76% 73 (33.5) Direction:  {45 135}  16% 72 (24.3) Direction:  {45 135}
Phase: {64,46,56,73,59,55,31,70,56,51,39,51,51,47,70,75,64,74,74,77,77,73,97,75,64,87,99,103,91,134,118,120,130,125,136,134,151,156,138,150,161,161,161,202,174,209,195,242,208,210,236,203,257,231,237,270,255,279,289,298,319,283,328,287,258,270,263,256,296,299,317,252,348,294,305,368,299,306,265,300,305,299,282,309,298,288,280,244,287,237,381,188,257,252,214,216,212,200,210,225,209,178,187,183,190,201,175,158,155,113,153,144,116,157,137,125,113,106,108,98,117,112,112,62,71,58,73,61,75,42,67,57,45,44,39,49,36,31,29,32,25,28,40,23,17,27,18,20,16,16,20,7,19,23,10,12,14,8,3,12,8,16,11,11,8,11,9,5,3,4,12,11,6,7,2,7,2,4,2,1,12,3,3,1,5,12,1,0,1,2,5,4,3,1,1,2,0,4,5,5,4,3,5,0,3,0,2,5,2,2,3,8,1,0,1,1,0,0,0,2,8,1,4,4,2,3,2,6,4,3,5,1,1,0,12,7,4,2,2,8,6,13,6,10,6,7,10,7,10,9,4,12,9,19,13,18,15,12,19,12,14,11,15,19,21,10,36,35,37,31,36,20,43,21,41,34,33,43,21,45,37,47,29,50,27,42,39,38,63,49,30,32,35,39,35,29,23,36,37,28,30,25,27,26,19,20,21,18,27,22,19,18,22,26,8,23,10,15,29,16,16,19,23,31,24,19,22,14,25,26,25,24,19,20,23,22,23,22,25,38,27,32,45,39,32,29,38,38,43,28,26,44,55,50,47,42,46,30,57,35}
Count:   0.0   0.0   0.3   1.4   1.4   1.5   1.6   1.2   1.1   1.1   0.9   0.7   0.5   0.6   0.5   0.4   0.3   0.3   0.3   0.2   0.2   0.2   0.0   0.1   0.1   0.1   0.1   0.0   0.0   0.1   0.1   0.1   0.1   0.0   0.1   0.0   1.2   1.3   1.2   1.2   1.2   1.2   1.1   0.9   0.8   0.8   0.7   0.5   0.5   0.4   0.4   0.4   0.3   0.2   0.2   0.1   0.1   0.1   0.1   0.1   0.1   0.1   0.1   0.1   0.7   1.4   1.3   0.9   1.0   0.9   0.8   0.7   0.6   0.5   0.3   0.3   0.4   0.2   0.2   0.0   0.1   0.1   0.0   0.0   0.0   0.0   0.0   0.0   0.1   0.1   0.1   0.1   0.1   1.3   1.1   1.3   1.4   1.0   1.1   1.0   0.9   0.8   0.8   0.7   0.6   0.4   0.4   0.3   0.3   0.2   0.1   0.2   0.1   0.0   0.1   0.1   0.1   0.0   0.1   0.1   0.1   0.4   1.2   1.3   1.1   1.1   0.8   0.7   0.6   0.6   0.4   0.5   0.3   0.2   0.2   0.2   0.0   0.1   0.1   0.1   0.1   0.1   0.1   0.1   0.1   0.1   0.0   0.0   0.1   0.1   1.3   1.4   1.2   1.2   1.1   0.9   1.0   1.0   0.7   0.6   0.5   0.5   0.5   0.3   0.3   0.2   0.2   0.2   0.2   0.1   0.1   0.1   0.1   0.1   0.1   0.1   0.1   0.1   0.1   0.0   0.1   0.1   0.1   0.9   1.4   1.2   1.1   1.2   1.1   1.0   0.8   0.7   0.7   0.7   0.6   0.5   0.4   0.4   0.3   0.2 
B: 25.7 20.1 31.2 35.6 32.4 32.1 32.9 30.8 30.2 29.1 28.6 27.7 26.0 26.6 27.0 27.0 23.9 24.2 24.9 24.5 24.6 25.2 29.7 23.9 25.7 25.5 25.7 22.2 26.7 24.5 26.0 26.0 24.8 22.7 24.3 24.5 32.7 32.2 31.5 31.8 30.5 29.9 29.4 29.1 29.7 27.5 28.2 24.4 25.1 24.4 23.1 24.3 23.7 25.9 23.3 39.4 25.7 24.0 24.0 23.6 21.8 23.3 27.5 25.5 34.3 33.1 33.0 30.7 28.7 30.5 26.2 26.7 27.7 24.5 23.8 23.0 23.5 22.0 23.6 28.5 24.8 24.4 23.6 26.0 28.3 27.0 20.6 24.3 27.3 25.6 27.8 25.9 25.6 33.6 32.2 33.2 31.4 31.6 30.7 29.5 29.7 28.2 26.9 25.6 25.0 25.4 23.9 23.5 24.4 22.5 25.4 23.2 25.1 21.4 27.8 23.8 23.3 26.5 24.2 23.0 25.0 31.3 31.5 31.2 31.0 30.4 30.6 28.2 27.2 27.0 25.0 24.6 25.4 26.6 24.6 25.4 23.7 24.3 25.2 25.4 24.1 25.7 29.2 27.9 27.3 23.4 29.5 24.3 27.5 25.2 33.1 32.5 32.0 30.7 30.3 29.3 28.8 29.3 27.3 27.8 27.2 27.3 27.6 24.4 24.5 25.2 23.5 25.3 24.8 26.8 24.0 25.0 26.3 23.6 23.4 24.0 22.5 25.4 27.9 28.2 24.6 23.6 27.7 35.5 33.8 31.9 32.1 32.9 33.3 33.2 33.2 31.4 31.9 29.5 30.8 27.0 26.5 25.7 28.1 25.4 
Direction:  n n n n n n n n n n n n n n n n n n n n n n n n n n n n n n n n n n n n n n n n n n n n n n n n n n n n n n n n n n n n n n n n n n n n n n n n n n n n n n n n n n n n n n n n n n n n n n n n n n n n n n n n n n n n n n n n n n n n n n n n n n n n n n n n n n n n n n n n n n n n n n n n n n n n n n n n n n n n n n n n n n n n n n n n n n n n n n n n n n n n n n n n n n n n n n n n n n n n n n n n

54.9: Count:   0.5 (  0.5) A:  17.3 [16-32] B:  31.3 [16-89] Phase: 100% 74 (27.9) Direction:  {46 134}
Phase: {51,30,40,40,33,35,37,50,43,38,56,57,53,55,42,63,62,58,69,49,73,93,92,52,88,86,62,79,87,92,102,93,92,111,117,119,98,129,185,119,116,206,158,220,170,212,176,250,201,217,239,277,276,237,291,307,307,310,321,307,374,283,310,413,296,343,349,315,393,372,352,318,447,387,340,365,387,417,340,392,373,419,372,401,303,377,363,316,348,287,388,312,348,278,262,282,242,253,267,244,225,243,201,206,194,223,181,164,149,139,137,133,144,135,137,132,84,100,96,81,79,63,55,72,50,50,77,47,47,52,48,34,41,56,23,32,33,46,34,17,27,15,12,13,22,9,25,10,23,13,31,12,7,17,11,15,11,7,7,7,4,2,11,8,5,3,1,6,6,6,5,7,6,8,4,1,2,0,3,1,2,1,7,1,0,1,0,0,0,2,2,1,0,1,0,3,1,0,2,1,0,0,0,0,3,1,0,4,3,2,0,0,0,0,1,1,2,2,1,0,3,4,1,2,0,2,4,2,1,6,0,2,3,0,0,0,3,3,4,1,1,6,5,6,0,1,3,5,2,0,3,4,8,2,2,4,3,10,5,1,3,5,3,15,6,10,9,6,10,12,10,9,12,8,17,13,16,13,11,10,18,21,14,15,13,19,19,15,25,24,11,16,18,20,13,20,14,23,18,17,26,13,20,19,22,14,13,15,15,8,11,18,8,16,11,13,12,20,5,7,23,8,13,14,13,14,16,6,7,12,15,12,15,23,15,12,13,7,20,20,10,23,28,21,22,33,24,26,22,36,33,19,25,32,31,29,35,51,41,28}
Count:   0.0   0.0   0.3   1.7   1.4   1.5   1.7   1.3   1.3   1.2   0.9   0.7   0.6   0.6   0.6   0.4   0.3   0.3   0.3   0.2   0.2   0.1   0.0   0.0   0.0   0.0   0.0   0.0   0.0   0.0   0.0   0.0   0.1   0.0   0.1   0.0   1.2   1.6   1.1   1.2   1.2   1.1   1.1   1.0   0.8   0.9   0.6   0.4   0.4   0.4   0.4   0.3   0.3   0.2   0.2   0.0   0.0   0.1   0.0   0.0   0.1   0.0   0.0   0.0   0.7   1.4   1.2   1.2   1.0   1.0   0.9   0.7   0.7   0.4   0.4   0.3   0.2   0.2   0.1   0.1   0.0   0.0   0.0   0.0   0.0   0.0   0.0   0.1   0.0   0.0   0.0   0.0   0.0   1.6   1.2   1.3   1.5   1.2   1.2   0.9   1.0   0.9   0.7   0.7   0.6   0.5   0.5   0.3   0.3   0.3   0.2   0.2   0.1   0.1   0.0   0.1   0.0   0.0   0.0   0.0   0.1   0.5   1.4   1.4   1.3   1.1   0.9   0.7   0.6   0.6   0.3   0.4   0.3   0.2   0.2   0.2   0.0   0.1   0.0   0.1   0.0   0.0   0.0   0.1   0.0   0.0   0.0   0.1   0.1   0.0   1.2   1.3   1.0   1.2   1.1   1.0   1.0   1.1   0.8   0.7   0.6   0.5   0.4   0.4   0.2   0.3   0.2   0.1   0.2   0.1   0.0   0.0   0.0   0.0   0.0   0.0   0.0   0.0   0.0   0.0   0.0   0.0   0.0   0.9   1.2   1.3   1.0   1.3   1.0   1.0   0.8   1.0   0.8   0.6   0.6   0.5   0.4   0.4   0.4   0.3 
B: 23.2 20.6 35.3 36.2 34.7 34.4 34.0 33.3 32.7 30.9 30.3 30.9 27.1 27.7 25.7 27.2 24.0 24.8 24.4 27.3 25.0 26.7 27.2 25.8 24.0 28.6 22.3 22.1 21.7 21.7 24.8 26.8 23.9 23.2 25.0 23.6 34.1 33.8 32.7 33.8 32.4 31.4 31.1 31.1 31.7 29.3 28.0 26.7 26.8 26.3 25.4 25.5 25.0 24.8 23.4 25.1 24.0 21.4 25.8 21.7 24.1 21.0 22.5 26.7 36.6 34.9 34.2 31.9 30.9 30.3 29.2 28.7 28.5 23.9 25.6 24.8 23.5 22.2 22.7 21.6 24.0 29.3 32.4 25.4 22.5 21.0 22.4 27.6 22.5 20.0 24.5 22.8 24.0 36.1 33.5 34.7 32.2 34.8 31.4 31.8 29.0 29.9 29.0 28.6 28.4 25.3 24.8 24.9 23.2 23.1 22.9 23.1 26.7 21.4 22.0 28.2 21.8 19.7 26.2 28.0 23.6 33.5 33.8 32.8 33.0 32.4 31.3 28.9 27.6 28.7 26.3 25.3 24.4 24.1 25.7 27.5 24.8 22.8 22.8 26.5 23.5 24.7 22.6 22.5 24.4 23.3 27.0 24.1 25.6 28.1 34.9 33.0 34.2 33.2 30.3 31.5 30.6 31.2 28.9 27.9 27.9 28.3 28.7 25.8 25.6 26.2 24.7 22.8 24.5 25.2 20.8 27.0 19.3 25.5 21.4 25.3 22.1 25.0 30.9 28.4 27.0 24.8 27.8 35.4 36.4 33.6 36.2 35.4 35.5 36.1 34.6 34.8 31.9 32.0 31.5 28.6 30.3 26.4 28.0 25.6 
Direction:  n n n n n n n n n n n n n n n n n n n n n n n n n n n n n n n n n n n n n n n n n n n n n n n n n n n n n n n n n n n n n n n n n n n n n n n n n n n n n n n n n n n n n n n n n n n n n n n n n n n n n n n n n n n n n n n n n n n n n n n n n n n n n n n n n n n n n n n n n n n n n n n n n n n n n n n n n n n n n n n n n n n n n n n n n n n n n n n n n n n n n n n n n n n n n n n n n n n n n n n n

55.0: Count:   0.5 (  0.5) A:  17.3 [16-32] B:  32.0 [16-94] Phase: 100% 75 (24.7) Direction:  {47 133}
Phase: {47,24,42,33,26,34,47,33,35,35,40,35,28,32,28,39,47,42,55,45,48,49,51,36,71,76,58,70,88,94,99,99,84,95,96,107,131,102,117,179,153,171,123,169,194,232,173,235,212,243,263,209,273,266,282,294,271,317,318,378,377,292,348,414,310,379,383,353,465,365,439,394,425,419,419,454,412,410,393,405,366,441,349,394,364,337,378,401,395,337,431,301,333,328,288,300,285,329,221,265,268,206,208,234,182,173,162,195,164,132,154,128,138,119,108,91,99,102,80,62,69,55,65,35,65,57,37,34,36,23,24,26,16,21,22,37,9,14,19,14,16,11,16,15,18,12,12,13,4,9,6,9,5,8,11,9,9,8,4,6,0,0,7,6,1,2,1,5,1,1,1,0,0,2,6,1,0,0,0,1,3,0,0,2,2,1,2,0,1,0,0,1,3,0,1,1,2,0,1,0,0,1,0,0,2,1,0,0,0,0,0,1,1,0,0,0,0,1,0,0,2,0,0,1,0,0,0,3,0,0,0,2,0,0,2,0,0,1,2,0,0,0,0,0,0,1,0,2,0,4,0,0,1,1,0,0,0,0,1,1,0,2,1,0,0,1,0,2,2,0,2,0,0,1,3,1,5,0,1,1,4,4,2,1,1,3,4,5,5,2,2,1,8,1,12,5,7,10,2,2,8,2,6,3,2,3,0,7,7,4,10,2,10,4,5,9,3,8,4,10,13,6,2,10,13,11,11,6,6,7,3,13,4,10,11,9,10,3,9,9,10,7,15,10,13,9,20,20,17,14,13,15,18,19,20,27,16,28,25,29}
Count:   0.0   0.0   0.3   1.7   1.5   1.4   1.5   1.2   1.2   1.0   0.9   0.9   0.6   0.7   0.5   0.4   0.4   0.3   0.3   0.2   0.2   0.2   0.0   0.0   0.0   0.0   0.0   0.0   0.0   0.0   0.0   0.0   0.0   0.0   0.0   0.0   1.3   1.5   1.2   1.2   1.0   1.2   1.0   1.0   0.9   0.7   0.7   0.5   0.4   0.5   0.3   0.2   0.3   0.2   0.1   0.0   0.0   0.0   0.0   0.0   0.0   0.1   0.0   0.0   0.7   1.3   1.3   1.0   1.0   1.0   0.7   0.7   0.7   0.5   0.4   0.3   0.3   0.1   0.2   0.0   0.0   0.0   0.0   0.0   0.0   0.0   0.0   0.0   0.0   0.0   0.0   0.0   0.0   1.4   1.3   1.1   1.4   1.1   1.3   1.0   1.0   0.8   0.8   0.6   0.6   0.4   0.4   0.3   0.2   0.2   0.2   0.1   0.1   0.0   0.0   0.0   0.0   0.0   0.1   0.0   0.0   0.5   1.4   1.3   1.1   1.1   0.9   0.8   0.6   0.6   0.5   0.3   0.2   0.3   0.2   0.2   0.0   0.0   0.0   0.0   0.0   0.0   0.0   0.0   0.0   0.0   0.0   0.0   0.0   0.0   1.2   1.4   1.1   1.3   1.1   1.1   1.0   0.9   0.8   0.6   0.6   0.6   0.5   0.4   0.2   0.2   0.2   0.1   0.2   0.1   0.0   0.0   0.0   0.0   0.0   0.0   0.0   0.0   0.0   0.0   0.0   0.0   0.0   0.8   1.4   1.3   1.2   1.1   1.1   0.9   0.9   0.9   0.6   0.6   0.6   0.6   0.3   0.3   0.3   0.2 
B: 26.0 19.0 31.4 35.0 34.9 35.4 35.0 33.2 32.3 33.3 32.8 31.4 28.5 29.6 28.7 27.9 25.3 24.0 26.4 22.5 25.1 27.3 23.1 27.8 20.1 25.0 28.2 26.3 20.2 20.0 26.0 17.0 20.4 22.3 24.4 22.5 36.0 36.0 33.7 33.9 33.2 32.5 31.3 32.4 30.5 30.4 29.3 28.5 26.2 26.1 26.7 25.6 26.7 24.3 24.8 24.4 27.0 22.9 26.3 26.0 21.2 30.4 33.6 20.7 34.8 34.4 34.3 31.7 32.3 31.3 31.0 30.1 28.3 26.0 24.5 26.8 25.1 23.8 23.3 20.6 25.7 31.9 25.2 31.5 28.0 23.0 30.5 22.2 21.0 25.5 24.5 26.0 24.2 37.7 33.0 34.5 33.4 33.8 32.6 32.7 30.2 30.0 29.5 29.4 27.3 26.5 25.9 27.9 23.7 24.2 25.2 24.1 32.0 26.2 19.8 22.7 16.0 32.6 27.0 24.5 32.0 36.7 34.6 33.7 32.8 31.1 32.0 29.6 29.8 26.9 25.6 26.3 25.6 26.6 22.1 30.5 24.0 33.4 23.7 22.0 26.0 25.6 23.0 25.3 23.0 24.6 26.5 33.0 22.6 23.2 36.3 35.4 34.2 34.8 31.8 31.7 31.3 31.4 30.3 30.1 27.6 27.0 25.7 28.5 25.3 25.6 27.2 27.7 24.2 26.2 20.0 21.0 19.0 24.8 22.4 29.3 24.1 22.5 27.7 22.0 22.5 20.2 28.6 36.0 35.9 35.4 34.2 35.1 36.1 35.0 35.7 35.6 33.3 32.2 30.8 29.8 28.7 28.6 27.0 24.8 
Direction:  n n n n n n n n n n n n n n n n n n n n n n n n n n n n n n n n n n n n n n n n n n n n n n n n n n n n n n n n n n n n n n n n n n n n n n n n n n n n n n n n n n n n n n n n n n n n n n n n n n n n n n n n n n n n n n n n n n n n n n n n n n n n n n n n n n n n n n n n n n n n n n n n n n n n n n n n n n n n n n n n n n n n n n n n n n n n n n n n n n n n n n n n n n n n n n n n n n n n n n n n

55.1: Count:   0.5 (  0.5) A:  17.5 [16-34] B:  30.9 [16-91] Phase: 88% 76 (26.9) Direction:  {47 133}  10% 63 (15.3) Direction:  {38 142}
Phase: {34,33,25,40,33,34,34,53,27,38,51,33,28,45,48,42,52,59,77,73,73,85,57,76,86,87,89,111,113,115,131,144,108,127,132,165,169,142,173,163,186,200,203,259,224,279,220,238,229,277,322,274,310,286,260,358,330,342,370,333,349,420,374,409,361,441,411,441,352,470,428,430,471,433,465,452,440,431,411,455,451,430,395,466,413,396,388,400,386,310,428,347,371,320,321,338,273,313,282,256,250,275,253,232,237,225,204,231,194,157,188,166,166,169,138,139,105,115,100,118,130,73,78,93,81,99,73,81,55,39,57,39,32,53,32,51,30,47,15,21,31,12,11,25,24,13,22,18,11,19,22,9,11,15,4,6,14,2,6,9,9,3,6,3,3,6,9,7,1,2,4,1,1,4,1,2,1,2,0,0,2,0,0,0,0,0,1,2,3,0,2,1,0,2,2,0,0,0,0,0,0,2,3,0,0,2,0,2,0,0,0,0,0,0,0,0,2,0,0,2,1,0,1,0,0,3,0,4,0,0,0,1,0,1,1,0,1,0,0,0,0,2,2,3,3,1,2,0,0,5,4,2,4,3,3,3,0,1,2,2,6,2,0,6,0,2,3,3,3,8,10,5,3,12,5,8,10,12,8,4,1,6,14,10,10,9,9,4,11,5,5,11,12,3,19,11,8,6,21,13,9,8,9,6,17,24,8,7,12,4,4,9,8,15,5,9,11,6,8,10,17,6,7,14,10,14,18,10,19,12,12,6,12,14,14,5,7,14,20,18,20,17,20,25,15,15,19,15,15,16,18,28,20,25,24,18,25,30,33,28}
Count:   0.0   0.0   0.2   1.8   1.6   1.3   1.6   1.5   1.4   1.1   1.1   0.9   0.7   0.7   0.6   0.6   0.4   0.4   0.2   0.2   0.2   0.2   0.1   0.0   0.0   0.0   0.0   0.0   0.0   0.0   0.0   0.0   0.0   0.0   0.0   0.0   1.3   1.8   1.5   1.3   1.2   1.3   1.2   1.1   1.1   1.1   0.7   0.7   0.5   0.5   0.4   0.3   0.3   0.3   0.2   0.0   0.0   0.0   0.1   0.0   0.0   0.0   0.0   0.0   0.6   1.5   1.4   1.3   1.3   1.0   0.9   0.8   0.8   0.6   0.5   0.3   0.3   0.2   0.2   0.0   0.0   0.0   0.0   0.0   0.0   0.0   0.0   0.0   0.0   0.0   0.0   0.0   0.0   1.6   1.6   1.5   1.5   1.2   1.4   1.1   1.2   1.1   0.8   0.7   0.7   0.5   0.4   0.4   0.3   0.2   0.2   0.2   0.1   0.0   0.1   0.0   0.0   0.0   0.1   0.0   0.0   0.6   1.5   1.5   1.5   1.2   1.0   0.9   0.8   0.7   0.6   0.6   0.4   0.3   0.3   0.2   0.0   0.0   0.0   0.0   0.0   0.0   0.0   0.0   0.0   0.0   0.0   0.0   0.0   0.0   1.1   1.4   1.6   1.5   1.1   1.2   1.3   1.0   0.9   0.8   0.6   0.5   0.6   0.5   0.3   0.3   0.2   0.2   0.3   0.0   0.0   0.0   0.0   0.0   0.0   0.0   0.0   0.0   0.1   0.0   0.0   0.0   0.0   0.9   1.3   1.6   1.3   1.4   1.2   1.2   1.1   1.0   0.7   0.7   0.7   0.6   0.4   0.3   0.3   0.3 
B: 22.8 19.5 27.1 34.2 35.1 34.1 33.8 33.5 32.0 31.6 32.2 30.5 29.0 28.3 26.0 26.2 26.4 24.6 24.6 24.0 23.6 25.5 21.2 24.2 26.3 21.8 22.2 20.3 22.0 20.4 26.4 18.6 20.2 25.6 24.3 23.1 34.0 34.6 34.9 32.8 32.0 31.9 30.0 30.4 31.4 29.6 27.5 27.4 25.9 26.0 23.1 25.8 26.5 24.0 22.1 22.6 27.0 28.5 25.8 21.0 24.0 22.9 21.5 20.3 35.1 33.4 31.7 31.0 31.8 30.2 29.6 26.9 27.5 25.7 25.8 25.1 24.7 25.3 24.4 19.7 21.0 25.4 24.3 20.5 23.7 23.0 23.7 22.6 29.4 27.2 23.0 23.4 23.6 36.7 32.4 33.4 33.1 32.0 31.1 31.3 29.6 27.3 29.5 27.4 27.8 26.8 24.6 23.9 23.7 24.5 25.7 23.0 24.2 21.3 22.8 19.8 21.0 25.7 23.1 19.8 28.6 35.9 33.0 32.5 31.4 31.0 29.9 29.6 29.3 26.2 26.3 24.9 24.0 25.5 24.1 29.1 17.5 30.0 31.5 21.4 18.5 20.4 28.8 24.1 25.1 23.7 20.4 24.0 25.6 17.0 33.4 33.8 33.3 34.9 32.3 33.2 31.0 31.2 29.8 28.4 27.2 25.0 26.1 26.4 25.7 25.6 23.4 22.8 24.0 25.5 20.6 23.8 28.3 26.8 26.8 20.2 24.5 20.1 26.7 20.5 20.2 26.6 25.2 36.0 34.3 35.1 32.8 34.7 34.1 33.0 35.2 33.5 31.4 30.5 30.9 27.9 29.3 27.1 25.7 24.0 
Direction:  n n n n n n n n n n n n n n n n n n n n n n n n n n n n n n n n n n n n n n n n n n n n n n n n n n n n n n n n n n n n n n n n n n n n n n n n n n n n n n n n n n n n n n n n n n n n n n n n n n n n n n n n n n n n n n n n n n n n n n n n n n n n n n n n n n n n n n n n n n n n n n n n n n n n n n n n n n n n n n n n n n n n n n n n n n n n n n n n n n n n n n n n n n n n n n n n n n n n n n n n

55.2: Count:   0.7 (  0.7) A:  17.7 [16-31] B:  29.1 [16-86] Phase: 100% 73 (32.8) Direction:  {45 135}
Phase: {68,32,44,68,62,62,61,90,57,96,70,74,74,111,65,100,111,122,123,134,119,129,145,123,115,127,137,169,190,159,230,199,208,230,246,261,267,259,269,245,314,316,298,347,282,376,315,370,380,360,401,351,383,369,400,445,428,433,456,384,468,451,474,465,387,463,461,433,501,423,493,394,535,533,443,463,464,494,467,466,492,493,457,489,405,371,420,476,469,371,516,385,384,388,384,352,312,376,358,354,332,370,311,361,305,334,279,330,309,229,250,220,262,218,239,225,211,220,201,187,179,171,152,124,138,125,139,143,121,100,98,103,88,94,67,81,58,72,48,58,45,42,62,42,55,32,39,33,43,19,22,27,28,22,15,16,11,9,18,21,19,5,13,13,15,7,5,8,4,3,5,12,9,7,1,8,0,3,1,1,2,5,7,3,6,0,1,2,0,0,1,4,1,4,4,4,3,3,4,1,1,0,4,0,2,0,4,0,4,2,9,3,1,1,2,8,4,5,0,6,1,0,2,0,2,1,1,4,5,0,1,1,2,4,0,0,2,1,2,4,4,5,0,4,1,7,8,4,1,2,5,3,3,4,5,9,6,1,6,7,9,6,7,11,9,12,17,14,15,16,25,21,26,15,22,21,33,21,25,22,22,30,35,40,25,43,17,30,35,23,30,32,35,19,27,29,28,21,20,24,19,24,20,47,31,23,25,22,34,14,29,16,20,19,19,19,17,27,19,23,20,20,19,20,34,14,30,21,32,23,28,16,22,18,22,18,23,23,31,34,19,20,47,25,25,22,20,38,26,27,42,35,30,40,40,41,61,56,24,39}
Count:   0.0   0.0   0.3   2.2   2.2   1.8   2.3   1.9   2.0   1.4   1.7   1.3   1.1   1.0   0.9   0.7   0.5   0.5   0.4   0.4   0.3   0.4   0.0   0.0   0.0   0.1   0.1   0.1   0.1   0.1   0.1   0.0   0.0   0.1   0.1   0.0   1.8   2.0   1.7   1.6   1.6   1.9   1.5   1.6   1.4   1.2   1.1   1.0   0.7   0.8   0.6   0.5   0.4   0.4   0.2   0.1   0.1   0.1   0.0   0.0   0.1   0.1   0.1   0.0   0.8   2.1   1.8   1.7   1.6   1.4   1.3   1.2   0.8   0.9   0.7   0.5   0.5   0.4   0.3   0.1   0.0   0.0   0.1   0.0   0.1   0.0   0.0   0.1   0.1   0.0   0.0   0.1   0.0   2.0   2.1   1.8   1.8   1.8   1.7   1.4   1.7   1.3   1.4   1.2   0.9   0.7   0.6   0.6   0.5   0.4   0.3   0.4   0.1   0.1   0.1   0.1   0.1   0.1   0.1   0.1   0.0   0.6   2.0   1.7   1.6   1.5   1.5   1.2   1.1   0.9   0.7   0.7   0.5   0.5   0.5   0.3   0.0   0.1   0.0   0.1   0.0   0.0   0.0   0.0   0.1   0.0   0.1   0.1   0.0   0.1   1.4   1.8   2.0   1.8   1.6   1.4   1.4   1.4   1.4   1.2   0.9   0.7   0.8   0.6   0.5   0.3   0.3   0.3   0.3   0.1   0.0   0.1   0.1   0.0   0.1   0.1   0.1   0.0   0.1   0.0   0.0   0.1   0.0   1.1   1.8   2.0   1.7   1.7   1.6   1.4   1.4   1.4   1.1   1.0   1.0   0.9   0.6   0.5   0.4   0.4 
B: 21.2 21.6 26.9 32.1 32.6 32.0 32.0 30.9 29.3 30.3 30.3 29.1 26.8 27.2 25.5 24.4 24.2 25.4 25.7 22.9 22.7 26.1 23.5 23.5 20.3 21.8 23.8 25.0 22.0 20.9 21.0 21.8 24.3 22.0 23.2 22.6 32.4 32.4 32.7 30.3 30.9 29.5 28.8 29.0 29.0 28.4 27.4 27.5 25.1 24.0 24.3 24.0 24.1 22.4 24.4 33.1 22.6 22.5 24.1 23.0 23.3 23.6 19.4 22.7 32.4 32.3 30.4 30.2 30.6 28.2 28.7 27.2 25.2 24.4 25.2 23.8 26.3 24.1 21.5 24.6 25.1 24.2 21.8 20.5 21.5 25.8 23.7 23.0 23.6 22.0 27.1 23.0 22.3 33.3 31.9 31.3 30.9 30.1 29.3 28.6 29.1 27.3 27.1 26.1 26.1 25.0 25.0 23.3 23.7 25.2 22.5 23.1 24.4 20.4 21.5 20.2 25.9 21.9 22.1 25.2 24.2 34.6 31.5 30.6 30.2 30.6 28.6 27.9 27.3 26.1 24.4 23.6 23.6 23.2 23.5 25.6 24.6 22.9 24.1 22.5 21.0 22.7 25.4 24.7 23.2 21.7 22.4 22.1 18.0 23.8 31.1 31.6 31.5 31.3 31.0 30.0 28.7 28.0 28.0 26.7 25.2 24.8 25.0 23.5 25.2 23.6 23.3 22.6 23.7 22.9 20.2 21.8 23.6 19.2 21.7 26.8 27.7 23.0 23.6 23.2 21.5 23.0 21.7 33.0 32.8 32.5 32.3 33.0 32.5 31.9 33.4 30.7 29.6 31.6 28.8 26.5 27.4 23.9 25.4 25.1 
Direction:  n n n n n n n n n n n n n n n n n n n n n n n n n n n n n n n n n n n n n n n n n n n n n n n n n n n n n n n n n n n n n n n n n n n n n n n n n n n n n n n n n n n n n n n n n n n n n n n n n n n n n n n n n n n n n n n n n n n n n n n n n n n n n n n n n n n n n n n n n n n n n n n n n n n n n n n n n n n n n n n n n n n n n n n n n n n n n n n n n n n n n n n n n n n n n n n n n n n n n n n n

55.3: Count:   0.8 (  0.8) A:  17.7 [16-31] B:  28.5 [16-94] Phase: 100% 73 (34.4) Direction:  {45 135}
Phase: {54,38,41,39,63,64,45,72,65,51,73,59,54,58,75,88,112,109,127,86,111,138,120,175,128,177,131,208,175,208,231,219,230,270,250,274,311,347,386,321,366,393,393,417,394,403,404,518,448,441,503,454,527,429,521,495,476,460,450,549,528,515,500,566,413,547,482,507,510,508,511,442,535,509,458,474,509,494,504,465,501,516,428,497,435,431,421,476,425,439,576,358,440,416,437,442,414,402,430,416,381,379,359,398,305,356,342,384,354,319,348,331,316,295,266,299,230,266,240,236,207,224,217,197,184,211,178,154,154,97,147,110,113,113,92,102,81,75,59,62,78,49,59,41,40,41,22,35,30,39,25,15,30,16,14,10,22,9,15,13,20,15,19,7,12,3,10,5,3,1,6,8,3,5,3,2,7,1,1,1,1,3,0,2,1,1,0,3,2,1,2,0,2,1,1,0,3,0,1,0,4,2,2,0,0,3,0,8,1,0,1,6,0,1,2,2,0,2,1,0,0,2,0,6,1,6,0,0,0,0,2,0,0,3,0,7,0,2,4,0,1,4,2,0,4,0,5,0,2,2,0,1,1,3,0,1,1,0,1,2,0,1,2,3,4,0,7,3,3,9,6,0,4,10,1,5,10,8,4,6,3,6,4,7,15,5,10,2,15,8,9,11,18,20,17,8,24,7,10,9,12,17,6,9,21,13,20,16,29,9,27,13,20,19,16,27,20,22,12,16,18,15,15,25,24,15,24,20,27,23,22,14,19,26,10,20,26,31,27,28,24,38,21,36,37,25,25,31,26,27,51,24,38,31,50,35,34,41,33,43}
Count:   0.0   0.0   0.2   2.6   2.6   2.0   2.5   2.0   2.1   1.6   1.7   1.4   1.1   1.1   0.9   0.8   0.5   0.5   0.5   0.4   0.4   0.2   0.0   0.1   0.0   0.0   0.0   0.0   0.1   0.0   0.0   0.0   0.1   0.0   0.0   0.0   2.2   2.2   1.9   1.8   1.7   2.1   1.8   1.9   1.7   1.4   1.1   1.0   1.0   0.8   0.6   0.6   0.5   0.3   0.3   0.0   0.0   0.1   0.0   0.0   0.0   0.0   0.0   0.0   0.9   2.3   2.0   1.8   1.8   1.5   1.4   1.3   1.0   1.0   0.8   0.6   0.6   0.3   0.2   0.0   0.0   0.0   0.0   0.0   0.0   0.0   0.0   0.0   0.0   0.0   0.1   0.0   0.0   2.2   2.2   1.9   1.9   1.8   2.0   1.6   1.8   1.5   1.4   1.1   1.1   0.9   0.7   0.5   0.7   0.5   0.4   0.3   0.1   0.0   0.0   0.0   0.1   0.1   0.0   0.0   0.0   0.6   2.1   1.9   1.9   1.6   1.6   1.3   1.2   0.8   0.9   0.7   0.7   0.5   0.5   0.3   0.0   0.0   0.0   0.0   0.0   0.0   0.0   0.0   0.0   0.0   0.0   0.0   0.0   0.1   1.6   1.9   2.1   2.1   2.0   1.7   1.7   1.5   1.3   1.3   0.9   0.9   0.8   0.7   0.6   0.4   0.3   0.3   0.3   0.1   0.0   0.0   0.0   0.0   0.0   0.0   0.0   0.1   0.0   0.0   0.0   0.0   0.0   1.2   2.0   2.1   2.0   2.0   1.7   1.7   1.6   1.5   1.2   1.2   1.1   1.0   0.7   0.5   0.5   0.5 
B: 21.2 24.7 25.7 33.3 32.5 31.0 30.7 29.2 29.1 29.8 27.6 27.0 25.8 26.0 25.1 24.1 24.2 23.7 23.1 22.7 22.0 22.3 23.0 21.5 22.7 22.0 23.5 25.0 26.7 22.0 24.2 24.9 26.0 24.4 21.7 24.6 32.3 30.3 30.3 30.2 29.1 29.3 27.9 28.5 27.0 27.6 25.5 25.9 25.2 25.0 23.6 23.7 22.0 21.8 21.9 21.7 20.3 25.2 26.5 21.6 32.4 25.5 22.8 33.2 31.8 32.1 30.1 30.0 28.5 27.7 27.3 26.6 25.3 25.1 23.2 22.4 23.9 23.1 23.6 22.0 23.2 22.6 25.0 20.5 24.1 25.1 25.0 22.1 24.1 23.6 23.2 22.2 19.5 32.2 31.9 29.3 29.6 29.2 29.0 28.4 29.4 26.9 26.7 25.6 25.0 25.1 23.0 24.5 24.2 23.2 21.5 23.3 23.3 27.1 25.5 23.2 21.3 26.7 23.7 19.5 21.5 29.6 30.6 29.5 29.0 29.6 28.9 26.2 26.9 25.0 26.3 25.5 25.9 25.1 24.0 21.5 22.3 25.1 21.0 23.8 28.1 22.6 27.0 25.1 23.3 24.3 22.8 28.8 20.0 22.1 31.3 30.6 30.0 30.6 29.6 28.8 28.6 28.0 26.7 26.5 25.5 25.0 24.3 24.5 23.6 23.7 22.7 21.6 23.7 22.6 23.2 31.3 18.7 21.1 22.0 22.2 25.2 22.3 22.5 22.4 21.1 22.8 20.2 31.6 31.5 31.9 31.2 32.3 33.2 31.7 32.0 30.5 29.0 29.9 28.5 27.8 26.3 24.5 24.7 23.9 
Direction:  n n n n n n n n n n n n n n n n n n n n n n n n n n n n n n n n n n n n n n n n n n n n n n n n n n n n n n n n n n n n n n n n n n n n n n n n n n n n n n n n n n n n n n n n n n n n n n n n n n n n n n n n n n n n n n n n n n n n n n n n n n n n n n n n n n n n n n n n n n n n n n n n n n n n n n n n n n n n n n n n n n n n n n n n n n n n n n n n n n n n n n n n n n n n n n n n n n n n n n n n

55.4: Count:   0.6 (  0.6) A:  17.6 [16-31] B:  29.3 [16-98] Phase: 100% 74 (29.0) Direction:  {46 134}
Phase: {34,38,35,27,24,31,28,41,58,53,34,37,59,50,39,65,66,68,75,74,65,108,80,85,104,93,93,142,163,137,117,175,179,157,185,192,222,204,243,204,263,258,256,326,276,332,268,338,299,321,319,310,390,364,375,400,410,349,374,371,414,417,415,409,414,494,454,456,474,517,424,447,505,495,477,439,432,486,408,500,400,410,385,439,407,386,445,425,428,339,433,360,351,371,324,403,350,320,354,338,304,281,311,294,302,294,281,232,279,236,224,192,214,211,205,166,141,205,172,146,199,154,123,123,113,112,110,83,95,69,78,58,72,76,52,66,39,44,32,32,34,26,29,22,22,32,17,19,17,12,10,17,9,14,3,14,6,5,6,4,6,2,8,6,3,1,2,3,7,2,6,1,2,5,0,4,0,0,0,0,4,0,0,2,1,0,2,2,0,1,3,0,0,0,0,0,2,0,0,0,0,1,0,0,3,0,0,3,0,0,2,0,1,1,1,0,1,2,0,0,0,0,0,0,1,1,0,3,3,0,2,1,0,0,4,1,0,0,0,0,2,2,2,1,0,1,0,0,0,0,0,0,0,0,2,1,0,2,0,0,2,0,0,0,4,9,0,1,0,2,5,2,4,1,6,5,0,4,0,2,0,2,4,3,3,0,9,3,5,7,6,1,2,10,3,15,9,4,13,8,15,7,7,4,5,14,6,12,12,5,10,11,5,16,13,12,9,20,6,11,20,15,11,8,3,8,16,15,14,12,19,6,19,10,13,19,10,22,9,16,13,13,29,17,11,19,11,16,10,20,8,19,25,23,11,19,36,17,16,30}
Count:   0.0   0.0   0.2   2.2   2.4   1.8   1.9   1.6   1.6   1.3   1.3   1.0   0.9   0.7   0.8   0.5   0.5   0.3   0.4   0.3   0.3   0.2   0.0   0.0   0.0   0.0   0.0   0.0   0.0   0.1   0.0   0.0   0.0   0.0   0.0   0.0   1.7   1.9   1.4   1.4   1.4   1.5   1.2   1.3   1.3   1.1   0.7   0.7   0.7   0.6   0.3   0.4   0.3   0.2   0.2   0.0   0.0   0.0   0.0   0.0   0.0   0.0   0.0   0.0   0.9   1.9   1.6   1.5   1.4   1.2   1.1   0.9   0.8   0.8   0.6   0.5   0.4   0.3   0.2   0.0   0.0   0.0   0.0   0.0   0.0   0.0   0.0   0.0   0.0   0.0   0.0   0.0   0.0   1.9   1.9   1.7   1.6   1.7   1.5   1.2   1.3   1.2   1.1   0.8   0.7   0.7   0.5   0.4   0.6   0.3   0.3   0.2   0.1   0.0   0.0   0.0   0.0   0.0   0.0   0.0   0.0   0.5   1.7   1.7   1.3   1.3   1.2   0.9   1.1   0.6   0.6   0.5   0.5   0.3   0.4   0.3   0.0   0.0   0.0   0.0   0.0   0.0   0.0   0.0   0.0   0.0   0.0   0.0   0.0   0.0   1.4   1.6   1.6   1.7   1.6   1.3   1.2   1.0   1.1   1.0   0.7   0.6   0.6   0.5   0.4   0.3   0.3   0.2   0.2   0.0   0.0   0.0   0.0   0.0   0.1   0.0   0.0   0.0   0.0   0.0   0.0   0.0   0.0   1.2   1.5   1.5   1.6   1.4   1.1   1.3   1.2   1.2   0.9   0.9   0.8   0.7   0.6   0.4   0.3   0.3 
B: 16.7 19.0 23.4 33.0 32.9 31.8 30.7 31.2 30.3 29.6 28.7 28.3 28.3 26.2 25.6 26.0 24.0 24.3 23.9 23.4 23.3 25.0 26.4 19.7 27.8 22.7 23.0 23.2 24.3 20.0 28.0 21.0 20.4 20.0 17.4 20.8 33.4 31.2 31.3 29.8 29.7 29.0 28.0 28.1 28.7 27.9 26.5 27.5 26.0 25.1 25.8 22.6 25.5 22.5 26.0 26.8 25.0 22.6 21.7 23.0 27.6 22.1 23.1 30.6 33.4 31.2 30.5 29.9 29.4 28.6 27.7 27.0 27.0 25.6 23.9 24.5 24.0 23.0 25.5 25.9 26.3 23.4 20.4 20.5 22.6 23.1 20.2 26.3 22.1 21.8 23.2 28.0 20.3 33.3 31.6 30.8 30.9 30.4 30.0 30.0 28.7 27.5 28.5 28.4 26.7 24.2 25.3 24.2 25.8 23.3 21.0 23.0 23.0 24.5 25.2 22.0 22.0 20.7 28.0 19.7 20.2 33.5 30.3 30.6 30.1 29.4 28.6 27.8 27.1 26.1 25.4 26.7 24.8 23.9 23.7 26.7 26.1 27.1 20.0 27.3 30.6 * 19.0 20.1 24.0 25.0 27.3 18.2 22.9 25.5 31.0 31.9 29.3 30.8 30.9 29.6 29.1 26.8 27.2 26.8 26.0 25.9 25.0 24.6 25.3 24.3 21.8 21.2 21.4 20.6 25.0 20.3 23.0 26.7 27.2 25.6 35.3 18.3 25.2 23.0 23.6 22.3 23.6 33.9 31.9 32.9 32.0 32.7 32.7 33.1 32.0 31.1 31.0 30.6 30.2 28.9 27.3 27.2 25.1 26.5 
Direction:  n n n n n n n n n n n n n n n n n n n n n n n n n n n n n n n n n n n n n n n n n n n n n n n n n n n n n n n n n n n n n n n n n n n n n n n n n n n n n n n n n n n n n n n n n n n n n n n n n n n n n n n n n n n n n n n n n n n n n n n n n n n n n n n n n n n n n n n n n n n n n*  n n n n n n n n n n n n n n n n n n n n n n n n n n n n n n n n n n n n n n n n n n n n n n n n n n n n n n n n n n

55.5: Count:   0.5 (  0.5) A:  17.5 [16-31] B:  30.4 [16-88] Phase: 100% 75 (24.7) Direction:  {46 134}
Phase: {30,16,14,19,25,18,18,28,22,26,16,22,31,39,37,33,31,35,33,40,37,32,47,56,44,66,55,88,61,92,87,82,92,95,114,115,126,141,165,163,164,162,174,161,188,244,188,225,191,245,303,261,303,251,296,279,330,324,358,338,412,291,351,425,381,375,414,361,460,377,402,426,475,394,397,403,431,453,405,418,390,455,379,423,377,352,363,357,381,340,388,276,324,296,355,262,280,306,222,239,283,256,237,227,192,191,188,184,167,165,154,194,107,133,102,128,95,103,102,75,102,60,56,62,59,60,49,35,59,22,44,47,32,37,25,21,23,26,26,11,15,9,7,8,6,12,5,4,9,5,7,3,1,3,4,5,2,4,5,4,1,0,8,8,0,4,1,1,2,1,0,1,1,0,0,1,3,0,0,1,1,4,1,0,0,1,0,0,0,0,0,0,0,0,0,0,0,0,0,0,0,0,0,0,0,0,0,0,0,0,0,0,0,0,0,0,0,1,0,0,0,0,0,0,0,0,0,0,0,0,0,1,0,0,0,0,0,0,0,0,1,1,0,0,1,1,0,0,0,0,0,1,2,0,0,0,0,0,2,0,0,0,0,0,0,1,0,1,0,0,0,0,1,2,0,0,1,0,1,0,0,0,2,0,2,2,1,2,5,0,1,4,0,2,0,7,1,2,0,2,4,2,2,3,0,2,8,2,6,8,3,1,6,4,11,7,2,11,4,5,3,4,10,4,2,5,2,3,3,8,4,10,7,12,9,12,12,6,9,6,2,3,24,18,1,3,8,8,12,11,14,12,8,14,13,9,23,10,9,2}
Count:   0.0   0.0   0.1   1.8   1.9   1.6   1.4   1.2   1.2   1.1   1.1   0.8   0.7   0.5   0.6   0.4   0.4   0.2   0.2   0.1   0.2   0.1   0.0   0.0   0.0   0.0   0.0   0.0   0.0   0.0   0.0   0.0   0.0   0.0   0.0   0.0   1.6   1.4   1.3   1.4   1.2   1.3   1.0   0.7   1.0   0.7   0.5   0.6   0.6   0.4   0.3   0.3   0.3   0.2   0.1   0.1   0.0   0.0   0.0   0.0   0.0   0.0   0.0   0.0   0.7   1.5   1.3   1.1   1.0   0.9   0.9   0.6   0.6   0.4   0.5   0.3   0.2   0.2   0.1   0.0   0.0   0.0   0.0   0.0   0.0   0.0   0.0   0.0   0.0   0.0   0.0   0.0   0.0   1.6   1.5   1.2   1.2   1.2   1.1   1.1   1.0   0.9   0.7   0.5   0.5   0.4   0.4   0.3   0.3   0.2   0.2   0.1   0.0   0.0   0.0   0.0   0.0   0.0   0.0   0.0   0.0   0.4   1.3   1.3   1.1   1.0   1.1   0.7   0.7   0.4   0.4   0.3   0.3   0.2   0.2   0.2   0.0   0.0   0.0   0.0   0.0   0.0   0.0   0.0   0.0   0.0   0.0   0.0   0.0   0.0   1.1   1.3   1.2   1.3   1.3   0.9   0.9   0.8   0.9   0.8   0.6   0.5   0.5   0.4   0.3   0.2   0.1   0.1   0.1   0.0   0.0   0.0   0.0   0.0   0.0   0.0   0.0   0.0   0.0   0.0   0.0   0.0   0.0   1.0   1.3   1.3   1.1   1.1   1.0   1.0   0.9   0.8   0.6   0.6   0.5   0.4   0.3   0.2   0.2   0.2 
B: 23.0 20.0 29.3 33.0 32.8 32.4 31.8 30.3 31.9 30.6 31.3 29.8 29.9 27.5 27.6 27.1 27.1 23.9 22.7 25.8 21.6 23.2 21.2 17.5 33.0 19.8 21.0 26.3 16.8 17.0 18.0 26.0 21.5 24.3 26.0 24.7 35.7 31.8 33.1 32.3 31.5 30.7 30.6 29.7 30.3 28.6 26.8 28.8 27.4 28.0 24.5 23.5 24.5 22.7 24.7 46.5 19.2 22.3 21.3 23.0 20.5 21.0 22.6 25.0 33.6 31.5 31.3 30.8 30.9 28.9 28.1 27.8 27.8 25.5 25.1 24.9 24.2 23.4 22.5 18.4 27.0 23.1 20.0 28.0 25.7 23.0 21.0 18.6 24.5 18.6 20.5 19.0 24.8 33.9 32.9 32.4 30.9 31.1 30.8 30.7 29.3 27.9 27.2 27.5 26.3 27.2 27.1 24.7 25.0 21.9 23.1 24.3 30.7 21.0 25.3 24.5 21.5 24.0 18.0 21.0 22.7 30.9 31.4 31.5 30.3 31.3 29.9 27.8 27.9 27.2 25.4 25.7 26.5 24.3 26.0 31.4 17.6 22.0 20.7 20.4 21.0 32.0 19.0 18.6 29.0 22.5 24.0 24.5 18.0 25.0 33.0 31.9 30.9 33.6 31.7 29.6 29.3 28.4 29.2 28.7 28.0 27.1 26.6 25.1 24.4 27.1 22.9 23.2 20.4 24.7 17.7 22.0 27.1 23.0 23.5 19.6 33.5 21.2 31.3 22.6 20.5 18.0 21.5 34.5 32.2 33.7 30.9 34.9 33.5 32.4 32.7 33.0 30.6 30.4 32.6 29.6 28.4 28.4 28.9 28.3 
Direction:  n n n n n n n n n n n n n n n n n n n n n n n n n n n n n n n n n n n n n n n n n n n n n n n n n n n n n n n n n n n n n n n n n n n n n n n n n n n n n n n n n n n n n n n n n n n n n n n n n n n n n n n n n n n n n n n n n n n n n n n n n n n n n n n n n n n n n n n n n n n n n n n n n n n n n n n n n n n n n n n n n n n n n n n n n n n n n n n n n n n n n n n n n n n n n n n n n n n n n n n n

55.6: Count:   0.4 (  0.5) A:  17.4 [16-29] B:  29.5 [16-81] Phase: 93% 72 (23.8) Direction:  {44 136}  14% 104 ( 9.0) Direction:  n
Phase: {16,18,19,11,24,19,17,16,34,16,20,24,21,15,32,36,30,19,36,26,36,40,43,44,46,65,54,70,64,61,75,76,89,81,85,120,110,111,114,179,151,172,161,204,202,200,202,210,227,226,226,218,305,289,301,288,338,311,345,408,353,369,313,392,340,406,374,347,385,413,377,362,408,424,420,411,346,393,322,410,365,408,322,369,325,331,334,353,323,279,340,252,280,283,307,298,269,320,210,229,250,219,219,181,200,189,155,174,167,164,137,135,148,107,112,98,116,91,69,74,75,52,54,51,41,31,31,44,47,24,25,28,21,27,16,13,11,14,19,12,21,15,7,4,14,15,12,2,3,7,7,7,6,6,8,7,2,1,0,0,6,5,0,2,0,2,3,0,1,0,4,0,1,0,0,0,0,0,0,0,0,0,0,1,0,2,1,0,1,0,0,0,0,0,0,0,0,0,3,0,0,0,0,0,0,0,0,0,0,0,0,0,0,0,0,0,0,0,0,0,0,0,0,0,0,0,0,0,0,0,0,0,0,0,0,0,0,0,0,0,0,0,1,0,0,3,0,0,0,0,0,0,0,0,0,0,0,0,0,0,0,0,0,0,0,0,0,0,0,0,0,0,1,0,0,0,0,0,0,0,0,0,0,2,1,0,1,0,2,4,1,0,0,2,2,2,2,0,5,2,3,0,1,4,1,2,2,4,4,3,1,3,1,1,3,7,1,2,6,2,1,2,3,5,5,3,6,0,5,5,4,5,12,9,6,11,14,12,2,6,7,3,8,19,7,9,17,6,9,2,7,7,6,13,10,16,6,13,13,6}
Count:   0.0   0.0   0.2   1.7   1.5   1.5   1.3   1.2   1.2   1.0   1.0   0.8   0.7   0.5   0.5   0.4   0.3   0.2   0.1   0.1   0.1   0.1   0.0   0.0   0.0   0.0   0.0   0.0   0.0   0.0   0.0   0.0   0.0   0.0   0.0   0.0   1.4   1.2   1.4   1.2   1.1   1.1   0.9   0.9   0.9   0.8   0.5   0.5   0.3   0.4   0.3   0.2   0.2   0.2   0.0   0.0   0.0   0.0   0.0   0.0   0.0   0.0   0.0   0.0   0.6   1.4   1.1   1.1   0.9   0.9   0.8   0.6   0.7   0.5   0.4   0.3   0.2   0.1   0.1   0.0   0.0   0.0   0.0   0.0   0.0   0.0   0.0   0.0   0.0   0.0   0.0   0.0   0.0   1.5   1.5   1.0   1.2   1.2   0.8   1.1   1.0   0.9   0.6   0.6   0.5   0.5   0.4   0.3   0.2   0.2   0.1   0.1   0.0   0.0   0.0   0.0   0.0   0.0   0.0   0.0   0.0   0.4   1.3   1.1   1.0   1.0   0.9   0.7   0.7   0.6   0.4   0.2   0.3   0.1   0.2   0.2   0.0   0.0   0.0   0.0   0.0   0.0   0.0   0.0   0.0   0.0   0.0   0.0   0.0   0.0   1.1   1.1   1.0   1.2   1.0   0.9   0.9   0.7   0.8   0.8   0.4   0.4   0.5   0.3   0.2   0.1   0.2   0.1   0.1   0.0   0.0   0.0   0.0   0.0   0.0   0.0   0.0   0.0   0.0   0.0   0.0   0.0   0.0   0.8   1.4   1.2   1.1   0.8   0.9   0.8   0.9   0.8   0.6   0.5   0.4   0.4   0.3   0.2   0.2   0.1 
B: 20.0 17.5 31.8 31.6 32.3 32.0 30.4 30.0 31.0 28.9 29.3 27.5 28.0 29.0 27.6 26.1 24.1 24.4 22.3 21.8 22.3 24.5 29.0 31.5 23.1 27.2 23.0 20.5 33.5 30.8 17.0 * 28.0 23.2 19.5 22.5 33.7 30.8 32.0 31.0 29.9 30.6 29.2 29.5 28.8 28.8 26.6 27.1 25.7 26.5 23.3 22.5 24.2 21.4 21.1 45.0 22.1 21.3 17.0 26.0 21.0 27.3 21.6 27.0 32.4 30.5 31.1 28.8 29.2 29.2 29.0 26.7 28.2 25.7 25.9 23.9 25.9 22.1 23.7 23.0 27.8 27.2 20.6 20.1 20.0 23.8 19.6 * 18.0 20.1 21.6 21.0 23.0 33.0 31.5 29.6 30.5 31.9 30.2 30.7 29.8 28.7 27.2 28.6 25.9 26.1 24.3 23.3 25.0 25.0 22.9 20.6 25.9 19.4 23.4 20.8 32.6 22.8 24.7 19.5 21.3 32.2 30.7 29.6 29.6 30.9 29.8 28.5 27.4 28.1 25.3 24.0 27.9 25.1 24.4 23.8 26.0 26.0 29.0 28.0 * 16.6 21.0 17.0 27.3 16.0 22.4 21.2 29.7 23.2 31.8 29.2 30.3 30.9 29.2 29.4 29.3 28.5 28.1 28.7 26.1 26.3 25.7 24.8 24.6 22.2 22.2 21.1 21.5 23.9 28.5 18.8 21.3 20.0 20.0 25.3 28.5 22.8 25.1 19.2 18.2 21.5 19.0 33.1 32.1 32.0 31.8 31.7 33.9 30.4 32.2 31.2 31.2 29.6 28.2 28.0 26.1 25.8 23.8 26.0 
Direction:  n n n n n n n n n n n n n n n n n n n n n n n n n n n n n n n*  n n n n n n n n n n n n n n n n n n n n n n n n n n n n n n n n n n n n n n n n n n n n n n n n n n n n n n n*  n n n n n n n n n n n n n n n n n n n n n n n n n n n n n n n n n n n n n n n n n n n n n n n n n n n n*  n n n n n n n n n n n n n n n n n n n n n n n n n n n n n n n n n n n n n n n n n n n n n n n n n n n n n n n n n n n

55.7: Count:   0.3 (  0.3) A:  17.5 [16-29] B:  27.4 [16-71] Phase: 100% 73 (27.6) Direction:  {45 135}
Phase: {18,25,17,16,23,19,22,18,28,19,30,34,39,37,25,44,42,39,57,32,35,60,52,62,46,56,63,39,67,70,58,76,71,76,84,86,95,107,96,99,90,115,135,145,155,139,153,179,123,122,198,163,167,166,207,233,214,172,207,222,228,181,261,255,195,232,234,244,255,247,194,251,266,231,236,222,259,252,254,260,264,234,211,285,187,198,196,219,186,176,239,172,198,169,189,151,155,195,119,168,117,120,132,135,123,114,77,100,115,96,96,95,104,79,104,70,47,89,58,59,66,49,46,57,48,38,53,36,51,36,38,48,27,33,28,38,14,14,10,28,30,21,23,13,14,17,14,4,23,19,4,4,5,8,5,10,1,8,10,9,3,1,6,10,5,4,1,13,4,8,0,0,4,0,4,2,2,4,1,3,1,5,1,2,0,0,0,0,0,2,0,0,0,1,0,0,0,0,0,1,0,0,1,0,0,0,0,0,0,0,0,0,0,0,0,0,1,0,0,0,0,0,0,0,0,0,0,0,0,0,0,0,0,0,0,0,0,2,0,0,0,0,0,0,1,0,2,0,0,0,3,0,0,0,1,0,0,0,1,1,0,3,0,3,1,0,1,0,0,0,3,1,0,3,7,3,3,1,5,6,11,4,1,1,1,6,4,3,2,3,2,6,0,4,7,5,1,11,4,0,9,5,3,4,5,8,5,2,7,3,9,4,6,8,0,6,7,14,8,21,14,5,8,11,14,12,6,10,9,6,1,13,9,10,6,10,9,9,6,12,17,3,10,11,17,17,12,7,7,9,10,11,11,19,9,17,22,28,18,17}
Count:   0.0   0.0   0.2   1.3   1.2   1.2   0.9   0.9   0.8   0.7   0.5   0.6   0.5   0.4   0.3   0.2   0.2   0.1   0.1   0.1   0.1   0.1   0.0   0.0   0.0   0.1   0.0   0.0   0.0   0.0   0.0   0.0   0.0   0.0   0.0   0.0   1.1   0.9   0.8   0.9   0.7   0.8   0.7   0.6   0.6   0.6   0.3   0.3   0.3   0.2   0.2   0.2   0.1   0.1   0.1   0.0   0.0   0.0   0.0   0.0   0.0   0.1   0.0   0.0   0.6   1.0   0.7   0.9   0.7   0.6   0.4   0.3   0.3   0.3   0.2   0.2   0.1   0.1   0.1   0.0   0.0   0.0   0.0   0.0   0.0   0.0   0.0   0.0   0.0   0.0   0.0   0.0   0.0   1.3   1.2   0.9   0.8   0.8   0.8   0.7   0.5   0.7   0.4   0.4   0.3   0.3   0.2   0.1   0.2   0.1   0.1   0.1   0.0   0.0   0.0   0.0   0.0   0.0   0.0   0.0   0.0   0.4   1.0   0.7   0.7   0.8   0.6   0.5   0.4   0.3   0.3   0.1   0.2   0.0   0.1   0.1   0.0   0.0   0.0   0.0   0.0   0.0   0.0   0.0   0.0   0.0   0.0   0.0   0.0   0.0   0.8   1.0   0.7   1.0   0.9   0.6   0.6   0.4   0.4   0.6   0.3   0.4   0.3   0.1   0.1   0.1   0.1   0.1   0.0   0.0   0.0   0.0   0.0   0.0   0.0   0.0   0.0   0.0   0.0   0.0   0.0   0.0   0.0   0.6   1.0   0.9   0.8   0.7   0.7   0.6   0.5   0.5   0.5   0.4   0.3   0.3   0.2   0.1   0.1   0.1 
B: 16.0 17.0 29.2 28.9 30.0 28.3 28.7 27.8 29.1 27.8 27.9 24.8 27.3 25.4 25.2 24.7 23.7 23.1 21.8 20.6 20.4 23.6 25.8 27.1 28.3 19.9 29.0 * 22.0 24.0 24.8 16.0 21.7 21.2 19.0 21.6 31.9 28.3 29.3 27.0 26.8 27.0 27.3 25.5 26.3 25.8 26.1 25.2 22.9 25.1 23.9 21.2 23.4 23.1 21.2 22.8 22.1 21.1 19.6 27.0 22.2 20.4 22.4 16.0 29.6 28.4 28.8 28.2 28.1 26.7 25.5 24.9 26.1 24.0 22.9 23.1 23.2 21.6 22.5 20.5 19.0 19.2 20.0 22.0 19.0 23.8 * 18.6 29.6 19.5 21.5 16.0 25.0 31.1 28.4 29.8 28.9 28.3 28.5 26.1 26.5 26.2 25.9 25.8 23.6 23.6 23.5 24.6 21.6 21.8 20.2 21.0 27.0 21.5 22.0 30.0 18.3 19.0 21.3 34.0 29.0 31.7 27.5 27.7 26.6 25.9 26.9 24.6 25.7 24.1 22.9 22.8 24.6 20.1 20.8 19.0 * 20.2 21.6 17.0 20.3 25.0 20.0 21.0 28.3 21.8 17.8 23.2 19.3 26.6 30.1 27.2 28.0 28.7 27.6 27.2 26.8 28.6 25.8 25.7 23.6 25.9 22.2 21.2 23.9 21.2 21.8 21.1 23.7 22.7 21.2 40.0 20.8 19.6 26.0 25.5 22.5 21.6 27.4 19.0 * 23.2 20.2 31.5 29.8 30.2 29.6 29.4 29.8 29.4 28.5 30.3 28.4 28.8 25.6 24.3 24.5 24.0 23.8 26.5 
Direction:  n n n n n n n n n n n n n n n n n n n n n n n n n n n*  n n n n n n n n n n n n n n n n n n n n n n n n n n n n n n n n n n n n n n n n n n n n n n n n n n n n n n n n n n*  n n n n n n n n n n n n n n n n n n n n n n n n n n n n n n n n n n n n n n n n n n n n n n n n n*  n n n n n n n n n n n n n n n n n n n n n n n n n n n n n n n n n n n n n n n n n n n*  n n n n n n n n n n n n n n n n n n n

55.8: Count:   0.3 (  0.3) A:  17.4 [16-32] B:  24.5 [16-68] Phase: 100% 67 (39.8) Direction:  {40 140}
Phase: {46,30,53,61,40,44,43,68,31,50,46,43,30,54,43,56,74,58,70,73,54,44,65,63,67,86,69,81,77,63,96,40,59,80,102,83,68,81,103,76,88,98,119,101,85,113,79,97,73,130,106,86,109,90,122,107,112,133,128,83,127,131,116,149,110,147,134,141,172,119,148,111,142,149,114,145,101,119,114,103,108,146,87,144,109,119,101,124,93,96,153,87,112,110,113,103,72,110,82,81,111,79,89,81,72,81,74,97,53,69,70,69,83,62,61,49,36,47,65,47,52,40,34,31,37,50,36,40,40,39,46,21,31,41,28,43,27,39,21,15,44,17,32,28,31,27,14,32,32,33,24,13,12,15,21,10,24,13,15,16,20,13,22,18,18,15,17,15,22,16,10,3,9,12,6,6,13,6,5,10,10,6,3,5,12,2,6,12,5,2,1,7,7,4,3,3,2,2,2,3,1,7,2,1,0,6,0,2,7,6,4,1,3,4,5,1,0,0,4,0,1,2,3,1,0,7,2,0,0,5,1,0,2,6,5,1,1,1,1,0,0,2,3,4,4,6,9,2,2,5,11,9,8,2,7,7,14,19,9,17,25,5,25,30,16,21,30,28,10,17,45,21,23,32,17,30,13,30,34,24,32,24,39,43,26,31,29,15,31,11,29,21,28,23,24,26,18,34,21,13,20,18,21,31,31,27,30,11,17,26,23,26,17,41,20,20,15,28,27,28,28,15,15,19,24,22,28,18,24,14,28,21,39,23,17,27,24,16,23,35,17,22,27,19,24,32,13,24,16,29,37,20,23,39,25,24,26,36,30,39}
Count:   0.1   0.0   0.3   0.9   1.1   0.8   0.7   0.7   0.7   0.5   0.4   0.4   0.4   0.2   0.2   0.2   0.2   0.1   0.1   0.1   0.1   0.1   0.0   0.1   0.1   0.0   0.0   0.0   0.0   0.0   0.0   0.0   0.1   0.1   0.0   0.0   0.9   0.7   0.7   0.5   0.5   0.7   0.4   0.4   0.5   0.5   0.3   0.2   0.2   0.2   0.2   0.1   0.1   0.1   0.1   0.1   0.0   0.1   0.0   0.1   0.0   0.0   0.0   0.0   0.4   0.6   0.6   0.7   0.6   0.4   0.4   0.3   0.3   0.2   0.2   0.1   0.1   0.1   0.1   0.0   0.0   0.0   0.0   0.0   0.1   0.0   0.0   0.1   0.0   0.1   0.0   0.0   0.0   1.1   0.9   0.7   0.6   0.7   0.5   0.6   0.4   0.5   0.3   0.4   0.2   0.3   0.2   0.1   0.1   0.1   0.1   0.1   0.0   0.0   0.0   0.0   0.0   0.0   0.0   0.0   0.1   0.3   0.8   0.7   0.5   0.5   0.4   0.4   0.3   0.2   0.2   0.2   0.1   0.1   0.0   0.1   0.1   0.1   0.1   0.0   0.0   0.0   0.0   0.0   0.0   0.0   0.0   0.1   0.1   0.0   0.6   0.6   0.7   0.6   0.6   0.5   0.6   0.4   0.4   0.3   0.4   0.3   0.2   0.2   0.1   0.1   0.1   0.1   0.1   0.0   0.0   0.1   0.1   0.0   0.0   0.0   0.0   0.1   0.0   0.0   0.0   0.0   0.0   0.6   0.8   0.6   0.7   0.5   0.7   0.5   0.5   0.5   0.4   0.4   0.3   0.2   0.2   0.2   0.1   0.1 
B: 20.1 19.2 26.1 26.5 26.1 25.9 23.1 24.8 25.0 23.7 22.9 23.7 23.7 24.3 25.7 22.0 21.0 20.7 21.6 21.0 20.4 24.0 22.6 20.5 20.6 22.9 21.3 19.0 21.8 22.6 19.6 21.0 24.3 20.7 17.5 20.9 27.0 25.0 24.9 23.7 23.5 25.7 25.1 23.0 22.9 24.3 22.2 23.0 21.7 23.9 22.0 22.0 22.6 22.3 22.6 34.7 19.8 21.0 24.1 22.2 21.2 20.2 22.8 21.1 25.3 24.4 26.0 23.3 24.2 22.6 23.3 22.4 24.0 23.8 19.8 20.1 22.8 22.9 20.1 24.7 24.2 22.0 19.4 20.3 20.3 24.2 17.5 21.2 22.7 20.2 22.6 26.1 24.4 29.6 27.4 25.1 26.0 25.2 25.0 23.1 23.1 23.0 25.3 22.5 21.5 22.4 21.4 20.5 20.6 20.6 24.0 20.1 24.1 20.3 21.8 25.0 24.2 21.2 23.1 21.4 22.2 27.7 25.2 26.5 24.1 24.0 22.2 23.7 21.5 23.3 24.2 24.0 22.6 20.3 23.1 28.0 22.8 23.5 21.0 19.8 23.0 17.6 22.7 29.3 18.4 19.7 23.2 19.8 23.6 22.1 26.4 24.5 25.3 24.9 25.3 24.0 24.2 23.9 24.5 24.1 21.7 21.8 20.4 21.5 22.3 21.3 20.7 20.6 19.6 21.5 22.1 22.0 21.0 22.3 23.6 20.0 21.5 22.0 22.4 20.4 28.1 23.0 28.3 32.1 26.9 25.5 25.1 26.1 25.6 27.7 24.9 25.5 24.8 22.9 22.1 22.3 22.5 19.1 21.2 19.1 
Direction:  n n n n n n n n n n n n n n n n n n n n n n n n n n n n n n n n n n n n n n n n n n n n n n n n n n n n n n n n n n n n n n n n n n n n n n n n n n n n n n n n n n n n n n n n n n n n n n n n n n n n n n n n n n n n n n n n n n n n n n n n n n n n n n n n n n n n n n n n n n n n n n n n n n n n n n n n n n n n n n n n n n n n n n n n n n n n n n n n n n n n n n n n n n n n n n n n n n n n n n n n

55.9: Count:   0.4 (  0.3) A:  17.3 [16-30] B:  22.5 [16-74] Phase: 60% 35 (51.3) Direction:  {20 160}  69% 280 (23.6) Direction:  {309 231}
Phase: {147,92,97,102,109,128,140,120,136,103,97,116,102,156,103,134,120,100,131,101,105,89,115,79,104,114,92,100,93,109,82,100,102,98,98,109,74,109,92,81,83,78,82,89,97,105,69,85,62,80,93,82,82,69,66,84,58,67,77,94,88,85,73,62,59,74,69,67,84,64,58,77,101,68,67,84,83,77,64,75,67,68,52,51,63,58,56,61,54,40,90,69,71,69,55,50,49,53,60,60,47,63,62,47,51,56,30,56,49,42,37,39,40,42,54,45,25,45,33,44,35,44,54,49,32,61,49,44,47,41,65,35,26,61,35,45,36,59,38,35,47,34,65,50,46,53,43,55,53,51,54,53,45,61,52,49,55,33,37,51,32,36,33,31,45,54,41,23,34,18,23,13,29,37,27,24,31,26,19,27,36,15,24,24,21,15,18,24,15,8,13,10,11,13,13,16,10,12,6,8,6,7,16,4,4,15,7,7,8,9,7,9,10,7,13,8,12,3,12,7,9,2,2,10,3,7,4,14,2,3,11,1,6,7,7,23,9,12,7,8,20,10,28,25,23,9,19,30,24,37,34,32,60,55,44,61,55,58,57,77,86,69,95,100,68,79,140,99,116,78,249,111,137,176,153,181,158,202,176,158,178,162,110,194,156,173,147,153,163,108,114,143,115,85,101,101,100,130,87,84,112,82,68,52,73,84,60,57,91,69,71,69,65,70,70,69,42,86,69,80,67,74,88,62,60,80,37,62,77,42,71,45,63,52,53,61,46,55,59,67,80,61,76,92,66,78,70,83,67,82,66,82,84,111,74,77,95,92,119,87}
Count:   0.2   0.1   0.4   1.1   0.9   0.9   0.8   0.9   0.8   0.6   0.5   0.5   0.6   0.4   0.3   0.4   0.3   0.3   0.2   0.2   0.3   0.2   0.1   0.1   0.2   0.2   0.1   0.2   0.1   0.2   0.2   0.2   0.2   0.2   0.2   0.2   0.9   0.7   0.9   0.8   0.8   0.8   0.6   0.5   0.5   0.6   0.4   0.4   0.5   0.4   0.4   0.4   0.2   0.3   0.2   0.1   0.1   0.2   0.1   0.2   0.2   0.1   0.1   0.2   0.4   0.8   0.6   0.8   0.8   0.5   0.4   0.6   0.4   0.4   0.3   0.3   0.3   0.3   0.3   0.1   0.2   0.1   0.2   0.2   0.2   0.2   0.2   0.2   0.2   0.2   0.2   0.2   0.1   1.0   0.8   0.7   0.7   0.7   0.7   0.7   0.6   0.7   0.5   0.5   0.3   0.5   0.3   0.3   0.3   0.3   0.3   0.3   0.2   0.2   0.1   0.1   0.1   0.1   0.2   0.1   0.1   0.6   1.0   0.7   0.5   0.6   0.6   0.6   0.4   0.4   0.4   0.3   0.3   0.4   0.2   0.2   0.1   0.2   0.2   0.1   0.2   0.2   0.1   0.1   0.2   0.2   0.2   0.1   0.2   0.2   0.8   1.0   0.7   0.7   0.8   0.8   0.6   0.7   0.6   0.4   0.4   0.4   0.3   0.3   0.2   0.3   0.2   0.2   0.3   0.2   0.2   0.2   0.2   0.1   0.1   0.2   0.1   0.2   0.1   0.1   0.2   0.1   0.2   1.0   1.1   0.9   0.9   0.7   0.8   0.6   0.6   0.5   0.5   0.5   0.5   0.4   0.5   0.4   0.4   0.3 
Direction:  n n n n n n n n n n n n n n n n n n n n n n n n n n n n n n n n n n n n n n n n n n n n n n n n n n n n n n n n n n n n n n n n n n n n n n n n n n n n n n n n n n n n n n n n n n n n n n n n n n n n n n n n n n n n n n n n n n n n n n n n n n n n n n n n n n n n n n n n n n n n n n n n n n n n n n n n n n n n n n n n n n n n n n n n n n n n n n n n n n n n n n n n n n n n n n n n n n n n n n n n

56.0: Count:   0.3 (  0.2) A:  17.3 [16-29] B:  22.3 [16-63] Phase: 100% 25 (56.5) Direction:  {14 166}
Phase: {151,78,97,97,103,107,120,107,86,140,118,101,126,118,92,93,137,124,119,116,103,108,128,108,147,136,102,156,141,108,116,119,103,114,115,98,104,94,128,70,107,84,97,122,82,146,93,105,88,92,113,66,94,102,85,73,54,73,86,70,63,88,84,97,66,96,89,68,70,81,75,77,84,72,80,70,80,90,63,70,69,55,59,79,63,50,47,58,55,49,103,38,51,58,52,57,60,58,48,51,48,48,55,54,41,59,46,34,43,49,66,50,58,34,41,36,32,44,62,48,61,56,67,40,46,50,32,47,55,37,47,40,33,29,34,40,48,40,29,43,52,50,59,31,56,45,49,39,53,32,39,32,32,49,32,35,32,26,36,32,20,18,35,29,32,25,23,13,15,19,23,25,17,21,15,21,18,23,11,11,15,14,8,9,11,11,13,7,9,10,6,4,4,4,6,4,2,3,5,2,1,0,0,10,5,2,2,3,4,2,2,2,3,2,2,0,0,2,3,5,5,5,4,8,3,1,0,8,2,2,0,2,3,0,5,7,3,10,6,3,4,4,9,12,6,8,5,9,6,17,7,14,12,35,24,27,13,23,28,24,29,34,38,33,45,33,35,46,43,28,78,39,39,38,47,46,40,63,63,38,70,42,69,40,75,74,84,85,95,37,60,81,85,65,64,52,40,87,84,37,64,50,58,74,44,48,60,60,49,58,69,52,25,46,42,65,59,67,54,54,53,28,50,50,43,56,46,42,63,43,47,31,55,62,42,51,62,55,64,72,58,71,56,50,65,70,84,70,78,59,90,87,78,100,91,83,99,109,91,89}
Count:   0.1   0.1   0.3   0.9   0.8   0.8   0.7   0.8   0.7   0.5   0.5   0.6   0.5   0.5   0.4   0.4   0.3   0.2   0.3   0.2   0.2   0.1   0.1   0.1   0.1   0.1   0.1   0.1   0.1   0.1   0.1   0.1   0.1   0.1   0.1   0.1   0.7   0.5   0.6   0.6   0.8   0.6   0.5   0.4   0.5   0.4   0.5   0.3   0.3   0.3   0.3   0.3   0.3   0.2   0.2   0.1   0.1   0.1   0.1   0.1   0.1   0.1   0.1   0.1   0.3   0.8   0.4   0.7   0.7   0.5   0.4   0.4   0.3   0.3   0.3   0.3   0.3   0.3   0.2   0.1   0.1   0.1   0.1   0.1   0.1   0.0   0.1   0.1   0.2   0.1   0.1   0.1   0.1   0.9   0.8   0.7   0.7   0.6   0.7   0.4   0.6   0.6   0.5   0.4   0.4   0.3   0.3   0.3   0.2   0.4   0.3   0.2   0.1   0.0   0.1   0.0   0.1   0.1   0.1   0.1   0.1   0.4   0.7   0.6   0.5   0.5   0.4   0.6   0.5   0.5   0.3   0.3   0.2   0.3   0.2   0.2   0.1   0.1   0.1   0.1   0.1   0.1   0.1   0.1   0.1   0.1   0.1   0.1   0.1   0.1   0.8   0.6   0.5   0.7   0.7   0.6   0.5   0.6   0.5   0.3   0.4   0.3   0.3   0.3   0.3   0.3   0.2   0.2   0.3   0.1   0.1   0.1   0.1   0.1   0.1   0.1   0.1   0.0   0.1   0.1   0.1   0.1   0.1   0.8   0.8   0.8   0.8   0.6   0.7   0.6   0.5   0.5   0.5   0.4   0.5   0.4   0.3   0.2   0.4   0.3 
Direction:  n n n n n n n n n n n n n n n n n n n n n n n n n n n n n n n n n n n n n n n n n n n n n n n n n n n n n n n n n n n n n n n n n n n n n n n n n n n n n n n n n n n n n n n n n n n n n n n n n n n n n n n n n n n n n n n n n n n n n n n n n n n n n n n n n n n n n n n n n n n n n n n n n n n n n n n n n n n n n n n n n n n n n n n n n n n n n n n n n n n n n n n n n n n n n n n n n n n n n n n n

