54.0: Count:   0.6 (  0.1) A:  22.0 [20-38] B:  41.8 [20-76] Phase: 90% 4 (16.2) Direction:  {2 178}  14% 347 (11.5) Direction:  {355 185}
Phase: {793,595,674,753,708,622,661,626,577,590,617,576,568,580,497,443,476,433,422,421,379,336,318,336,296,298,245,271,236,242,214,170,177,157,156,155,141,146,143,128,94,132,96,104,106,90,91,86,66,76,47,57,55,44,52,39,37,40,31,27,41,23,20,27,25,15,9,15,19,16,18,12,8,13,5,6,12,8,6,6,4,5,5,0,5,5,7,6,0,2,8,2,0,5,0,2,1,0,3,0,1,4,0,3,0,2,3,0,0,1,0,1,0,1,0,0,0,0,0,0,1,0,0,0,0,1,1,0,0,1,0,0,0,0,0,0,2,0,0,0,0,0,0,0,0,0,0,0,0,0,0,0,0,0,0,0,0,0,0,0,0,0,0,0,0,0,0,0,0,0,0,0,0,0,0,0,0,0,0,0,0,0,0,0,0,0,0,0,0,0,0,0,0,0,0,0,0,0,0,0,0,0,0,0,0,0,0,0,0,0,0,0,0,0,1,1,0,1,0,0,0,0,0,0,0,0,0,0,0,0,0,0,0,0,0,0,0,0,0,0,0,0,0,0,0,0,1,0,1,0,0,0,0,1,0,0,0,0,0,0,0,0,0,1,2,0,0,0,1,2,1,1,0,0,2,0,1,0,2,4,3,3,2,1,2,4,3,5,1,1,3,2,3,4,3,2,3,7,6,2,10,5,4,2,8,7,8,5,11,7,5,11,17,17,27,31,25,24,20,24,38,40,34,48,54,73,69,88,82,117,110,110,128,162,133,166,198,228,248,258,300,312,333,341,388,431,456,507,508,502,588,606,590,570,661,689,723,654,703,658}
Count:   0.2   0.2   0.3   0.4   0.4   0.4   0.4   0.4   0.5   0.5   0.5   0.7   0.6   0.7   0.6   0.6   0.6   0.6   0.6   0.6   0.5   0.5   0.6   0.5   0.6   0.5   0.4   0.5   0.5   0.7   0.7   0.6   0.7   0.7   0.6   0.6   0.6   0.5   0.6   0.5   0.5   0.5   0.4   0.5   0.4   0.4   0.5   0.5   0.6   0.7   0.7   0.7   0.7   0.7   0.7   0.6   0.6   0.5   0.6   0.5   0.6   0.6   0.5   0.5   0.5   0.5   0.5   0.6   0.7   0.7   0.7   0.7   0.7   0.7   0.7   0.5   0.6   0.4   0.5   0.4   0.5   0.4   0.4   0.5   0.6   0.5   0.6   0.5   0.6   0.5   0.4   0.7   0.7   0.7   0.6   0.6   0.7   0.7   0.6   0.6   0.6   0.5   0.5   0.5   0.5   0.5   0.4   0.4   0.4   0.4   0.6   0.7   0.7   0.7   0.8   0.7   0.6   0.6   0.5   0.6   0.5   0.5   0.5   0.4   0.5   0.4   0.5   0.5   0.5   0.6   0.8   0.7   0.6   0.6   0.6   0.6   0.5   0.5   0.5   0.5   0.4   0.5   0.4   0.4   0.4   0.4   0.4   0.4   0.4   0.4   0.5   0.4   0.4   0.7   0.7   0.8   0.7   0.6   0.6   0.7   0.6   0.7   0.6   0.4   0.4   0.4   0.4   0.5   0.4   0.4   0.4   0.5   0.6   0.8   0.7   0.6   0.6   0.7   0.6   0.6   0.6   0.5   0.4   0.5   0.5   0.5   0.4   0.4   0.4   0.5   0.5   0.7   0.7   0.8   0.5   0.7   0.6   0.6   0.6   0.6 
Direction:  n n n n n n n n n n n n n n n n n n n n n n n n n n n n n n n n n n n n n n n n n n n n n n n n n n n n n n n n n n n n n n n n n n n n n n n n n n n n n n n n n n n n n n n n n n n n n n n n n n n n n n n n n n n n n n n n n n n n n n n n n n n n n n n n n n n n n n n n n n n n n n n n n n n n n n n n n n n n n n n n n n n n n n n n n n n n n n n n n n n n n n n n n n n n n n n n n n n n n n n n

54.1: Count:   0.7 (  0.1) A:  21.8 [20-38] B:  40.9 [20-76] Phase: 90% 4 (16.7) Direction:  {2 178}  13% 349 ( 9.7) Direction:  {356 184}
Phase: {953,743,789,859,819,807,848,806,733,802,734,776,609,665,644,639,568,530,529,481,433,424,360,408,350,341,311,309,279,291,257,188,204,199,191,157,156,167,140,140,135,110,95,111,88,86,86,82,73,59,55,61,34,56,37,44,39,35,37,29,35,19,23,23,15,26,15,14,12,14,16,9,14,17,16,10,4,8,13,9,5,9,4,6,3,1,9,6,3,5,0,6,5,2,4,3,6,1,0,1,5,0,2,4,3,1,1,0,3,1,2,2,0,0,1,1,1,0,1,0,1,0,0,0,1,0,0,0,0,0,0,0,2,1,0,0,0,0,0,0,0,0,0,0,0,0,0,0,0,0,0,0,0,0,0,0,0,0,0,0,0,0,1,0,0,1,0,0,0,0,0,0,1,0,0,0,0,0,0,0,0,0,0,0,0,0,0,0,0,0,0,1,0,0,0,0,0,0,0,0,0,0,0,0,0,0,0,0,0,0,0,0,0,0,0,0,0,0,0,0,0,0,0,0,0,0,0,0,0,0,0,0,0,0,0,0,0,0,0,0,0,0,0,0,0,0,0,0,0,0,0,0,1,0,0,0,0,1,0,0,0,1,1,0,0,1,0,0,4,0,3,0,0,1,0,2,1,1,1,3,1,2,3,3,4,4,0,2,2,1,3,1,1,5,7,2,2,3,7,10,10,4,11,8,15,11,16,13,14,21,14,14,26,26,25,37,22,40,39,50,38,63,69,63,76,84,92,91,124,128,141,156,185,185,197,225,242,280,323,310,341,391,419,452,502,516,501,549,574,660,637,678,754,803,774,789,803,837,820,841}
Count:   0.3   0.3   0.5   0.4   0.5   0.6   0.5   0.5   0.5   0.5   0.6   0.8   0.7   0.8   0.7   0.8   0.8   0.7   0.7   0.7   0.5   0.6   0.6   0.6   0.6   0.6   0.5   0.6   0.6   0.8   0.9   0.8   0.7   0.7   0.8   0.7   0.7   0.7   0.6   0.6   0.7   0.6   0.6   0.6   0.6   0.5   0.7   0.6   0.8   0.9   0.9   0.8   0.9   0.7   0.9   0.7   0.7   0.7   0.7   0.7   0.7   0.6   0.7   0.6   0.7   0.6   0.6   0.7   0.9   0.8   0.8   0.8   0.8   0.9   0.7   0.7   0.7   0.6   0.6   0.6   0.7   0.6   0.5   0.6   0.6   0.7   0.7   0.8   0.7   0.6   0.5   0.8   0.8   0.8   0.8   0.9   0.7   0.8   0.8   0.8   0.8   0.6   0.5   0.7   0.6   0.6   0.6   0.6   0.5   0.5   0.8   0.9   0.9   0.8   0.8   0.8   0.7   0.7   0.7   0.7   0.5   0.5   0.6   0.5   0.5   0.4   0.7   0.6   0.6   0.7   1.0   0.8   0.7   0.7   0.8   0.7   0.7   0.6   0.6   0.5   0.5   0.5   0.5   0.5   0.5   0.5   0.5   0.5   0.6   0.5   0.5   0.4   0.6   0.9   0.8   0.8   0.9   0.7   0.7   0.8   0.7   0.7   0.7   0.5   0.6   0.5   0.4   0.5   0.5   0.4   0.5   0.6   0.7   0.9   0.8   0.8   0.7   0.8   0.7   0.8   0.6   0.6   0.5   0.5   0.5   0.5   0.6   0.5   0.6   0.5   0.5   0.8   0.7   0.9   0.7   0.7   0.7   0.7   0.8   0.7 
Direction:  n n n n n n n n n n n n n n n n n n n n n n n n n n n n n n n n n n n n n n n n n n n n n n n n n n n n n n n n n n n n n n n n n n n n n n n n n n n n n n n n n n n n n n n n n n n n n n n n n n n n n n n n n n n n n n n n n n n n n n n n n n n n n n n n n n n n n n n n n n n n n n n n n n n n n n n n n n n n n n n n n n n n n n n n n n n n n n n n n n n n n n n n n n n n n n n n n n n n n n n n

54.2: Count:   0.5 (  0.1) A:  21.5 [20-35] B:  39.6 [20-64] Phase: 100% 2 (16.9) Direction:  {1 179}
Phase: {714,639,623,665,642,638,644,646,657,574,581,532,491,507,503,451,430,425,369,399,364,321,345,297,254,255,197,241,218,162,180,149,127,150,133,122,85,126,112,87,91,106,87,59,65,62,51,77,53,61,37,57,42,54,41,36,33,30,34,40,20,28,25,17,24,18,18,19,16,16,9,11,16,15,8,7,8,11,3,5,10,3,7,5,5,8,4,2,4,2,3,3,3,5,0,1,3,2,2,2,1,0,4,3,0,0,1,1,0,0,0,2,0,1,2,2,0,0,1,5,0,0,1,0,3,2,0,0,0,1,0,3,0,0,0,0,2,1,0,0,1,0,0,2,0,1,0,0,0,0,0,0,0,0,0,0,1,0,2,0,0,0,0,0,0,0,0,1,0,0,0,0,0,0,1,0,0,0,0,0,0,0,0,0,0,0,0,0,0,0,0,0,0,0,0,0,0,0,0,0,0,0,0,0,0,0,0,0,0,0,0,0,0,0,0,0,0,0,0,0,0,0,0,0,0,0,0,0,0,0,0,0,0,0,0,1,0,0,0,0,0,0,0,0,1,0,0,1,0,1,0,0,0,0,0,0,0,1,0,0,0,0,0,1,0,0,0,0,0,0,0,1,1,3,0,2,0,2,0,0,0,3,0,3,1,3,3,1,1,6,4,4,5,1,9,3,3,4,3,2,3,15,9,3,5,5,9,5,10,12,14,8,13,28,19,26,23,26,26,25,40,27,34,40,43,53,58,74,88,69,87,92,99,139,125,147,199,180,204,215,259,261,310,289,314,379,387,397,447,462,474,549,585,594,551,617,610,683,623,621}
Count:   0.2   0.2   0.3   0.3   0.4   0.5   0.4   0.4   0.3   0.4   0.5   0.6   0.6   0.6   0.6   0.6   0.6   0.6   0.7   0.6   0.4   0.4   0.4   0.4   0.4   0.5   0.4   0.3   0.5   0.6   0.7   0.7   0.7   0.6   0.6   0.6   0.6   0.6   0.5   0.4   0.5   0.5   0.5   0.4   0.4   0.4   0.5   0.4   0.6   0.6   0.8   0.7   0.7   0.6   0.7   0.6   0.6   0.6   0.6   0.6   0.6   0.5   0.5   0.5   0.6   0.4   0.5   0.5   0.8   0.7   0.7   0.5   0.6   0.7   0.5   0.6   0.5   0.4   0.4   0.4   0.5   0.4   0.4   0.5   0.5   0.5   0.5   0.6   0.6   0.5   0.4   0.6   0.6   0.7   0.7   0.8   0.5   0.6   0.6   0.6   0.5   0.4   0.3   0.5   0.4   0.4   0.4   0.4   0.3   0.4   0.6   0.8   0.8   0.8   0.6   0.6   0.6   0.5   0.5   0.6   0.4   0.4   0.4   0.5   0.4   0.3   0.4   0.4   0.4   0.6   0.7   0.6   0.6   0.5   0.5   0.6   0.6   0.5   0.5   0.4   0.4   0.3   0.4   0.3   0.3   0.3   0.3   0.4   0.3   0.3   0.3   0.3   0.4   0.6   0.7   0.7   0.6   0.5   0.7   0.6   0.6   0.6   0.5   0.4   0.4   0.4   0.3   0.4   0.3   0.3   0.3   0.3   0.6   0.6   0.6   0.6   0.6   0.6   0.5   0.6   0.4   0.4   0.3   0.3   0.4   0.4   0.4   0.3   0.4   0.3   0.3   0.6   0.6   0.6   0.6   0.6   0.6   0.5   0.6   0.5 
Direction:  n n n n n n n n n n n n n n n n n n n n n n n n n n n n n n n n n n n n n n n n n n n n n n n n n n n n n n n n n n n n n n n n n n n n n n n n n n n n n n n n n n n n n n n n n n n n n n n n n n n n n n n n n n n n n n n n n n n n n n n n n n n n n n n n n n n n n n n n n n n n n n n n n n n n n n n n n n n n n n n n n n n n n n n n n n n n n n n n n n n n n n n n n n n n n n n n n n n n n n n n

54.3: Count:   0.2 (  0.1) A:  21.5 [20-36] B:  36.9 [20-63] Phase: 100% 5 (17.9) Direction:  {2 178}
Phase: {250,219,244,256,222,241,238,223,211,217,222,199,180,193,192,163,198,170,173,151,130,160,109,118,114,98,99,112,90,106,106,73,82,76,62,71,69,65,53,48,51,70,39,54,40,45,47,33,40,22,30,29,26,32,21,26,21,27,32,14,22,14,24,19,14,8,9,13,11,14,10,6,12,18,10,1,2,3,0,4,5,9,7,2,2,5,5,4,2,0,3,1,2,3,4,7,1,0,3,2,1,2,2,1,0,0,2,0,1,0,0,0,3,1,0,0,0,0,0,0,1,0,1,1,1,0,0,0,1,1,0,0,0,0,0,2,0,0,0,1,0,0,0,0,2,0,0,0,0,0,0,0,0,0,0,0,0,0,0,0,0,0,0,0,0,0,0,0,0,0,0,0,0,0,0,0,0,0,0,0,0,0,0,0,0,0,0,0,0,0,0,0,0,0,0,0,0,0,0,0,0,0,0,0,0,0,0,0,0,0,0,0,0,0,0,0,0,0,0,0,0,0,0,0,0,0,0,0,0,0,0,0,0,0,0,0,0,0,0,0,0,0,0,0,0,0,1,0,0,0,1,0,0,0,0,2,0,1,0,0,0,0,2,0,0,1,0,1,0,0,1,0,0,0,0,1,0,0,2,1,0,3,0,2,3,0,0,0,8,2,1,0,0,4,3,0,1,5,1,4,1,3,2,4,2,4,7,8,5,4,9,6,5,12,13,7,12,6,7,15,9,17,13,13,21,16,19,26,21,32,33,34,32,40,34,52,50,48,45,64,85,99,91,105,99,114,103,115,115,141,157,156,161,184,191,214,208,226,217,211}
Count:   0.0   0.0   0.0   0.1   0.1   0.1   0.1   0.1   0.1   0.1   0.3   0.3   0.3   0.3   0.3   0.2   0.3   0.3   0.2   0.2   0.1   0.1   0.1   0.1   0.1   0.1   0.1   0.1   0.1   0.3   0.3   0.3   0.3   0.3   0.3   0.3   0.2   0.2   0.2   0.1   0.1   0.2   0.1   0.1   0.1   0.1   0.1   0.1   0.2   0.4   0.3   0.3   0.3   0.3   0.3   0.3   0.3   0.3   0.2   0.2   0.2   0.2   0.2   0.2   0.2   0.2   0.2   0.2   0.4   0.3   0.4   0.3   0.3   0.4   0.3   0.2   0.2   0.1   0.1   0.1   0.1   0.1   0.1   0.1   0.1   0.2   0.2   0.2   0.2   0.2   0.1   0.2   0.3   0.3   0.3   0.3   0.3   0.4   0.3   0.3   0.3   0.1   0.1   0.1   0.1   0.1   0.1   0.1   0.1   0.1   0.3   0.4   0.3   0.4   0.3   0.3   0.3   0.2   0.2   0.2   0.1   0.1   0.1   0.1   0.1   0.1   0.1   0.1   0.1   0.3   0.4   0.3   0.3   0.2   0.2   0.2   0.2   0.1   0.2   0.1   0.1   0.1   0.1   0.1   0.1   0.0   0.1   0.1   0.1   0.1   0.1   0.1   0.1   0.3   0.3   0.2   0.3   0.2   0.3   0.2   0.2   0.2   0.1   0.1   0.1   0.1   0.1   0.1   0.1   0.1   0.1   0.1   0.3   0.3   0.3   0.3   0.3   0.3   0.2   0.2   0.2   0.1   0.1   0.1   0.0   0.1   0.1   0.1   0.1   0.1   0.1   0.3   0.3   0.3   0.2   0.3   0.2   0.3   0.3   0.2 
B: 39.2 35.7 40.3 38.7 38.6 39.6 38.3 39.7 40.7 41.2 36.6 35.2 36.0 35.6 34.9 37.3 36.9 36.9 36.5 37.1 38.5 39.3 40.0 40.6 41.1 39.3 39.5 39.8 40.3 35.4 34.4 36.0 34.2 34.8 35.5 35.2 36.5 35.9 37.7 40.1 40.0 39.3 39.1 37.0 38.6 37.0 34.9 38.8 38.2 34.7 35.3 34.6 33.0 34.6 36.9 36.0 35.7 36.8 41.0 36.0 37.9 36.5 37.1 36.6 37.8 40.0 37.4 37.2 36.7 36.3 34.9 32.9 34.8 35.2 35.2 38.3 39.2 35.5 37.0 38.5 40.7 42.6 37.2 37.6 38.7 37.0 36.4 36.4 36.3 39.7 38.5 37.5 36.0 35.0 37.2 34.6 34.6 37.0 36.4 37.4 37.1 37.0 38.4 39.2 38.4 39.1 36.9 43.0 39.0 39.7 37.2 35.2 36.1 34.9 33.7 35.2 36.1 38.3 38.0 37.3 41.3 41.5 38.7 41.8 40.6 38.8 43.3 41.3 41.2 36.4 34.6 34.6 36.2 35.5 37.5 35.0 37.3 37.8 39.0 41.1 41.8 41.2 37.6 40.3 37.4 38.0 37.5 38.1 39.1 40.4 41.8 38.5 39.9 37.8 36.5 35.9 34.6 36.1 35.8 36.1 35.5 37.8 34.0 41.0 40.1 40.4 40.0 39.8 42.0 41.0 40.1 39.9 36.2 35.1 34.0 35.8 35.7 34.9 37.0 36.3 36.4 38.2 40.9 39.2 39.8 41.2 39.0 42.6 39.1 41.6 39.4 36.4 36.2 35.8 32.7 36.0 36.6 36.2 38.6 37.4 
Direction:  n n n n n n n n n n n n n n n n n n n n n n n n n n n n n n n n n n n n n n n n n n n n n n n n n n n n n n n n n n n n n n n n n n n n n n n n n n n n n n n n n n n n n n n n n n n n n n n n n n n n n n n n n n n n n n n n n n n n n n n n n n n n n n n n n n n n n n n n n n n n n n n n n n n n n n n n n n n n n n n n n n n n n n n n n n n n n n n n n n n n n n n n n n n n n n n n n n n n n n n n

54.4: Count:   0.1 (  0.1) A:  21.7 [20-31] B:  33.6 [20-59] Phase: 100% 16 (21.8) Direction:  {6 174}
Phase: {67,81,72,91,85,100,106,83,95,93,78,81,93,90,115,100,89,91,75,93,86,77,77,84,87,75,76,83,66,73,100,66,63,61,61,62,46,61,68,51,43,34,54,37,47,42,28,33,30,48,33,39,26,27,30,23,28,32,26,25,27,10,30,16,25,16,12,10,16,12,13,4,14,16,7,11,13,7,12,1,6,7,11,5,4,6,4,7,3,6,4,0,5,2,2,6,2,3,2,3,1,1,4,0,0,1,1,0,2,2,2,1,0,0,0,0,0,1,1,0,0,0,0,0,0,0,0,0,0,0,1,0,0,0,0,2,0,2,1,0,0,0,0,0,0,0,0,0,2,0,0,0,0,0,0,0,0,0,0,0,0,0,0,0,0,1,0,0,0,1,0,0,0,0,0,0,0,0,0,0,0,0,0,0,0,0,0,0,0,0,0,0,0,0,0,0,0,0,0,0,0,0,1,0,0,0,0,0,0,0,0,0,0,0,0,0,0,0,0,0,0,0,0,0,0,0,0,0,0,0,0,0,0,0,0,0,0,0,0,0,0,0,0,0,0,0,0,0,0,0,0,0,0,0,0,0,2,0,0,0,0,2,0,0,0,0,0,0,0,0,0,0,2,0,0,0,0,0,1,0,0,0,1,0,0,0,0,0,1,2,0,4,0,0,1,0,1,0,0,3,0,3,2,0,3,0,0,0,1,2,3,2,1,2,3,3,10,7,2,10,2,8,11,6,11,9,9,7,4,9,14,14,19,21,14,12,22,19,27,21,15,12,30,25,36,37,36,43,44,46,45,45,62,43,45,64,74,61,84,62}
Count:   0.0   0.0   0.0   0.0   0.0   0.0   0.0   0.0   0.0   0.0   0.1   0.2   0.2   0.2   0.2   0.1   0.2   0.1   0.1   0.2   0.0   0.0   0.0   0.0   0.0   0.0   0.0   0.0   0.0   0.1   0.2   0.1   0.3   0.2   0.2   0.1   0.2   0.1   0.1   0.0   0.0   0.0   0.1   0.0   0.0   0.0   0.1   0.0   0.1   0.2   0.2   0.2   0.2   0.1   0.1   0.2   0.1   0.1   0.0   0.0   0.0   0.0   0.1   0.1   0.0   0.0   0.0   0.1   0.2   0.2   0.3   0.2   0.2   0.2   0.2   0.1   0.1   0.0   0.0   0.0   0.0   0.0   0.0   0.0   0.0   0.1   0.1   0.1   0.1   0.0   0.0   0.2   0.3   0.2   0.2   0.2   0.2   0.2   0.2   0.2   0.1   0.0   0.0   0.0   0.0   0.0   0.0   0.0   0.0   0.0   0.1   0.2   0.2   0.3   0.2   0.2   0.2   0.1   0.2   0.1   0.0   0.0   0.0   0.0   0.0   0.0   0.0   0.0   0.0   0.1   0.3   0.2   0.2   0.2   0.2   0.2   0.1   0.1   0.1   0.0   0.0   0.0   0.0   0.0   0.0   0.0   0.0   0.0   0.0   0.0   0.0   0.0   0.0   0.2   0.1   0.2   0.3   0.2   0.2   0.2   0.2   0.2   0.1   0.0   0.0   0.0   0.0   0.0   0.0   0.0   0.0   0.0   0.2   0.2   0.2   0.2   0.2   0.2   0.1   0.1   0.1   0.1   0.0   0.0   0.0   0.0   0.0   0.0   0.0   0.0   0.0   0.2   0.1   0.2   0.2   0.1   0.1   0.2   0.1   0.1 
B: 37.7 28.0 34.6 41.0 39.0 34.0 45.8 34.3 38.3 40.0 35.8 34.1 31.5 30.0 34.4 31.3 32.4 33.4 34.5 32.8 38.0 36.0 38.5 36.0 31.7 43.5 41.0 31.5 35.0 34.4 33.2 33.3 31.2 30.9 33.5 33.0 32.0 34.2 37.5 39.4 37.0 37.0 38.6 34.5 38.1 37.3 35.8 35.0 33.6 34.8 30.8 32.5 31.3 31.7 32.6 35.8 32.6 34.7 34.2 34.3 35.0 36.1 33.5 36.3 37.1 37.0 34.3 32.5 32.4 31.9 33.9 33.1 32.2 31.4 34.3 32.4 37.2 38.2 33.5 35.0 38.3 37.0 34.1 36.4 36.5 37.2 36.6 34.8 33.7 34.2 41.6 34.5 32.7 32.8 32.3 35.6 31.8 32.5 33.6 33.6 33.6 39.6 39.5 36.0 32.8 37.1 36.2 38.3 37.0 38.6 31.5 32.0 32.4 34.5 32.4 32.6 33.1 32.9 34.5 35.0 41.5 38.8 35.6 36.3 38.5 33.4 39.5 38.8 40.2 32.2 32.3 32.6 33.3 33.4 32.0 32.8 36.5 30.8 36.8 36.3 32.5 40.1 32.6 41.7 33.5 40.6 44.0 35.3 37.2 35.3 42.0 37.0 40.2 32.0 33.5 34.7 32.8 33.8 33.1 33.7 34.1 32.6 35.5 37.4 40.7 38.5 37.0 35.3 41.6 39.8 39.4 36.5 34.2 32.6 32.6 32.3 33.5 33.7 30.2 32.9 34.7 34.8 36.2 38.0 35.6 41.5 38.8 40.6 39.6 31.7 40.5 32.7 31.3 32.4 32.7 32.3 33.2 32.4 33.4 34.1 
Direction:  n n n n n n n n n n n n n n n n n n n n n n n n n n n n n n n n n n n n n n n n n n n n n n n n n n n n n n n n n n n n n n n n n n n n n n n n n n n n n n n n n n n n n n n n n n n n n n n n n n n n n n n n n n n n n n n n n n n n n n n n n n n n n n n n n n n n n n n n n n n n n n n n n n n n n n n n n n n n n n n n n n n n n n n n n n n n n n n n n n n n n n n n n n n n n n n n n n n n n n n n

54.5: Count:   0.1 (  0.1) A:  21.8 [20-37] B:  31.8 [20-64] Phase: 100% 24 (28.4) Direction:  {9 171}
Phase: {65,82,70,60,93,73,85,76,89,93,87,90,84,75,92,71,79,91,97,61,92,79,84,79,94,82,69,104,79,78,73,72,87,94,67,48,70,66,63,86,59,66,56,56,49,53,69,72,54,56,49,60,44,83,73,47,42,35,57,39,57,45,31,14,39,40,36,41,35,19,28,21,32,24,24,16,23,27,18,8,21,20,18,18,10,6,11,17,15,10,7,5,8,9,2,9,6,6,11,7,5,6,3,3,5,2,6,3,5,3,2,4,2,3,5,1,0,0,4,0,1,0,0,0,0,1,0,1,2,1,0,1,1,0,0,2,0,0,3,0,0,0,0,0,0,0,1,0,0,0,0,1,0,0,0,0,0,0,0,0,0,0,2,0,2,0,1,0,0,0,0,0,0,0,0,0,0,0,0,0,0,0,0,0,0,0,0,0,0,0,0,0,0,0,0,0,0,0,0,0,0,0,0,0,0,0,0,0,1,0,0,0,0,0,0,0,0,0,0,0,0,0,0,0,0,0,0,0,0,0,0,0,1,0,0,0,0,0,0,0,0,0,0,0,0,0,0,0,0,0,0,0,0,1,0,0,0,0,0,0,1,0,0,0,0,0,0,2,0,0,1,0,2,0,0,1,0,0,0,1,0,0,0,0,0,0,3,1,2,0,3,1,1,2,2,0,1,3,0,0,2,0,0,1,2,4,2,1,6,2,1,2,2,5,7,5,4,4,5,8,2,5,7,7,11,14,9,8,13,8,10,13,8,7,15,15,15,19,28,20,23,23,19,35,25,39,33,25,36,40,43,59,44,39,57,57,65,53,66,58}
Count:   0.0   0.0   0.0   0.0   0.0   0.0   0.0   0.0   0.0   0.0   0.1   0.2   0.2   0.2   0.3   0.2   0.3   0.2   0.1   0.1   0.0   0.0   0.0   0.0   0.0   0.0   0.0   0.0   0.0   0.1   0.3   0.2   0.3   0.2   0.3   0.2   0.2   0.1   0.1   0.0   0.0   0.0   0.0   0.0   0.0   0.0   0.0   0.0   0.1   0.2   0.2   0.3   0.2   0.2   0.2   0.2   0.2   0.1   0.0   0.0   0.0   0.0   0.0   0.0   0.0   0.0   0.0   0.1   0.2   0.3   0.3   0.2   0.2   0.2   0.2   0.1   0.1   0.0   0.0   0.0   0.0   0.0   0.0   0.0   0.0   0.0   0.0   0.1   0.1   0.0   0.0   0.2   0.3   0.2   0.3   0.2   0.3   0.3   0.2   0.2   0.2   0.0   0.0   0.0   0.0   0.0   0.0   0.0   0.0   0.0   0.2   0.3   0.4   0.2   0.3   0.2   0.2   0.1   0.2   0.1   0.0   0.0   0.0   0.0   0.0   0.0   0.0   0.0   0.0   0.2   0.2   0.3   0.2   0.2   0.3   0.2   0.2   0.1   0.1   0.0   0.0   0.0   0.0   0.0   0.0   0.0   0.0   0.0   0.0   0.0   0.0   0.0   0.0   0.3   0.2   0.3   0.3   0.2   0.2   0.2   0.2   0.2   0.1   0.0   0.0   0.0   0.0   0.0   0.0   0.0   0.0   0.0   0.2   0.1   0.2   0.2   0.3   0.2   0.2   0.2   0.2   0.1   0.0   0.0   0.0   0.0   0.0   0.0   0.0   0.0   0.0   0.2   0.3   0.2   0.2   0.1   0.2   0.2   0.1   0.2 
B: * * 37.4 38.3 36.2 38.6 * 43.0 33.3 39.8 33.8 32.8 31.1 31.2 31.6 30.4 30.9 32.6 34.7 31.5 32.2 37.6 40.0 32.6 34.5 38.0 44.0 34.0 36.8 30.2 33.8 31.3 31.9 33.0 30.1 31.6 31.8 29.7 33.4 36.5 33.8 36.0 34.7 36.7 30.0 35.3 35.3 34.2 29.3 31.7 29.8 31.8 31.3 29.5 31.9 32.9 32.5 31.4 33.0 34.3 34.1 36.5 34.3 32.4 33.6 34.7 39.7 33.5 30.1 31.1 31.0 31.2 30.4 33.0 32.1 31.2 33.0 27.8 34.2 38.8 40.0 32.1 29.4 35.5 33.5 34.5 36.8 34.8 34.5 32.6 36.6 31.3 31.5 31.2 32.0 31.6 30.1 30.0 29.8 31.6 30.2 34.7 38.0 34.6 30.0 35.3 38.3 32.0 36.5 41.1 31.4 30.2 30.4 30.6 31.6 31.0 30.1 32.0 32.3 32.5 40.5 36.2 35.0 36.1 39.5 35.2 38.3 33.7 36.6 30.5 30.8 30.2 33.3 31.5 29.6 29.4 33.1 33.0 34.8 36.2 37.3 31.0 40.2 36.7 36.6 40.0 34.6 33.6 40.0 40.0 40.5 39.2 33.5 30.5 30.3 31.8 31.9 31.7 30.8 32.0 32.3 28.5 31.6 31.0 36.6 37.6 38.2 34.3 33.1 37.4 31.5 40.2 32.3 34.0 32.0 30.9 32.7 30.2 31.2 29.1 30.9 34.3 34.5 41.5 34.4 42.0 33.4 33.0 40.7 30.5 34.5 32.2 29.6 32.5 30.3 34.3 32.8 29.6 31.0 32.6 
Direction: * *  n n n n*  n n n n n n n n n n n n n n n n n n n n n n n n n n n n n n n n n n n n n n n n n n n n n n n n n n n n n n n n n n n n n n n n n n n n n n n n n n n n n n n n n n n n n n n n n n n n n n n n n n n n n n n n n n n n n n n n n n n n n n n n n n n n n n n n n n n n n n n n n n n n n n n n n n n n n n n n n n n n n n n n n n n n n n n n n n n n n n n n n n n n n n n n n n n n n n n n n

54.6: Count:   0.1 (  0.1) A:  22.0 [20-34] B:  30.3 [20-57] Phase: 100% 34 (30.6) Direction:  {13 167}
Phase: {62,47,83,61,59,73,86,101,87,89,76,82,71,87,88,72,84,62,79,112,85,90,75,61,82,88,95,116,92,108,103,94,104,81,83,93,93,96,87,104,86,78,80,86,93,90,85,90,69,75,72,68,87,81,82,69,59,71,80,88,75,63,67,71,61,58,86,67,80,48,51,47,49,44,39,64,49,44,37,46,40,42,37,29,37,42,27,24,29,19,51,25,34,29,20,21,9,20,14,21,14,21,14,10,7,9,7,8,11,7,12,3,6,7,5,7,1,6,4,7,6,2,4,3,2,1,0,3,3,5,0,2,1,1,0,0,0,1,5,1,2,0,0,1,0,2,0,2,0,0,0,3,0,0,1,0,1,0,0,1,0,0,0,1,2,0,0,0,0,0,0,0,0,0,0,0,0,0,0,0,0,0,0,0,0,0,3,1,0,2,1,0,0,0,1,0,0,0,0,0,0,0,0,0,0,1,0,0,0,0,0,0,0,0,0,0,0,0,1,0,0,0,0,0,0,0,0,0,0,0,0,0,0,0,0,1,0,1,0,0,1,0,0,0,0,0,0,0,3,0,0,0,1,0,1,0,0,0,0,1,0,0,0,0,0,0,1,0,1,0,0,0,0,0,1,0,0,1,0,4,0,4,1,0,0,0,2,1,0,0,3,0,0,1,3,0,3,0,3,2,10,1,2,2,1,4,3,4,5,7,3,3,6,4,4,4,3,1,3,7,4,6,8,2,6,6,4,12,12,6,7,8,11,5,14,15,16,13,9,28,27,14,24,18,27,34,45,33,48,35,40,45,41,55,48,43,54,65,60,71}
Count:   0.0   0.0   0.0   0.0   0.0   0.0   0.1   0.0   0.0   0.0   0.2   0.3   0.3   0.3   0.2   0.2   0.3   0.2   0.2   0.2   0.0   0.0   0.0   0.0   0.0   0.0   0.0   0.0   0.0   0.1   0.4   0.3   0.3   0.4   0.3   0.2   0.2   0.2   0.1   0.0   0.0   0.0   0.0   0.0   0.0   0.0   0.0   0.0   0.1   0.3   0.3   0.3   0.3   0.3   0.2   0.2   0.2   0.2   0.0   0.0   0.1   0.0   0.0   0.0   0.0   0.0   0.0   0.2   0.3   0.4   0.2   0.3   0.3   0.2   0.2   0.1   0.1   0.0   0.1   0.1   0.0   0.0   0.0   0.0   0.0   0.0   0.0   0.0   0.0   0.0   0.0   0.2   0.3   0.3   0.4   0.3   0.3   0.3   0.2   0.2   0.2   0.0   0.0   0.0   0.0   0.0   0.0   0.0   0.0   0.0   0.2   0.4   0.4   0.3   0.3   0.2   0.3   0.2   0.2   0.2   0.0   0.0   0.1   0.0   0.0   0.0   0.0   0.0   0.0   0.2   0.3   0.3   0.3   0.2   0.2   0.3   0.2   0.2   0.1   0.0   0.0   0.0   0.0   0.0   0.0   0.0   0.0   0.0   0.0   0.0   0.0   0.0   0.0   0.3   0.3   0.4   0.4   0.3   0.3   0.3   0.3   0.3   0.1   0.0   0.0   0.0   0.0   0.1   0.0   0.0   0.0   0.0   0.3   0.3   0.3   0.3   0.2   0.3   0.2   0.2   0.2   0.1   0.0   0.0   0.0   0.0   0.0   0.0   0.0   0.0   0.0   0.3   0.3   0.3   0.3   0.2   0.3   0.3   0.2   0.2 
B: 35.0 37.3 33.0 32.2 29.8 31.3 34.4 32.4 35.7 37.1 30.5 30.7 29.8 29.1 30.4 31.5 28.9 30.0 30.0 29.7 32.1 32.4 35.2 39.3 35.8 37.6 32.6 34.2 35.4 32.9 30.2 29.5 29.8 31.8 29.8 30.5 31.5 31.2 29.3 35.6 37.0 36.6 39.1 32.8 33.7 40.0 39.0 35.1 29.9 29.5 30.4 28.9 28.0 30.5 29.4 31.8 32.8 29.2 34.6 31.7 32.9 30.6 34.0 34.6 33.0 33.1 35.6 30.1 27.0 28.6 31.4 29.3 31.0 29.9 30.2 30.3 32.2 28.2 34.0 36.3 33.0 33.6 35.5 36.0 28.0 29.4 32.3 34.7 35.8 31.5 36.1 30.1 29.0 29.2 30.7 29.9 27.8 28.0 29.1 30.0 29.2 35.2 33.1 33.7 28.0 33.0 35.5 29.2 34.3 36.6 31.5 28.1 27.2 30.2 29.6 29.8 29.2 31.7 32.1 30.0 34.0 34.5 35.2 33.2 32.0 32.8 34.4 33.8 33.1 28.7 30.0 29.1 28.6 30.1 29.9 29.3 29.7 30.1 29.0 38.6 33.6 24.0 36.2 34.3 35.4 32.8 39.0 34.1 33.3 34.0 38.6 34.7 30.1 30.1 28.5 30.8 29.0 31.2 30.4 30.5 30.6 30.6 30.6 32.0 31.5 32.8 32.2 35.6 38.3 30.7 36.7 36.5 30.3 29.0 29.8 31.1 29.4 29.5 31.3 31.8 29.5 33.5 33.0 32.5 32.6 29.8 34.6 36.7 33.5 36.7 36.6 30.1 29.8 28.9 28.8 28.5 30.8 30.8 32.3 29.0 
Direction:  n n n n n n n n n n n n n n n n n n n n n n n n n n n n n n n n n n n n n n n n n n n n n n n n n n n n n n n n n n n n n n n n n n n n n n n n n n n n n n n n n n n n n n n n n n n n n n n n n n n n n n n n n n n n n n n n n n n n n n n n n n n n n n n n n n n n n n n n n n n n n n n n n n n n n n n n n n n n n n n n n n n n n n n n n n n n n n n n n n n n n n n n n n n n n n n n n n n n n n n n

54.7: Count:   0.2 (  0.2) A:  22.1 [20-36] B:  29.2 [20-58] Phase: 100% 47 (33.5) Direction:  {19 161}
Phase: {76,50,66,71,56,70,70,59,78,69,54,82,68,78,73,81,77,115,71,79,93,99,93,89,91,113,90,98,119,103,108,107,105,114,115,124,87,112,105,96,95,123,120,117,105,105,101,139,107,121,103,129,97,97,114,125,89,114,115,101,125,107,103,144,108,128,110,139,92,91,120,94,109,96,78,113,125,106,102,75,68,91,87,73,84,87,75,83,62,40,90,53,57,60,24,50,44,27,43,33,22,27,33,28,23,26,21,14,14,19,11,11,15,13,10,8,8,8,10,8,9,3,5,4,9,7,2,4,1,7,1,3,1,3,3,3,0,8,2,4,4,1,1,0,0,3,0,0,1,0,2,0,0,1,3,0,0,0,0,2,1,1,1,0,0,1,0,0,0,2,0,0,0,1,0,0,0,0,0,0,2,0,1,1,0,0,0,0,0,1,1,0,0,1,0,0,0,0,2,0,0,0,0,0,0,0,0,0,0,0,0,0,0,0,1,0,0,3,1,0,0,0,1,0,0,0,0,0,0,0,0,2,0,0,0,0,0,1,0,2,0,0,0,1,0,0,0,0,3,0,0,2,0,0,0,0,0,0,0,0,2,1,0,0,0,0,1,0,3,0,0,1,0,1,1,2,0,0,0,0,0,0,0,2,0,1,2,1,2,3,1,2,2,3,0,0,0,2,0,0,1,4,1,1,6,4,5,5,5,6,1,3,2,4,0,2,4,8,2,3,5,6,8,5,5,7,5,6,5,6,16,9,13,11,10,18,13,11,19,8,31,14,24,21,25,30,33,25,38,36,23,41,34,33,46,57,49,59,45,46}
Count:   0.0   0.0   0.0   0.0   0.0   0.0   0.0   0.0   0.0   0.0   0.3   0.4   0.4   0.4   0.3   0.5   0.4   0.4   0.3   0.2   0.0   0.0   0.0   0.0   0.0   0.0   0.0   0.0   0.0   0.2   0.5   0.4   0.5   0.4   0.4   0.3   0.3   0.2   0.2   0.0   0.0   0.0   0.0   0.0   0.0   0.0   0.0   0.0   0.2   0.5   0.4   0.4   0.3   0.4   0.2   0.3   0.2   0.2   0.0   0.0   0.0   0.0   0.0   0.0   0.0   0.0   0.0   0.2   0.5   0.5   0.4   0.4   0.3   0.3   0.2   0.2   0.1   0.0   0.0   0.0   0.0   0.0   0.0   0.0   0.0   0.0   0.0   0.0   0.0   0.0   0.0   0.4   0.4   0.4   0.4   0.5   0.5   0.4   0.3   0.3   0.2   0.0   0.0   0.0   0.0   0.0   0.0   0.0   0.0   0.0   0.3   0.5   0.5   0.4   0.4   0.3   0.4   0.2   0.3   0.2   0.0   0.0   0.0   0.0   0.0   0.0   0.0   0.0   0.0   0.4   0.5   0.5   0.4   0.4   0.3   0.3   0.2   0.3   0.1   0.0   0.0   0.0   0.0   0.0   0.0   0.0   0.0   0.0   0.0   0.0   0.0   0.0   0.0   0.4   0.4   0.4   0.5   0.5   0.4   0.4   0.4   0.3   0.1   0.0   0.0   0.0   0.0   0.0   0.0   0.0   0.0   0.0   0.3   0.4   0.5   0.4   0.4   0.2   0.3   0.2   0.2   0.1   0.0   0.0   0.0   0.0   0.0   0.0   0.0   0.0   0.0   0.3   0.5   0.4   0.5   0.3   0.3   0.3   0.3   0.3 
B: 34.5 32.5 * 32.0 38.0 30.5 40.7 33.0 30.0 37.6 29.1 27.7 29.1 27.8 27.6 26.8 28.0 30.0 28.0 30.2 28.0 33.0 31.2 38.5 32.3 34.0 33.8 31.7 33.3 29.9 28.5 29.6 29.6 29.6 28.4 30.6 28.2 29.5 30.8 29.6 30.0 35.4 35.6 37.8 35.8 * 38.0 38.0 28.6 28.5 30.0 29.4 27.5 28.9 30.4 28.8 30.8 29.3 33.8 34.1 30.2 31.5 34.7 32.2 36.8 31.0 38.4 28.6 29.0 27.8 28.3 29.0 28.3 28.8 30.8 30.9 30.3 32.9 33.5 29.7 32.0 31.7 30.2 34.4 32.1 32.7 31.0 31.3 34.2 30.7 33.8 29.3 28.1 27.8 29.8 29.6 29.2 29.1 29.8 28.2 28.5 37.5 29.6 32.4 34.8 37.0 32.5 36.7 31.0 31.5 27.6 28.4 28.0 26.7 28.8 27.8 30.0 30.0 31.7 31.4 34.4 33.1 36.5 32.6 32.1 33.0 29.7 34.2 35.5 28.2 27.3 29.8 27.3 30.1 29.0 28.8 28.6 29.1 30.7 30.6 34.8 32.6 30.6 34.5 33.6 33.1 38.5 36.1 32.7 28.0 30.4 34.6 37.6 28.3 28.4 28.3 28.5 28.8 29.3 30.6 27.9 29.6 31.9 32.6 36.1 33.5 31.5 36.3 33.9 35.9 35.7 34.9 29.0 28.0 28.4 29.7 27.6 28.2 29.1 28.6 31.1 30.4 33.0 33.6 30.8 33.6 30.8 30.0 31.8 33.3 33.0 27.2 27.3 28.3 29.3 29.7 28.6 28.4 29.0 29.3 
Direction:  n n*  n n n n n n n n n n n n n n n n n n n n n n n n n n n n n n n n n n n n n n n n n n*  n n n n n n n n n n n n n n n n n n n n n n n n n n n n n n n n n n n n n n n n n n n n n n n n n n n n n n n n n n n n n n n n n n n n n n n n n n n n n n n n n n n n n n n n n n n n n n n n n n n n n n n n n n n n n n n n n n n n n n n n n n n n n n n n n n n n n n n n n n n n n n n n n n n n n n n n n n

54.8: Count:   0.2 (  0.2) A:  22.2 [20-35] B:  28.3 [20-57] Phase: 100% 58 (27.7) Direction:  {24 156}
Phase: {42,42,43,62,30,53,46,58,56,63,58,70,83,48,64,71,78,56,82,78,57,103,79,76,109,78,72,95,94,107,88,92,88,109,118,83,91,112,99,122,120,128,119,101,144,139,111,133,90,174,139,119,171,164,158,148,178,143,164,147,205,142,171,170,175,158,164,138,170,171,170,136,186,130,133,132,117,120,163,148,125,140,137,99,110,94,97,114,86,70,127,84,78,73,74,63,65,38,41,49,40,43,40,38,27,43,19,28,14,31,19,19,13,14,23,10,21,8,6,8,5,9,13,4,6,1,5,10,5,3,3,12,13,4,3,3,2,5,4,3,2,0,4,0,1,1,3,3,0,0,1,0,1,2,0,1,1,1,0,0,0,1,2,4,1,0,0,0,0,0,0,1,1,1,0,0,0,2,0,0,0,0,0,0,1,0,3,0,1,0,0,0,0,0,0,0,0,1,0,0,0,0,0,0,0,0,0,1,0,0,0,0,0,0,0,1,1,0,0,0,0,0,0,0,3,1,1,0,0,1,0,0,0,1,2,0,0,0,2,0,0,0,0,0,0,0,0,0,0,0,0,1,0,0,0,0,0,3,0,0,2,0,0,0,0,0,0,0,0,0,0,0,4,1,0,3,0,0,0,0,0,1,0,0,1,1,0,0,0,3,0,1,3,1,3,1,0,2,1,1,3,2,0,0,0,2,2,3,1,1,3,1,0,3,3,1,2,0,3,1,2,1,5,5,2,2,1,4,0,4,3,1,3,9,6,8,7,6,6,11,11,11,14,16,12,15,19,18,12,23,17,33,25,24,26,31,24,47,43,28}
Count:   0.0   0.0   0.0   0.0   0.0   0.0   0.0   0.0   0.0   0.0   0.3   0.6   0.6   0.5   0.4   0.4   0.5   0.4   0.3   0.2   0.0   0.0   0.0   0.0   0.0   0.0   0.0   0.0   0.0   0.2   0.6   0.5   0.5   0.5   0.5   0.3   0.3   0.3   0.2   0.0   0.0   0.0   0.0   0.0   0.0   0.0   0.0   0.0   0.3   0.5   0.6   0.5   0.5   0.4   0.3   0.3   0.2   0.2   0.0   0.0   0.0   0.0   0.0   0.0   0.0   0.0   0.0   0.3   0.6   0.6   0.6   0.4   0.4   0.4   0.2   0.2   0.1   0.0   0.0   0.0   0.0   0.0   0.0   0.0   0.0   0.0   0.0   0.0   0.0   0.0   0.0   0.5   0.6   0.5   0.5   0.5   0.5   0.5   0.4   0.4   0.2   0.0   0.0   0.0   0.0   0.0   0.0   0.0   0.0   0.0   0.5   0.6   0.6   0.5   0.6   0.4   0.4   0.4   0.2   0.2   0.0   0.0   0.0   0.0   0.0   0.0   0.0   0.0   0.0   0.4   0.5   0.6   0.4   0.4   0.4   0.3   0.2   0.2   0.1   0.0   0.0   0.0   0.0   0.0   0.0   0.0   0.0   0.0   0.0   0.0   0.0   0.0   0.0   0.5   0.6   0.5   0.5   0.6   0.5   0.4   0.4   0.3   0.2   0.0   0.0   0.0   0.0   0.0   0.0   0.0   0.0   0.0   0.4   0.5   0.6   0.4   0.5   0.4   0.4   0.2   0.2   0.1   0.0   0.0   0.0   0.0   0.0   0.0   0.0   0.0   0.0   0.4   0.6   0.5   0.5   0.3   0.4   0.3   0.3   0.3 
B: 27.1 35.0 32.0 * 24.0 33.5 37.5 40.0 35.5 40.3 26.5 26.9 26.9 27.2 26.0 28.4 27.8 29.5 28.3 28.5 28.5 37.0 38.0 41.0 36.7 34.4 34.0 35.7 29.0 29.2 26.6 28.6 28.8 27.5 26.8 26.8 28.7 29.8 28.9 34.5 36.2 37.7 34.0 42.0 35.0 31.0 31.0 37.3 28.7 27.5 27.7 27.6 26.4 28.5 27.4 27.6 28.3 29.1 32.5 38.0 32.3 43.2 29.7 32.4 25.5 31.0 32.6 26.0 27.8 28.5 27.9 25.8 28.2 28.8 27.7 30.9 32.2 34.1 33.3 31.0 34.7 27.5 38.3 35.8 32.8 35.1 32.0 37.3 28.0 32.4 36.2 27.5 28.4 28.5 28.7 28.6 28.2 27.8 27.6 28.3 28.9 39.7 31.5 33.0 32.0 35.5 29.5 28.6 38.7 36.8 29.1 28.8 27.3 28.0 28.9 27.9 27.3 29.7 29.0 31.0 33.0 36.8 30.8 35.1 33.5 32.3 28.4 30.5 33.0 28.0 27.2 26.3 27.1 27.7 28.8 28.2 28.5 29.5 32.1 31.7 36.2 34.6 31.7 31.6 26.8 43.0 40.1 30.2 35.2 27.4 28.5 28.6 29.8 27.6 27.6 28.0 28.6 27.3 28.0 27.4 27.1 25.9 29.6 * 32.4 32.5 37.0 36.4 39.0 36.0 34.0 33.6 28.4 29.6 29.0 29.5 29.3 26.3 28.7 29.5 28.1 29.9 * 38.2 * 32.0 36.2 28.4 30.0 30.4 37.6 26.9 27.0 28.2 28.1 28.1 27.2 28.0 28.9 29.5 
Direction:  n n n*  n n n n n n n n n n n n n n n n n n n n n n n n n n n n n n n n n n n n n n n n n n n n n n n n n n n n n n n n n n n n n n n n n n n n n n n n n n n n n n n n n n n n n n n n n n n n n n n n n n n n n n n n n n n n n n n n n n n n n n n n n n n n n n n n n n n n n n n n n n n n n n n n n n n n n n n n n n n n n n n*  n n n n n n n n n n n n n n n n n n*  n*  n n n n n n n n n n n n n n n

54.9: Count:   0.2 (  0.2) A:  22.0 [20-34] B:  27.6 [20-56] Phase: 100% 68 (23.8) Direction:  {28 152}
Phase: {17,4,13,18,12,15,25,21,17,23,11,31,18,39,23,37,37,30,33,20,37,29,43,42,52,64,46,47,76,58,40,74,61,62,82,83,79,86,64,87,94,93,76,101,97,80,87,114,107,106,115,113,117,115,119,127,151,110,127,102,116,131,147,135,127,134,124,161,133,154,169,166,157,176,154,146,139,148,156,180,167,154,130,105,138,134,135,127,116,100,154,81,78,106,77,72,91,73,56,69,49,63,41,51,41,48,37,23,38,38,34,38,21,14,23,18,22,21,14,16,13,12,12,10,9,11,6,8,4,4,4,4,1,0,5,5,1,4,2,3,2,0,0,3,3,1,5,0,2,2,4,3,0,0,3,0,0,0,0,0,0,0,0,1,0,0,0,2,1,2,0,0,1,0,0,0,1,0,0,0,0,0,0,0,0,0,1,0,2,0,0,0,0,0,0,0,0,0,0,0,0,0,1,0,0,0,0,0,0,0,1,0,1,0,0,0,0,0,0,0,0,0,0,0,0,0,0,0,0,0,0,0,0,1,0,0,0,0,0,0,1,0,0,0,0,0,0,0,0,0,0,0,0,1,0,0,0,0,0,0,0,0,0,0,1,0,1,0,2,0,0,0,0,0,0,0,0,0,0,1,0,0,0,0,0,0,0,2,0,0,0,0,0,0,0,1,0,1,0,1,2,0,1,0,0,3,0,2,0,0,0,2,1,3,0,0,1,0,0,0,0,1,2,2,4,0,0,1,3,1,3,1,3,2,1,2,1,0,0,1,1,5,5,3,6,9,4,5,7,1,5,3,1,10,8,12,7,18,8,10}
Count:   0.0   0.0   0.0   0.0   0.0   0.0   0.0   0.0   0.0   0.0   0.3   0.6   0.5   0.4   0.3   0.4   0.4   0.3   0.2   0.2   0.0   0.0   0.0   0.0   0.0   0.0   0.0   0.0   0.0   0.3   0.5   0.5   0.6   0.3   0.3   0.3   0.3   0.2   0.1   0.0   0.0   0.0   0.0   0.0   0.0   0.0   0.0   0.0   0.3   0.5   0.6   0.5   0.5   0.3   0.3   0.2   0.2   0.1   0.0   0.0   0.0   0.0   0.0   0.0   0.0   0.0   0.0   0.2   0.5   0.4   0.6   0.3   0.3   0.2   0.2   0.2   0.1   0.0   0.0   0.0   0.0   0.0   0.0   0.0   0.0   0.0   0.0   0.0   0.0   0.0   0.0   0.5   0.4   0.4   0.5   0.4   0.4   0.4   0.4   0.3   0.1   0.0   0.0   0.0   0.0   0.0   0.0   0.0   0.0   0.0   0.3   0.6   0.5   0.4   0.6   0.4   0.4   0.3   0.2   0.1   0.0   0.0   0.0   0.0   0.0   0.0   0.0   0.0   0.0   0.4   0.4   0.5   0.4   0.3   0.4   0.2   0.2   0.2   0.1   0.0   0.0   0.0   0.0   0.0   0.0   0.0   0.0   0.0   0.0   0.0   0.0   0.0   0.0   0.6   0.6   0.4   0.4   0.5   0.4   0.3   0.3   0.2   0.1   0.0   0.0   0.0   0.0   0.0   0.0   0.0   0.0   0.0   0.5   0.4   0.4   0.3   0.4   0.3   0.3   0.2   0.2   0.1   0.0   0.0   0.0   0.0   0.0   0.0   0.0   0.0   0.0   0.4   0.5   0.4   0.5   0.4   0.3   0.2   0.2   0.1 
B: * * * 38.0 * * * * * 38.0 28.2 26.4 26.5 26.7 26.3 26.6 26.5 28.6 26.7 28.2 35.0 37.0 32.0 37.0 * 30.0 * * 31.0 29.0 27.4 28.7 28.9 27.3 26.1 26.5 28.6 27.3 29.0 33.0 40.0 26.0 41.0 * 31.0 39.0 * * 30.0 27.6 27.1 27.3 27.1 27.4 27.6 29.1 27.4 30.0 * 26.3 30.0 22.0 * 28.0 31.0 * 30.0 26.4 27.1 28.2 27.4 27.6 27.1 29.1 28.6 29.8 28.6 20.0 * * 37.2 * 31.0 31.0 * * 38.0 * 34.3 31.5 * 26.5 27.5 26.4 29.6 26.7 26.9 26.9 26.3 28.5 27.6 33.0 * 30.0 * 42.0 21.0 21.0 38.0 * 26.9 27.3 26.7 27.6 27.2 27.3 27.3 28.6 28.2 31.4 * 41.0 * * * 39.0 32.0 28.0 37.0 27.8 26.7 26.7 27.2 26.8 28.4 29.2 28.0 27.8 29.0 * 33.5 * * 32.2 * 35.3 40.0 * * * 30.0 26.0 33.0 27.3 27.6 27.0 28.1 26.9 26.8 29.1 28.8 28.3 28.7 34.0 39.0 40.0 33.0 31.0 * 28.6 24.0 * 28.8 27.0 27.3 26.8 28.2 26.2 27.9 29.3 28.0 30.8 20.0 35.0 * * 32.0 * 31.4 21.0 * 26.1 27.3 27.7 26.9 26.5 30.0 27.4 26.6 27.3 
Direction: * * *  n* * * * *  n n n n n n n n n n n n n n n*  n* *  n n n n n n n n n n n n n n n*  n n* *  n n n n n n n n n n*  n n n*  n n*  n n n n n n n n n n n n* *  n*  n n* *  n*  n n*  n n n n n n n n n n n*  n*  n n n n*  n n n n n n n n n n*  n* * *  n n n n n n n n n n n n n n*  n* *  n*  n n* * *  n n n n n n n n n n n n n n n n n n*  n n*  n n n n n n n n n n n n* *  n*  n n*  n n n n n n n n n

55.0: Count:   0.2 (  0.2) A:  21.8 [20-39] B:  27.2 [20-60] Phase: 100% 76 (23.0) Direction:  {32 148}
Phase: {1,2,8,3,7,9,6,5,12,9,6,6,10,18,9,19,18,19,23,14,32,33,23,20,24,29,37,17,30,30,28,44,35,33,47,46,46,44,58,58,63,71,71,69,53,61,74,66,75,96,74,79,94,97,96,85,90,95,60,112,104,85,95,106,117,123,124,129,132,108,152,141,125,147,166,159,150,167,134,123,150,142,166,138,156,189,116,124,145,135,195,83,152,132,94,106,92,97,91,96,86,73,60,76,65,43,53,69,52,61,43,40,46,37,41,40,22,30,19,20,29,30,35,15,19,13,18,9,23,15,6,10,10,19,9,12,7,5,3,7,2,2,4,5,5,3,3,7,1,3,10,0,0,4,3,1,3,0,1,0,2,4,3,2,0,1,1,1,0,0,1,0,0,2,0,0,0,1,0,0,1,0,0,0,0,1,0,2,0,0,0,0,0,0,0,0,1,0,0,1,0,0,0,0,0,0,0,0,0,0,0,0,1,0,0,0,0,0,0,0,0,0,0,0,0,0,0,0,0,0,0,0,0,0,0,0,0,0,0,0,0,0,0,0,0,0,0,0,0,0,0,0,0,0,0,0,0,0,1,0,0,0,0,0,0,0,0,0,0,0,0,0,0,0,0,0,0,0,0,0,0,0,0,2,0,0,0,0,1,0,0,0,0,0,0,2,0,0,0,0,0,0,0,0,0,0,0,0,0,0,0,0,0,0,2,3,0,0,0,1,0,0,0,0,0,0,0,0,0,0,0,0,0,0,0,4,0,3,0,1,2,0,0,0,0,2,1,1,1,2,3,3,1,5,0,0,1,6,10,3}
Count:   0.0   0.0   0.0   0.0   0.0   0.0   0.0   0.0   0.0   0.0   0.3   0.6   0.4   0.3   0.3   0.4   0.3   0.3   0.3   0.2   0.0   0.0   0.0   0.0   0.0   0.0   0.0   0.0   0.0   0.3   0.5   0.5   0.5   0.4   0.3   0.2   0.2   0.2   0.1   0.0   0.0   0.0   0.0   0.0   0.0   0.0   0.0   0.0   0.3   0.4   0.5   0.3   0.4   0.3   0.2   0.1   0.1   0.1   0.0   0.0   0.0   0.0   0.0   0.0   0.0   0.0   0.0   0.2   0.5   0.4   0.4   0.3   0.3   0.2   0.1   0.2   0.1   0.0   0.0   0.0   0.0   0.0   0.0   0.0   0.0   0.0   0.0   0.0   0.0   0.0   0.0   0.5   0.5   0.5   0.3   0.5   0.4   0.4   0.4   0.2   0.1   0.0   0.0   0.0   0.0   0.0   0.0   0.0   0.0   0.0   0.3   0.5   0.6   0.4   0.4   0.3   0.2   0.3   0.2   0.1   0.0   0.0   0.0   0.0   0.0   0.0   0.0   0.0   0.0   0.3   0.4   0.4   0.5   0.3   0.4   0.2   0.2   0.1   0.1   0.0   0.0   0.0   0.0   0.0   0.0   0.0   0.0   0.0   0.0   0.0   0.0   0.0   0.0   0.5   0.5   0.5   0.4   0.4   0.4   0.3   0.3   0.2   0.1   0.0   0.0   0.0   0.0   0.0   0.0   0.0   0.0   0.0   0.5   0.6   0.4   0.4   0.3   0.3   0.2   0.2   0.1   0.1   0.0   0.0   0.0   0.0   0.0   0.0   0.0   0.0   0.0   0.4   0.4   0.3   0.5   0.3   0.3   0.2   0.2   0.0 
B: * * 30.0 * * * * * * * 28.5 27.9 26.5 26.5 26.4 29.0 26.2 27.0 26.6 27.3 * 32.6 * * * * * * * 27.8 26.5 26.8 28.9 27.8 25.3 26.1 28.0 28.2 27.7 20.0 34.0 38.0 * 27.0 * * * * 29.1 27.1 27.7 26.1 27.4 26.2 26.7 27.5 30.4 26.1 * * 29.0 * * 33.0 * 31.0 * 26.1 25.9 27.8 27.4 28.5 26.8 27.2 25.6 27.5 29.0 23.0 * 21.0 * * * * * * * * 23.5 * * 27.5 26.8 26.4 27.2 26.7 26.4 26.6 26.2 27.2 28.4 27.0 * 38.0 * * * 33.0 * * 28.0 27.4 26.6 25.8 26.7 28.6 28.3 26.4 28.7 27.8 * 29.6 * * * * * * * 25.7 27.9 28.4 27.0 26.4 23.9 30.0 29.4 28.1 27.7 * * * 27.5 * 36.0 32.0 * 22.0 * * * * * 26.5 27.5 27.8 27.8 26.7 27.6 27.1 28.4 28.0 28.5 26.0 29.0 * * 39.0 27.0 28.3 * * 29.7 25.5 27.6 27.0 28.4 25.2 25.8 27.9 28.4 27.1 * 24.6 24.0 21.0 * * * * * 26.4 26.0 26.2 26.6 29.1 27.1 28.2 25.7 25.6 
Direction: * *  n* * * * * * *  n n n n n n n n n n*  n* * * * * * *  n n n n n n n n n n n n n*  n* * * *  n n n n n n n n n n* *  n* *  n*  n*  n n n n n n n n n n n*  n* * * * * * * *  n* *  n n n n n n n n n n n*  n* * *  n* *  n n n n n n n n n n*  n* * * * * * *  n n n n n n n n n n* * *  n*  n n*  n* * * * *  n n n n n n n n n n n n* *  n n n* *  n n n n n n n n n n*  n n n* * * * *  n n n n n n n n n

55.1: Count:   0.2 (  0.2) A:  21.9 [20-35] B:  27.0 [20-61] Phase: 100% 79 (23.7) Direction:  {33 147}
Phase: {8,3,4,12,13,6,11,7,14,16,7,11,14,15,16,22,12,19,22,8,23,18,10,13,19,17,18,28,29,35,31,33,23,37,39,28,25,48,44,54,57,39,60,60,64,46,63,88,73,68,61,100,75,87,105,80,70,108,121,97,142,95,98,122,96,138,150,147,128,117,130,135,166,171,132,201,145,139,113,193,144,175,164,150,139,175,169,159,152,130,178,104,132,113,121,133,123,111,138,124,116,95,83,83,88,81,71,86,101,82,65,68,44,52,57,51,43,48,38,47,38,49,41,32,36,21,19,22,18,24,22,9,7,16,9,9,11,12,3,4,10,9,8,3,3,3,6,5,9,7,6,1,9,6,1,5,0,4,3,2,0,1,0,5,2,0,2,2,0,3,1,0,0,1,2,2,1,0,0,1,2,4,4,0,1,3,0,1,0,0,0,0,0,0,0,0,0,1,0,0,0,0,1,0,0,0,1,0,0,0,0,0,0,0,0,0,0,2,0,0,0,0,0,0,0,1,0,0,1,0,0,2,1,0,0,0,0,0,0,1,0,0,0,0,0,0,0,0,0,0,0,0,0,0,0,0,0,0,0,3,0,0,0,0,0,0,0,0,0,0,0,0,0,0,0,0,2,0,0,0,0,0,0,0,0,0,0,0,0,0,0,0,0,0,0,0,0,0,0,0,0,0,0,0,0,0,2,0,0,0,0,0,0,0,0,0,0,0,0,0,0,0,0,0,1,0,0,0,0,2,5,0,0,4,0,0,2,2,3,2,2,0,2,2,0,1,1,6,2,2,7,7,2,6,1,7,3,4,11,7}
Count:   0.0   0.0   0.0   0.0   0.0   0.0   0.0   0.0   0.0   0.0   0.4   0.6   0.5   0.4   0.4   0.4   0.3   0.3   0.3   0.2   0.0   0.0   0.0   0.0   0.0   0.0   0.0   0.0   0.0   0.4   0.6   0.5   0.5   0.4   0.4   0.3   0.2   0.2   0.1   0.0   0.0   0.0   0.0   0.0   0.0   0.0   0.0   0.0   0.3   0.5   0.5   0.4   0.4   0.3   0.3   0.2   0.1   0.1   0.0   0.0   0.0   0.0   0.0   0.0   0.0   0.0   0.0   0.2   0.5   0.5   0.5   0.4   0.3   0.3   0.2   0.1   0.1   0.0   0.0   0.0   0.0   0.0   0.0   0.0   0.0   0.0   0.0   0.0   0.0   0.0   0.0   0.5   0.5   0.6   0.4   0.5   0.4   0.4   0.3   0.2   0.1   0.0   0.0   0.0   0.0   0.0   0.0   0.0   0.0   0.0   0.4   0.4   0.5   0.5   0.5   0.4   0.3   0.3   0.2   0.1   0.0   0.0   0.0   0.0   0.0   0.0   0.0   0.0   0.0   0.3   0.5   0.5   0.4   0.3   0.4   0.3   0.2   0.1   0.0   0.0   0.0   0.0   0.0   0.0   0.0   0.0   0.0   0.0   0.0   0.0   0.0   0.0   0.0   0.6   0.5   0.5   0.5   0.5   0.4   0.3   0.3   0.2   0.1   0.0   0.0   0.0   0.0   0.0   0.0   0.0   0.0   0.0   0.5   0.5   0.5   0.4   0.4   0.4   0.2   0.2   0.2   0.1   0.0   0.0   0.0   0.0   0.0   0.0   0.0   0.0   0.0   0.4   0.5   0.3   0.4   0.4   0.3   0.3   0.2   0.1 
B: 31.0 31.0 24.0 40.0 32.0 27.0 * * 24.0 24.0 29.4 27.3 26.9 26.9 27.9 27.4 27.1 26.0 26.2 25.9 31.0 35.0 30.0 28.0 30.0 * * 29.0 * 27.9 26.2 26.8 26.6 27.6 26.5 27.1 26.8 27.8 28.6 * 36.3 * 30.0 26.7 23.0 * * 36.0 27.4 26.6 27.6 25.6 26.5 27.2 25.9 27.2 25.8 30.5 * * * 35.5 24.0 22.6 * 23.0 * 28.6 27.2 26.9 26.7 25.5 25.1 27.3 28.4 27.0 26.3 28.2 27.0 * 23.0 * 21.0 31.0 * 34.0 * 26.0 28.0 25.0 27.0 27.5 27.9 26.7 27.3 27.0 27.7 26.4 27.5 25.3 26.7 24.0 27.0 31.4 34.0 * * * * 26.0 26.9 27.1 27.5 27.6 26.6 25.6 29.1 27.5 28.6 28.7 28.2 22.0 * * 29.4 32.0 30.5 * 29.0 25.3 26.3 27.3 26.1 27.3 27.8 26.5 30.0 24.4 25.9 30.0 22.0 26.0 24.0 * 30.0 27.5 * 20.0 28.5 27.5 * * 30.6 27.6 27.9 26.7 25.4 26.3 26.8 28.2 27.1 26.8 30.2 27.4 22.0 23.0 35.0 28.0 * 23.0 34.0 26.0 27.2 27.0 26.8 27.2 26.1 25.8 28.7 27.1 26.1 24.5 * 31.0 36.0 * 29.6 28.0 * * 29.5 26.2 26.3 26.8 26.4 27.1 26.4 25.9 24.7 27.3 
Direction:  n n n n n n* *  n n n n n n n n n n n n n n n n n* *  n*  n n n n n n n n n n*  n*  n n n* *  n n n n n n n n n n n* * *  n n n*  n*  n n n n n n n n n n n n*  n*  n n*  n*  n n n n n n n n n n n n n n n n n n* * * *  n n n n n n n n n n n n n* *  n n n*  n n n n n n n n n n n n n n n*  n n*  n n n* *  n n n n n n n n n n n n n n n n*  n n n n n n n n n n n n n*  n n*  n n* *  n n n n n n n n n n

55.2: Count:   0.2 (  0.2) A:  22.1 [20-34] B:  27.0 [20-58] Phase: 100% 76 (21.7) Direction:  {31 149}
Phase: {13,13,11,7,20,16,25,9,21,21,10,16,10,29,21,24,19,25,23,17,27,20,24,37,34,29,46,38,44,32,39,44,43,35,42,62,65,68,79,73,62,62,44,83,67,103,66,97,80,87,88,131,101,117,96,111,127,127,133,126,148,141,138,168,174,153,180,203,199,158,184,225,205,217,166,241,200,233,160,214,217,208,195,159,190,170,133,186,201,122,237,150,152,150,162,126,126,143,119,110,96,95,76,95,80,95,75,90,65,58,66,48,55,70,60,50,47,49,58,35,26,37,40,48,20,30,23,20,23,34,17,18,21,12,11,16,8,7,3,12,9,6,4,6,11,9,5,3,11,6,4,5,6,2,1,5,1,2,0,7,0,1,3,0,2,4,8,3,2,1,0,3,2,0,3,0,0,1,0,0,0,2,1,0,0,0,0,0,0,1,2,0,0,3,0,0,0,0,0,0,0,0,0,0,0,0,0,1,0,0,0,1,1,0,0,0,1,0,3,0,0,0,0,1,0,0,1,0,0,0,0,0,0,0,0,0,0,0,0,0,0,0,0,0,0,0,0,0,0,0,0,0,0,0,0,0,0,0,0,2,0,0,0,1,0,0,0,0,2,0,0,0,0,0,0,0,0,0,0,0,0,0,0,0,2,0,0,0,0,0,0,0,0,0,0,2,0,0,0,0,0,0,0,0,0,1,0,2,0,0,0,0,0,1,1,0,0,2,0,0,0,0,0,0,0,2,1,0,2,0,1,2,2,5,3,2,0,5,0,1,0,5,6,1,7,2,6,5,9,2,6,3,7,5,19,8,8,9,6,9}
Count:   0.0   0.0   0.0   0.0   0.0   0.0   0.0   0.0   0.0   0.0   0.6   0.6   0.6   0.5   0.5   0.4   0.3   0.4   0.3   0.3   0.0   0.0   0.0   0.0   0.0   0.0   0.0   0.0   0.0   0.5   0.7   0.6   0.7   0.5   0.5   0.3   0.3   0.3   0.1   0.0   0.0   0.0   0.0   0.0   0.0   0.0   0.0   0.0   0.3   0.7   0.6   0.6   0.6   0.4   0.3   0.2   0.2   0.1   0.0   0.0   0.0   0.0   0.0   0.0   0.0   0.0   0.0   0.3   0.5   0.6   0.6   0.4   0.3   0.3   0.2   0.1   0.1   0.0   0.0   0.0   0.0   0.0   0.0   0.0   0.0   0.0   0.0   0.0   0.0   0.0   0.0   0.7   0.5   0.7   0.5   0.6   0.5   0.6   0.4   0.3   0.2   0.0   0.0   0.0   0.0   0.0   0.0   0.0   0.0   0.0   0.5   0.7   0.6   0.7   0.4   0.4   0.5   0.3   0.2   0.1   0.0   0.0   0.0   0.0   0.0   0.0   0.0   0.0   0.0   0.5   0.5   0.5   0.6   0.3   0.3   0.3   0.3   0.1   0.1   0.0   0.0   0.0   0.0   0.0   0.0   0.0   0.0   0.0   0.0   0.0   0.0   0.0   0.0   0.6   0.5   0.5   0.5   0.6   0.4   0.5   0.3   0.3   0.1   0.0   0.0   0.0   0.0   0.0   0.0   0.0   0.0   0.0   0.6   0.5   0.6   0.5   0.5   0.4   0.3   0.2   0.2   0.1   0.0   0.0   0.0   0.0   0.0   0.0   0.0   0.0   0.0   0.6   0.5   0.7   0.5   0.4   0.4   0.3   0.2   0.2 
B: 39.0 33.3 * 22.0 21.6 20.0 * 22.0 * 25.0 28.6 26.8 26.0 26.8 26.8 28.3 26.9 26.0 26.1 26.7 25.1 * 38.3 26.6 27.0 * 31.0 25.6 * 28.6 28.5 26.8 27.0 27.3 26.8 25.7 27.0 25.8 27.7 * 32.5 * 27.8 27.3 27.8 29.7 32.3 37.0 26.2 27.4 25.8 26.9 26.6 25.6 26.5 27.3 24.7 28.0 * 32.3 27.0 39.0 28.4 31.4 32.0 21.0 28.0 27.8 26.9 26.3 27.6 26.4 27.3 27.1 26.5 27.3 27.2 26.7 32.2 31.2 29.3 30.5 30.2 30.6 * 26.4 27.0 21.0 27.0 27.7 27.0 29.0 27.0 26.9 25.9 26.7 27.6 25.0 26.7 26.0 27.5 30.5 26.6 27.0 31.0 * 29.0 32.0 * 31.5 27.1 27.0 27.7 28.1 26.8 26.9 26.9 27.2 26.2 30.3 31.0 41.0 29.0 26.0 36.5 26.7 27.3 * 34.0 26.9 26.2 26.8 26.5 26.8 27.1 26.6 28.9 26.7 27.1 28.0 38.0 32.3 27.5 36.0 * * 34.0 30.0 * 22.0 28.6 32.0 * 28.3 26.1 27.4 26.4 27.7 26.0 26.4 26.7 25.3 27.4 28.2 28.5 24.7 29.6 26.0 27.0 * 34.3 31.0 26.8 25.8 27.5 27.0 26.5 26.5 26.7 25.5 25.5 30.5 25.0 37.8 * 23.0 29.5 37.0 33.0 27.8 32.0 26.6 27.2 26.6 26.0 26.5 25.6 25.1 27.0 25.3 
Direction:  n n*  n n n*  n*  n n n n n n n n n n n n*  n n n*  n n*  n n n n n n n n n n*  n*  n n n n n n n n n n n n n n n n*  n n n n n n n n n n n n n n n n n n n n n n n n n*  n n n n n n n n n n n n n n n n n n n n*  n n*  n n n n n n n n n n n n n n n n n n*  n n n n n n n n n n n n n n n n* *  n n*  n n n*  n n n n n n n n n n n n n n n n*  n n n n n n n n n n n n n n*  n n n n n n n n n n n n n n n

55.3: Count:   0.2 (  0.2) A:  22.0 [20-35] B:  26.7 [20-58] Phase: 100% 76 (19.3) Direction:  {31 149}
Phase: {6,13,3,5,9,7,8,8,5,11,8,19,9,7,11,8,18,18,13,31,16,31,29,19,28,23,28,20,37,35,44,33,19,34,53,44,53,63,47,52,50,84,44,72,63,74,60,80,81,97,103,82,87,126,129,121,118,119,128,131,162,160,167,236,176,175,212,201,189,206,218,193,272,227,236,229,282,239,201,261,209,233,225,214,215,231,205,193,194,155,258,149,155,147,143,126,124,101,112,107,112,79,67,84,67,58,64,65,53,46,60,34,49,30,29,24,24,31,31,29,23,35,15,28,27,26,22,18,16,18,14,14,13,13,2,11,8,2,5,8,8,9,9,8,6,4,3,9,3,4,3,4,3,5,1,7,1,5,1,3,3,1,3,1,1,4,0,0,4,0,0,0,0,0,0,7,2,3,0,0,1,0,2,1,0,0,0,1,0,0,0,0,2,0,0,0,0,0,0,0,0,0,0,0,0,0,0,0,0,0,0,0,0,0,0,1,0,3,0,0,0,2,0,0,0,2,0,0,0,0,0,0,0,0,0,0,0,0,0,0,0,0,0,0,0,0,0,0,0,0,0,0,0,0,0,0,0,0,0,0,0,2,0,0,0,0,0,0,0,0,0,0,0,0,2,0,0,0,0,0,0,0,0,0,0,0,0,0,0,0,0,0,0,0,0,0,0,0,0,0,0,0,0,0,0,0,0,0,0,0,0,0,0,0,0,0,0,0,0,0,0,0,0,1,0,0,0,2,2,0,0,0,0,4,1,1,5,2,0,0,2,2,3,0,0,3,5,1,5,0,3,3,3,6,8,0,3,5,5,7}
Count:   0.0   0.0   0.0   0.0   0.0   0.0   0.0   0.0   0.0   0.0   0.6   0.6   0.6   0.5   0.5   0.6   0.5   0.5   0.3   0.2   0.0   0.0   0.0   0.0   0.0   0.0   0.0   0.0   0.0   0.4   0.8   0.5   0.6   0.5   0.5   0.4   0.2   0.2   0.1   0.0   0.0   0.0   0.0   0.0   0.0   0.0   0.0   0.0   0.4   0.6   0.6   0.4   0.5   0.4   0.3   0.2   0.2   0.1   0.0   0.0   0.0   0.0   0.0   0.0   0.0   0.0   0.0   0.4   0.5   0.6   0.5   0.4   0.5   0.3   0.2   0.1   0.1   0.0   0.0   0.0   0.0   0.0   0.0   0.0   0.0   0.0   0.0   0.0   0.0   0.0   0.0   0.6   0.7   0.6   0.6   0.6   0.5   0.5   0.4   0.3   0.2   0.0   0.0   0.0   0.0   0.0   0.0   0.0   0.0   0.0   0.5   0.6   0.7   0.5   0.4   0.4   0.4   0.3   0.2   0.1   0.0   0.0   0.0   0.0   0.0   0.0   0.0   0.0   0.0   0.6   0.5   0.4   0.5   0.4   0.4   0.3   0.2   0.1   0.1   0.0   0.0   0.0   0.0   0.0   0.0   0.0   0.0   0.0   0.0   0.0   0.0   0.0   0.0   0.7   0.6   0.5   0.5   0.5   0.4   0.4   0.3   0.3   0.1   0.0   0.0   0.0   0.0   0.0   0.0   0.0   0.0   0.0   0.6   0.5   0.5   0.4   0.4   0.4   0.4   0.3   0.2   0.1   0.0   0.0   0.0   0.0   0.0   0.0   0.0   0.0   0.0   0.5   0.5   0.6   0.5   0.4   0.3   0.3   0.3   0.3 
B: 31.0 32.5 * * 23.0 * 29.4 29.0 30.0 26.0 28.1 26.3 26.5 26.5 27.2 27.5 26.0 26.2 26.0 26.7 32.0 28.5 26.0 25.0 * * * 28.0 * 27.7 26.9 26.3 27.0 26.2 25.7 25.9 26.3 26.1 26.9 26.0 32.0 29.2 21.0 29.6 24.0 33.2 31.0 23.3 28.7 27.4 26.8 26.4 25.9 26.2 24.9 27.2 26.9 28.8 24.5 28.0 24.0 28.1 30.1 29.0 28.0 27.2 33.0 28.0 26.9 26.1 26.1 26.0 26.3 27.0 25.5 28.4 27.2 28.4 24.0 25.0 23.0 * 27.0 34.0 23.0 * 21.5 25.1 24.0 28.0 30.0 28.2 26.0 28.1 26.5 26.6 25.9 25.9 26.4 25.7 26.2 * 24.5 23.0 24.5 * * * 23.0 26.0 27.3 26.6 27.5 26.4 26.8 27.4 27.3 24.8 25.1 30.1 26.5 * 27.5 * 43.0 27.0 35.0 * 23.0 25.8 27.3 27.6 25.9 25.7 27.8 27.4 26.9 29.4 27.7 22.0 34.0 27.0 24.0 * 28.0 * 22.0 * * 33.3 * 30.0 33.0 27.5 27.2 25.5 28.5 25.8 27.8 26.9 25.6 26.1 25.3 34.8 34.0 34.0 * 36.0 30.0 * 23.0 32.0 27.2 25.7 26.3 26.3 25.4 25.3 26.9 25.8 26.4 25.7 30.0 * * 39.0 32.5 30.0 * * 35.0 27.0 26.4 27.1 25.3 27.0 26.8 24.9 27.3 25.5 
Direction:  n n* *  n*  n n n n n n n n n n n n n n n n n n* * *  n*  n n n n n n n n n n n n n n n n n n n n n n n n n n n n n n n n n n n n n n n n n n n n n n n n n n n n*  n n n*  n n n n n n n n n n n n n n n*  n n n* * *  n n n n n n n n n n n n n*  n*  n n n*  n n n n n n n n n n n n n n n*  n*  n* *  n*  n n n n n n n n n n n n n n n*  n n*  n n n n n n n n n n n n n* *  n n n* *  n n n n n n n n n n

55.4: Count:   0.1 (  0.2) A:  21.7 [20-37] B:  26.4 [20-61] Phase: 100% 79 (19.2) Direction:  {32 148}
Phase: {0,1,2,4,3,2,0,5,2,5,5,5,1,9,6,5,4,5,6,1,6,2,8,18,7,8,15,15,18,18,19,17,30,19,26,33,22,25,16,34,27,41,30,32,26,34,29,35,45,58,53,57,69,66,70,63,81,78,100,84,83,93,89,125,100,110,112,108,128,133,160,145,147,173,149,180,159,159,134,164,181,183,144,154,180,171,125,121,147,136,208,109,116,123,95,123,104,105,96,106,80,66,61,76,48,49,54,49,70,41,37,34,40,36,31,52,22,31,34,20,25,12,11,15,12,20,7,12,17,8,4,9,11,20,12,12,4,8,5,7,0,8,8,4,0,2,0,4,2,4,6,0,4,5,1,3,1,1,0,0,0,0,2,0,0,1,0,0,0,0,2,0,0,0,0,0,1,0,0,0,4,0,1,0,0,0,0,0,0,0,0,0,0,0,0,0,0,1,0,0,0,0,0,0,0,1,0,0,0,0,0,0,0,0,0,0,0,0,0,0,0,0,0,1,0,0,0,0,0,0,0,0,0,0,0,0,0,0,0,0,0,0,0,0,0,0,0,0,0,0,0,0,0,0,0,0,0,0,0,0,0,0,0,0,0,0,0,0,0,0,0,0,0,0,0,0,0,0,0,0,0,0,0,0,0,0,0,0,0,0,0,0,0,0,0,0,0,0,0,0,0,0,0,0,0,0,0,0,0,0,0,0,0,0,0,0,0,0,0,0,0,0,0,0,0,0,0,1,0,0,2,0,5,4,0,0,0,0,1,0,0,1,0,0,1,1,0,0,1,0,0,0,0,1,3,0,0,1,0,7}
Count:   0.0   0.0   0.0   0.0   0.0   0.0   0.0   0.0   0.0   0.0   0.4   0.5   0.5   0.3   0.4   0.4   0.2   0.4   0.3   0.2   0.0   0.0   0.0   0.0   0.0   0.0   0.0   0.0   0.0   0.4   0.5   0.4   0.4   0.4   0.3   0.3   0.2   0.1   0.1   0.0   0.0   0.0   0.0   0.0   0.0   0.0   0.0   0.0   0.3   0.4   0.5   0.3   0.4   0.3   0.2   0.2   0.2   0.1   0.0   0.0   0.0   0.0   0.0   0.0   0.0   0.0   0.0   0.3   0.3   0.4   0.4   0.3   0.3   0.2   0.2   0.1   0.0   0.0   0.0   0.0   0.0   0.0   0.0   0.0   0.0   0.0   0.0   0.0   0.0   0.0   0.0   0.4   0.3   0.4   0.4   0.3   0.4   0.3   0.3   0.2   0.1   0.0   0.0   0.0   0.0   0.0   0.0   0.0   0.0   0.0   0.3   0.4   0.5   0.5   0.3   0.2   0.2   0.2   0.1   0.1   0.0   0.0   0.0   0.0   0.0   0.0   0.0   0.0   0.0   0.3   0.4   0.2   0.3   0.3   0.3   0.2   0.2   0.1   0.0   0.0   0.0   0.0   0.0   0.0   0.0   0.0   0.0   0.0   0.0   0.0   0.0   0.0   0.0   0.5   0.3   0.4   0.4   0.3   0.4   0.2   0.2   0.2   0.1   0.0   0.0   0.0   0.0   0.0   0.0   0.0   0.0   0.0   0.4   0.4   0.3   0.3   0.3   0.3   0.2   0.3   0.1   0.0   0.0   0.0   0.0   0.0   0.0   0.0   0.0   0.0   0.0   0.4   0.3   0.4   0.2   0.3   0.2   0.2   0.1   0.1 
B: * 33.0 20.0 * 37.5 * * 28.0 22.0 * 29.8 26.6 25.6 25.5 25.2 26.0 26.2 24.9 25.3 28.8 * 22.0 * * * * * * * 27.9 26.6 26.7 26.0 25.3 25.6 26.1 27.1 26.0 28.3 * * * * * 33.0 * * 28.3 27.8 27.0 25.2 26.0 26.6 25.8 25.6 25.4 24.6 26.4 * 22.5 * 30.2 41.0 25.0 26.0 26.0 * 26.4 28.0 27.2 26.0 24.8 27.1 25.7 25.9 27.3 27.7 28.5 30.0 * 27.0 33.0 * 22.0 * 22.0 28.5 26.8 22.2 * 22.0 29.2 26.1 27.4 25.9 27.0 25.1 26.2 27.2 25.9 26.6 * 24.6 26.0 * * 26.0 * * * 24.7 26.2 26.5 26.4 25.6 26.4 25.6 26.6 26.9 31.5 * * 27.5 * * 21.0 * 26.0 20.0 24.5 26.5 25.1 25.7 26.0 26.3 27.2 25.0 28.0 25.0 31.0 * * * 33.0 * * 22.0 * * * 27.0 * * 29.7 26.5 26.3 26.6 24.5 25.6 27.6 25.8 25.6 26.9 36.0 * 21.0 28.0 34.0 * * 20.0 * 26.7 26.6 25.4 25.1 25.7 25.1 27.4 26.9 27.2 26.7 * 21.0 * * * 22.2 * 29.0 27.0 27.0 24.9 27.8 25.4 26.6 26.5 27.4 26.7 30.4 
Direction: *  n n*  n* *  n n*  n n n n n n n n n n*  n* * * * * * *  n n n n n n n n n n* * * * *  n* *  n n n n n n n n n n n*  n*  n n n n n*  n n n n n n n n n n n n*  n n*  n*  n n n n*  n n n n n n n n n n n*  n n* *  n* * *  n n n n n n n n n n* *  n* *  n*  n n n n n n n n n n n n n* * *  n* *  n* * *  n* *  n n n n n n n n n n n*  n n n* *  n*  n n n n n n n n n n*  n* * *  n*  n n n n n n n n n n n

55.5: Count:   0.1 (  0.1) A:  21.3 [20-34] B:  26.6 [20-57] Phase: 100% 88 (15.9) Direction:  {37 143}
Phase: {0,0,0,0,1,2,0,0,0,0,0,0,1,0,2,0,0,0,0,1,1,1,4,2,0,5,0,1,2,7,9,5,1,5,5,9,10,7,10,6,10,12,15,12,10,15,21,8,18,9,14,23,22,21,15,23,22,12,29,28,43,26,28,58,28,17,39,37,53,51,63,53,52,63,64,89,77,78,54,49,53,72,119,84,100,93,90,86,92,68,128,90,102,85,73,54,89,68,80,57,72,75,71,69,58,55,58,38,50,26,32,30,26,25,31,28,30,40,22,31,16,8,16,17,13,10,9,8,9,14,19,7,9,9,10,2,3,3,4,3,4,1,1,5,1,0,1,0,3,0,3,0,0,0,1,0,0,0,0,0,0,0,2,0,0,0,0,0,0,0,0,2,0,0,0,0,0,0,0,0,3,0,0,0,0,0,1,0,0,0,0,0,1,0,0,0,0,0,0,0,0,0,0,0,0,0,0,0,0,0,0,0,0,0,0,0,0,0,0,0,0,0,0,0,0,0,0,0,0,0,0,0,0,0,0,0,0,0,0,0,0,0,0,0,0,0,0,0,0,0,0,0,0,0,0,0,0,0,0,0,0,0,0,0,0,0,0,0,0,0,0,0,0,0,0,0,0,0,0,0,0,0,0,0,0,0,0,0,0,0,0,0,0,0,0,0,0,0,0,0,0,0,0,0,0,0,0,0,0,0,0,0,0,0,0,0,0,0,0,0,0,0,0,0,0,0,0,0,0,0,0,0,0,0,0,0,0,0,0,0,0,0,0,0,0,0,1,0,0,0,0,0,0,0,0,0,0,0,0,0}
Count:   0.0   0.0   0.0   0.0   0.0   0.0   0.0   0.0   0.0   0.0   0.3   0.2   0.3   0.1   0.2   0.2   0.1   0.2   0.1   0.1   0.0   0.0   0.0   0.0   0.0   0.0   0.0   0.0   0.0   0.2   0.3   0.3   0.2   0.1   0.1   0.1   0.1   0.1   0.0   0.0   0.0   0.0   0.0   0.0   0.0   0.0   0.0   0.0   0.1   0.2   0.2   0.2   0.2   0.1   0.1   0.1   0.1   0.0   0.0   0.0   0.0   0.0   0.0   0.0   0.0   0.0   0.0   0.2   0.2   0.2   0.3   0.1   0.2   0.1   0.1   0.0   0.0   0.0   0.0   0.0   0.0   0.0   0.0   0.0   0.0   0.0   0.0   0.0   0.0   0.0   0.0   0.3   0.2   0.2   0.2   0.2   0.2   0.2   0.1   0.1   0.1   0.0   0.0   0.0   0.0   0.0   0.0   0.0   0.0   0.0   0.2   0.2   0.2   0.2   0.2   0.1   0.2   0.1   0.1   0.1   0.0   0.0   0.0   0.0   0.0   0.0   0.0   0.0   0.0   0.1   0.3   0.1   0.2   0.1   0.1   0.1   0.1   0.0   0.0   0.0   0.0   0.0   0.0   0.0   0.0   0.0   0.0   0.0   0.0   0.0   0.0   0.0   0.0   0.2   0.3   0.2   0.1   0.2   0.2   0.1   0.1   0.1   0.1   0.0   0.0   0.0   0.0   0.0   0.0   0.0   0.0   0.0   0.1   0.2   0.2   0.1   0.1   0.2   0.1   0.1   0.1   0.0   0.0   0.0   0.0   0.0   0.0   0.0   0.0   0.0   0.0   0.1   0.1   0.2   0.2   0.2   0.1   0.1   0.1   0.0 
B: * * * * * * * * * * 33.1 26.6 26.8 27.1 25.2 27.2 27.4 24.7 24.7 26.6 * * * * * * * * * 33.3 28.4 26.0 25.9 25.8 26.4 26.3 27.0 25.7 35.6 22.0 * * * * * * * * 27.6 26.2 26.0 25.2 26.2 25.6 24.3 27.0 27.8 28.6 * 22.0 * 28.0 * * * * * 26.9 26.7 26.6 27.9 24.9 27.0 24.4 25.1 25.5 20.0 * * * * * * * * * * * 30.0 * * 31.0 26.0 26.3 27.1 25.7 25.8 26.9 25.9 25.7 29.2 * * * * * * * * * 24.1 25.5 25.7 26.7 25.8 26.6 24.3 24.4 27.0 32.4 * * * * 26.0 * * * 35.0 25.7 26.2 26.1 25.0 26.5 26.3 26.3 27.7 25.1 29.0 * * * * * * * * * * * * * * 28.5 26.2 26.5 24.4 25.5 26.8 26.6 24.8 25.0 26.4 42.0 * * * * * * 24.0 * 28.5 26.0 26.2 22.9 25.6 25.9 25.5 29.0 28.3 26.0 * * * * * * * * * 23.9 25.8 28.1 25.0 26.5 27.4 22.5 25.4 25.7 
Direction: * * * * * * * * * *  n n n n n n n n n n* * * * * * * * *  n n n n n n n n n n n* * * * * * * *  n n n n n n n n n n*  n*  n* * * * *  n n n n n n n n n n* * * * * * * * * * *  n* *  n n n n n n n n n n* * * * * * * * *  n n n n n n n n n n* * * *  n* * *  n n n n n n n n n n n* * * * * * * * * * * * * *  n n n n n n n n n n n* * * * * *  n*  n n n n n n n n n n* * * * * * * * *  n n n n n n n n n

55.6: Count:   0.1 (  0.1) A:  21.2 [20-34] B:  27.1 [20-63] Phase: 100% 93 (16.0) Direction:  {39 141}
Phase: {0,0,0,0,1,0,0,0,0,0,0,0,0,2,0,0,0,0,0,0,1,0,1,2,0,2,0,0,2,1,1,3,4,0,5,1,0,2,6,2,3,1,1,2,4,15,3,4,3,6,10,11,4,10,10,16,14,17,21,14,13,23,11,27,19,30,18,38,29,29,22,33,51,34,44,37,37,52,27,72,58,58,51,57,55,51,66,62,73,66,76,67,64,96,70,82,97,51,68,77,59,61,61,55,61,58,61,51,57,40,37,46,41,30,23,31,23,29,22,34,18,13,10,12,19,15,4,19,17,6,8,7,4,7,0,7,3,3,2,4,1,4,0,5,5,6,0,0,0,0,3,1,1,0,0,3,0,0,0,0,1,0,0,1,0,0,0,0,1,0,0,0,0,0,0,0,0,0,0,0,0,0,0,0,0,0,0,0,0,0,0,0,0,0,0,0,0,0,0,0,0,0,0,0,0,0,0,0,0,0,0,0,0,0,0,0,0,0,0,0,0,0,0,0,0,0,0,0,0,0,0,0,0,0,0,0,0,0,0,0,0,0,0,0,0,0,0,0,0,0,0,0,0,0,0,0,0,0,0,0,0,0,0,0,0,0,0,0,0,0,0,0,0,0,0,0,0,0,0,0,0,0,0,0,0,0,0,0,0,0,0,0,0,0,0,0,0,0,0,0,0,0,0,0,0,0,0,0,0,0,0,0,0,0,0,0,0,0,0,0,0,0,0,0,0,0,0,0,0,0,0,0,0,0,0,0,0,0,0,0,0,0,0,0,0,0,0,0,0,0,0,0,0,0,0,0,0,0,0,0}
Count:   0.0   0.0   0.0   0.0   0.0   0.0   0.0   0.0   0.0   0.0   0.2   0.2   0.2   0.2   0.1   0.1   0.1   0.1   0.1   0.1   0.0   0.0   0.0   0.0   0.0   0.0   0.0   0.0   0.0   0.3   0.1   0.3   0.1   0.1   0.1   0.1   0.1   0.1   0.0   0.0   0.0   0.0   0.0   0.0   0.0   0.0   0.0   0.0   0.1   0.2   0.2   0.1   0.2   0.1   0.1   0.1   0.1   0.0   0.0   0.0   0.0   0.0   0.0   0.0   0.0   0.0   0.0   0.1   0.1   0.2   0.2   0.1   0.1   0.1   0.1   0.0   0.0   0.0   0.0   0.0   0.0   0.0   0.0   0.0   0.0   0.0   0.0   0.0   0.0   0.0   0.0   0.2   0.2   0.2   0.2   0.1   0.2   0.1   0.1   0.1   0.1   0.0   0.0   0.0   0.0   0.0   0.0   0.0   0.0   0.0   0.1   0.1   0.3   0.2   0.1   0.1   0.1   0.1   0.0   0.1   0.0   0.0   0.0   0.0   0.0   0.0   0.0   0.0   0.0   0.1   0.2   0.1   0.1   0.1   0.1   0.1   0.1   0.0   0.0   0.0   0.0   0.0   0.0   0.0   0.0   0.0   0.0   0.0   0.0   0.0   0.0   0.0   0.0   0.2   0.1   0.2   0.1   0.1   0.2   0.1   0.1   0.0   0.1   0.0   0.0   0.0   0.0   0.0   0.0   0.0   0.0   0.0   0.1   0.1   0.1   0.1   0.1   0.1   0.1   0.1   0.0   0.0   0.0   0.0   0.0   0.0   0.0   0.0   0.0   0.0   0.0   0.1   0.2   0.2   0.2   0.1   0.1   0.1   0.1   0.0 
B: * * * * * * * * * * 32.5 25.6 27.4 26.6 27.8 26.9 26.2 24.0 24.0 28.2 * * * * * * * * * 38.0 26.8 27.3 24.2 24.7 26.4 25.3 26.6 26.2 29.2 22.0 * * * * * 24.0 * * 28.9 26.2 27.2 25.1 26.0 26.8 25.8 25.7 23.8 34.0 * * * * * * * * * 26.3 25.6 25.9 25.7 25.6 27.7 26.8 28.0 24.1 26.0 30.0 * 34.0 * * * * * * * * * * * 28.1 25.5 29.3 25.6 25.0 25.9 26.2 26.6 25.7 27.5 * * * * * * * * * 28.8 25.8 26.6 26.8 26.7 26.2 28.3 28.0 25.5 41.6 * 27.0 * * * * * * * 26.2 28.2 28.5 25.7 27.3 25.0 26.3 22.1 28.3 24.0 * * * * * * * 24.0 * * * * * * 34.0 27.2 25.1 26.7 25.8 26.9 25.9 25.0 25.8 28.5 * * * * * * * * * 26.1 27.0 25.6 23.0 26.1 23.3 28.1 27.4 21.5 34.1 * * * * * * * * * 27.6 26.9 25.3 26.5 24.6 25.7 24.9 25.6 37.6 
Direction: * * * * * * * * * *  n n n n n n n n n n* * * * * * * * *  n n n n n n n n n n n* * * * *  n* *  n n n n n n n n n n* * * * * * * * *  n n n n n n n n n n n*  n* * * * * * * * * * *  n n n n n n n n n n* * * * * * * * *  n n n n n n n n n n*  n* * * * * * *  n n n n n n n n n n* * * * * * *  n* * * * * *  n n n n n n n n n n* * * * * * * * *  n n n n n n n n n n* * * * * * * * *  n n n n n n n n n

55.7: Count:   0.1 (  0.1) A:  21.3 [20-33] B:  26.8 [20-63] Phase: 100% 84 (18.1) Direction:  {35 145}
Phase: {0,0,0,0,0,0,0,0,0,0,1,0,1,2,2,1,0,0,0,1,4,2,1,7,0,0,3,1,7,0,6,2,0,2,1,2,3,6,1,4,6,9,12,8,3,9,8,6,6,12,12,9,16,27,20,17,22,19,25,22,26,30,42,32,38,53,51,58,44,53,71,60,46,63,70,92,75,49,83,85,68,75,78,87,74,76,67,70,62,59,79,59,77,62,40,68,77,60,61,49,50,57,23,47,38,37,44,46,36,18,30,31,26,29,38,25,16,24,11,13,8,15,8,10,15,14,18,12,8,5,2,9,9,7,2,7,6,2,4,2,6,0,2,6,0,0,3,0,1,0,0,1,0,0,0,0,2,0,0,0,0,0,1,0,0,0,1,0,0,0,4,0,0,0,0,0,0,0,0,0,0,0,0,0,2,0,0,0,0,0,0,0,0,0,0,0,0,0,0,0,0,0,0,0,0,0,0,0,0,0,0,0,0,0,0,0,0,0,0,0,0,0,0,0,0,0,0,0,0,0,0,0,0,0,0,0,0,0,0,0,0,0,0,0,0,0,0,0,0,0,0,0,0,0,0,0,0,0,0,0,0,0,0,0,0,0,0,0,0,0,0,0,0,0,0,0,0,0,0,0,0,0,0,0,0,0,0,0,0,0,0,0,0,0,0,0,0,0,0,0,0,0,0,0,0,0,0,0,0,0,0,0,0,0,0,0,0,0,0,0,0,0,0,0,0,0,0,0,0,0,0,0,0,0,0,0,0,0,0,0,0,0,0,0,0,0,0,0,0,0,0,0,0,0,0,0,0,0,0,0}
Count:   0.0   0.0   0.0   0.0   0.0   0.0   0.0   0.0   0.0   0.0   0.1   0.2   0.2   0.1   0.2   0.1   0.1   0.1   0.1   0.1   0.0   0.0   0.0   0.0   0.0   0.0   0.0   0.0   0.0   0.3   0.2   0.2   0.1   0.1   0.1   0.1   0.1   0.0   0.0   0.0   0.0   0.0   0.0   0.0   0.0   0.0   0.0   0.0   0.1   0.1   0.1   0.1   0.2   0.1   0.1   0.1   0.1   0.0   0.0   0.0   0.0   0.0   0.0   0.0   0.0   0.0   0.0   0.1   0.2   0.2   0.2   0.1   0.1   0.1   0.1   0.0   0.0   0.0   0.0   0.0   0.0   0.0   0.0   0.0   0.0   0.0   0.0   0.0   0.0   0.0   0.0   0.1   0.2   0.2   0.2   0.1   0.2   0.2   0.1   0.1   0.1   0.0   0.0   0.0   0.0   0.0   0.0   0.0   0.0   0.0   0.1   0.2   0.2   0.1   0.2   0.2   0.1   0.1   0.1   0.1   0.0   0.0   0.0   0.0   0.0   0.0   0.0   0.0   0.0   0.1   0.2   0.2   0.1   0.1   0.1   0.1   0.1   0.0   0.0   0.0   0.0   0.0   0.0   0.0   0.0   0.0   0.0   0.0   0.0   0.0   0.0   0.0   0.0   0.2   0.2   0.1   0.2   0.1   0.2   0.1   0.2   0.1   0.1   0.0   0.0   0.0   0.0   0.0   0.0   0.0   0.0   0.0   0.1   0.2   0.2   0.1   0.1   0.1   0.1   0.1   0.1   0.0   0.0   0.0   0.0   0.0   0.0   0.0   0.0   0.0   0.0   0.1   0.2   0.1   0.2   0.1   0.1   0.1   0.0   0.0 
B: * * * * * * * * * * 28.5 26.0 25.9 25.8 26.7 28.3 25.9 23.8 27.2 24.4 * * * * * * * * * 35.2 27.5 27.3 25.3 25.7 26.2 27.3 24.2 29.1 26.5 26.0 * * * * * * * * 29.2 26.1 25.7 26.3 25.1 27.2 24.7 25.3 24.4 28.3 * * * 21.0 21.0 * * * * 27.1 27.7 26.4 26.2 27.4 26.3 27.1 26.3 25.0 23.7 * * * * * * * 27.0 26.0 * 31.0 * * * 27.1 25.5 27.1 25.3 25.1 24.7 28.6 25.8 25.9 29.3 * * * * * * 26.0 * * 27.9 27.1 25.8 25.9 26.0 25.3 25.9 26.0 25.0 32.0 * * * * * * * * * 26.2 26.9 27.9 26.5 24.6 25.5 26.9 30.0 25.3 24.6 * * * * * * * * * * * * 28.0 * 32.2 27.9 29.9 26.3 26.9 27.5 24.9 24.6 27.9 25.7 22.0 * * * * * * * * 24.8 28.6 27.4 26.8 25.6 25.0 26.1 24.2 26.1 36.3 * * * * * * * * * 26.5 26.1 26.8 25.8 26.1 26.6 24.3 31.3 25.5 
Direction: * * * * * * * * * *  n n n n n n n n n n* * * * * * * * *  n n n n n n n n n n n* * * * * * * *  n n n n n n n n n n* * *  n n* * * *  n n n n n n n n n n* * * * * * *  n n*  n* * *  n n n n n n n n n n* * * * * *  n* *  n n n n n n n n n n* * * * * * * * *  n n n n n n n n n n* * * * * * * * * * * *  n*  n n n n n n n n n n n* * * * * * * *  n n n n n n n n n n* * * * * * * * *  n n n n n n n n n

55.8: Count:   0.1 (  0.1) A:  21.7 [20-33] B:  27.5 [20-56] Phase: 100% 77 (21.5) Direction:  {31 149}
Phase: {2,2,3,2,0,2,3,5,2,3,1,5,6,5,4,0,5,3,7,8,6,6,3,10,9,9,9,19,8,21,14,12,13,13,23,17,17,18,29,22,25,39,20,48,32,27,28,27,34,41,59,53,73,62,71,93,80,86,79,97,97,99,93,116,84,83,106,86,102,104,107,124,119,110,86,114,98,103,97,107,94,127,104,125,131,108,103,90,111,91,128,98,99,103,81,63,92,60,86,44,63,62,67,65,62,45,45,32,55,52,34,41,26,35,28,15,26,19,17,16,30,17,17,15,8,20,11,21,7,8,6,15,0,4,0,3,4,5,3,7,1,3,1,0,4,1,0,2,4,3,1,1,0,1,0,1,0,0,0,0,0,1,0,0,0,0,0,0,1,0,0,0,2,0,0,0,0,0,0,1,0,0,0,0,0,1,0,0,0,0,0,0,0,0,0,0,0,0,0,0,0,0,0,0,0,0,0,0,0,0,0,0,0,0,0,0,0,0,0,0,0,0,0,0,0,0,0,0,0,0,0,0,0,0,0,0,0,0,0,0,0,0,0,0,0,0,0,0,0,0,0,0,0,0,0,0,0,0,0,0,0,0,0,0,0,0,0,0,0,0,0,0,0,0,0,0,0,0,0,0,0,0,0,0,0,0,0,0,0,0,0,0,0,0,0,0,0,0,0,0,0,0,0,0,0,0,0,0,0,0,0,0,0,0,0,1,0,0,0,0,0,0,0,0,0,0,0,0,0,0,0,0,0,0,0,0,0,1,0,0,5,4,0,0,2,0,0,0,0,0,0,0,0,1,4,3,2,1,1,0}
Count:   0.0   0.0   0.0   0.0   0.0   0.0   0.0   0.0   0.0   0.0   0.2   0.3   0.4   0.2   0.3   0.3   0.2   0.2   0.2   0.1   0.0   0.0   0.0   0.0   0.0   0.0   0.0   0.0   0.0   0.1   0.3   0.3   0.3   0.2   0.2   0.2   0.1   0.2   0.1   0.0   0.0   0.0   0.0   0.0   0.0   0.0   0.0   0.0   0.1   0.3   0.2   0.2   0.3   0.2   0.2   0.2   0.1   0.1   0.0   0.0   0.0   0.0   0.0   0.0   0.0   0.0   0.0   0.1   0.3   0.3   0.3   0.2   0.2   0.2   0.2   0.1   0.0   0.0   0.0   0.0   0.0   0.0   0.0   0.0   0.0   0.0   0.0   0.0   0.0   0.0   0.0   0.3   0.3   0.3   0.3   0.2   0.3   0.3   0.2   0.2   0.1   0.0   0.0   0.0   0.0   0.0   0.0   0.0   0.0   0.0   0.3   0.3   0.4   0.3   0.2   0.3   0.2   0.2   0.1   0.1   0.0   0.0   0.0   0.0   0.0   0.0   0.0   0.0   0.0   0.2   0.3   0.2   0.2   0.2   0.2   0.2   0.1   0.1   0.1   0.0   0.0   0.0   0.0   0.0   0.0   0.0   0.0   0.0   0.0   0.0   0.0   0.0   0.0   0.4   0.3   0.2   0.3   0.2   0.2   0.2   0.3   0.2   0.1   0.0   0.0   0.0   0.0   0.0   0.0   0.0   0.0   0.0   0.4   0.3   0.3   0.2   0.2   0.2   0.2   0.2   0.1   0.1   0.0   0.0   0.0   0.0   0.0   0.0   0.0   0.0   0.0   0.3   0.3   0.3   0.3   0.2   0.2   0.2   0.1   0.1 
B: 22.0 26.0 * 29.0 * 26.3 28.0 * * * 27.1 28.6 28.6 27.6 26.2 26.6 27.7 26.9 27.3 24.8 31.5 * * 29.0 * 28.5 * 35.0 25.0 26.3 28.6 26.8 28.5 28.1 27.6 26.3 25.5 25.1 23.8 30.2 29.0 * * 26.3 22.6 * 27.0 * 28.3 28.2 28.4 27.4 27.6 28.2 26.6 28.0 28.0 30.8 28.6 29.0 27.3 20.0 22.0 21.0 23.0 33.0 28.0 27.2 29.7 27.0 26.4 28.9 26.0 25.9 26.6 25.3 28.0 * 25.0 * * 23.0 22.0 23.5 38.6 23.0 * 31.0 26.0 * * 31.1 27.2 27.8 27.1 27.2 27.6 27.7 27.2 26.2 27.9 23.0 * * 25.0 * * * * 28.4 26.4 27.1 27.0 28.2 28.3 26.8 28.2 27.2 27.8 30.9 * 26.0 22.0 * 21.6 * 23.0 21.0 * 27.8 27.1 27.4 27.6 27.6 25.2 26.0 28.0 26.4 26.4 20.0 40.0 28.0 * * 44.0 29.3 34.0 32.0 21.0 24.5 * 32.0 31.0 31.4 27.9 29.2 28.3 26.5 27.2 27.1 26.0 28.1 29.4 20.0 29.0 * * * 25.0 22.6 26.5 27.6 28.3 27.7 26.7 25.7 26.9 25.6 26.0 26.0 28.1 27.9 23.0 26.0 28.0 * * * 20.0 31.5 26.0 27.8 27.2 28.2 27.4 27.5 26.4 25.9 26.7 24.3 
Direction:  n n*  n*  n n* * *  n n n n n n n n n n n* *  n*  n*  n n n n n n n n n n n n n n* *  n n*  n*  n n n n n n n n n n n n n n n n n n n n n n n n n n n n n*  n* *  n n n n n*  n n* *  n n n n n n n n n n n* *  n* * * *  n n n n n n n n n n n*  n n*  n*  n n*  n n n n n n n n n n n n n* *  n n n n n n*  n n n n n n n n n n n n n n* * *  n n n n n n n n n n n n n n n n n* * *  n n n n n n n n n n n n

55.9: Count:   0.2 (  0.2) A:  22.2 [20-37] B:  28.6 [20-79] Phase: 100% 69 (22.4) Direction:  {28 152}
Phase: {20,19,29,38,25,10,21,19,25,31,39,34,21,32,30,26,35,36,27,35,34,34,48,37,33,27,26,35,42,58,54,58,38,64,64,83,60,60,74,75,74,103,78,108,110,110,112,119,147,140,146,186,174,187,244,185,226,207,211,259,219,221,243,234,224,213,235,251,249,240,245,234,204,243,217,234,218,199,211,243,181,179,195,175,173,159,146,167,187,134,168,136,156,131,99,113,98,85,97,89,103,77,93,52,66,83,64,57,42,51,42,55,55,48,45,36,24,28,32,15,22,26,19,23,15,12,16,12,23,13,12,18,16,13,5,13,4,7,7,2,4,6,3,1,5,9,2,9,3,0,5,6,0,2,3,1,2,1,2,4,0,1,5,0,0,1,2,1,0,2,0,5,1,0,1,0,0,3,0,0,0,1,0,0,0,0,4,0,0,0,2,0,1,0,0,0,2,0,0,0,0,0,0,0,0,0,0,0,0,0,0,0,0,0,0,1,0,0,0,0,0,0,1,0,0,0,0,0,0,0,1,0,0,0,0,0,0,0,0,0,0,0,0,0,0,0,0,0,0,0,0,0,0,0,0,0,0,0,0,0,0,0,1,0,0,0,0,0,0,0,0,0,0,0,0,0,0,0,0,0,0,0,0,0,0,0,0,0,0,1,0,0,0,0,0,0,0,0,0,0,0,0,0,1,0,0,0,1,6,0,0,3,0,0,0,0,1,1,0,0,0,3,0,1,0,0,1,0,4,0,4,5,2,3,7,7,3,3,5,8,7,4,7,13,3,9,8,6,14,10,4,13,19,14,15,9,9,21,14,9}
Count:   0.0   0.0   0.0   0.0   0.0   0.0   0.0   0.0   0.0   0.0   0.4   0.7   0.6   0.4   0.4   0.6   0.5   0.5   0.4   0.4   0.0   0.0   0.0   0.0   0.0   0.0   0.0   0.0   0.0   0.3   0.5   0.5   0.4   0.5   0.5   0.4   0.4   0.3   0.3   0.0   0.0   0.0   0.0   0.0   0.0   0.0   0.0   0.0   0.2   0.5   0.5   0.5   0.4   0.4   0.5   0.4   0.4   0.3   0.1   0.0   0.0   0.0   0.0   0.0   0.0   0.0   0.0   0.2   0.5   0.5   0.6   0.4   0.4   0.5   0.5   0.3   0.3   0.1   0.0   0.0   0.0   0.0   0.0   0.1   0.0   0.0   0.0   0.0   0.0   0.0   0.0   0.5   0.5   0.5   0.5   0.5   0.6   0.5   0.5   0.4   0.4   0.0   0.0   0.0   0.0   0.0   0.0   0.0   0.1   0.0   0.5   0.5   0.6   0.6   0.6   0.6   0.4   0.4   0.3   0.2   0.0   0.0   0.0   0.0   0.0   0.0   0.1   0.0   0.0   0.4   0.5   0.5   0.5   0.5   0.4   0.4   0.4   0.3   0.2   0.0   0.0   0.0   0.0   0.0   0.1   0.0   0.0   0.0   0.0   0.0   0.0   0.0   0.0   0.6   0.6   0.5   0.5   0.5   0.5   0.3   0.5   0.4   0.2   0.0   0.0   0.1   0.0   0.0   0.0   0.0   0.0   0.1   0.6   0.4   0.4   0.4   0.4   0.5   0.4   0.4   0.4   0.2   0.0   0.0   0.1   0.0   0.0   0.0   0.0   0.0   0.0   0.6   0.5   0.6   0.5   0.4   0.4   0.5   0.3   0.4 
B: 20.0 * 28.0 22.6 23.6 24.9 33.2 29.4 27.0 26.1 30.2 30.3 28.8 28.5 28.6 29.3 29.0 29.5 27.3 27.8 30.6 26.2 31.0 27.0 26.0 32.0 * 26.5 29.4 29.7 29.1 28.5 29.8 29.4 28.3 29.1 29.3 28.4 26.7 30.4 28.5 30.0 24.5 24.7 28.8 29.5 25.1 28.0 29.2 29.4 28.1 29.1 28.3 27.2 28.2 27.1 26.2 27.4 29.2 24.8 30.5 22.7 26.2 23.8 24.7 24.8 22.1 28.3 30.0 28.6 29.6 29.7 27.7 29.0 28.1 27.3 26.0 24.6 34.0 22.7 25.1 27.8 26.3 26.0 26.7 32.1 23.6 24.0 24.5 26.2 29.2 28.5 28.6 29.2 28.5 29.3 29.1 28.0 29.6 28.5 27.7 23.3 25.0 26.2 27.8 22.7 25.5 27.2 27.6 29.5 28.3 28.7 29.1 29.1 28.5 28.6 28.5 28.7 28.4 29.2 27.1 26.7 23.9 24.3 26.8 25.2 24.5 23.6 28.5 28.4 28.5 29.5 28.6 29.1 29.5 28.2 28.1 28.3 28.6 22.2 25.5 26.8 25.5 30.2 28.6 29.8 28.2 28.4 28.1 24.0 23.0 21.8 27.5 30.5 30.1 28.6 28.6 30.1 28.5 28.6 28.1 28.3 27.7 27.2 27.0 26.3 22.0 27.7 23.7 25.2 29.2 26.0 29.1 28.7 28.9 28.8 27.6 28.8 27.3 29.4 27.6 27.6 23.5 24.5 27.9 26.1 24.5 22.3 27.2 24.9 28.8 29.6 28.8 28.7 28.4 30.7 28.7 27.3 28.4 26.4 
Direction:  n*  n n n n n n n n n n n n n n n n n n n n n n n n*  n n n n n n n n n n n n n n n n n n n n n n n n n n n n n n n n n n n n n n n n n n n n n n n n n n n n n n n n n n n n n n n n n n n n n n n n n n n n n n n n n n n n n n n n n n n n n n n n n n n n n n n n n n n n n n n n n n n n n n n n n n n n n n n n n n n n n n n n n n n n n n n n n n n n n n n n n n n n n n n n n n n n n n n n n n n n n

56.0: Count:   0.3 (  0.3) A:  22.1 [20-37] B:  29.2 [20-84] Phase: 100% 74 (20.6) Direction:  {30 150}
Phase: {8,8,9,8,3,5,6,15,20,11,8,10,13,17,11,20,20,21,19,18,21,20,25,22,11,18,19,30,16,24,37,50,24,36,45,43,55,47,62,63,54,70,66,80,84,106,96,110,113,140,139,157,140,135,175,161,204,212,218,256,222,293,281,281,278,232,254,354,290,284,278,288,306,294,311,292,295,269,216,275,254,248,262,221,236,236,191,234,237,164,245,185,228,181,195,178,156,154,157,151,150,124,93,132,111,102,96,111,62,70,39,63,63,58,56,34,55,62,56,35,43,36,33,38,30,35,23,26,26,23,18,14,23,20,10,21,17,13,18,17,7,7,8,5,6,3,2,6,5,4,2,6,6,5,0,3,3,3,2,3,3,3,0,0,2,3,0,2,1,0,0,2,0,0,2,0,0,0,0,1,0,0,0,0,1,0,0,0,0,0,1,0,0,0,0,0,0,0,0,0,0,0,0,0,0,0,0,0,0,0,0,0,0,0,0,0,0,0,0,0,0,0,0,0,0,0,0,0,0,0,0,0,0,0,0,0,0,0,0,0,0,0,0,0,0,0,0,0,0,0,0,0,0,0,0,0,0,0,0,0,0,0,0,0,0,0,0,0,0,0,0,0,0,0,0,1,0,0,0,0,0,0,0,0,0,0,0,0,0,0,0,0,0,0,0,0,0,0,0,0,0,0,0,0,0,0,0,0,0,1,1,0,0,0,0,0,0,0,0,0,1,0,2,0,0,2,0,1,1,1,0,0,3,4,6,0,0,0,3,1,6,2,2,1,0,6,6,2,9,3,0,8,5,5,5,5,5,4,11,7}
Count:   0.0   0.0   0.0   0.0   0.0   0.0   0.0   0.0   0.0   0.0   0.5   0.8   0.5   0.5   0.4   0.7   0.5   0.5   0.4   0.4   0.0   0.0   0.0   0.0   0.0   0.0   0.0   0.0   0.0   0.4   0.4   0.6   0.4   0.6   0.5   0.5   0.5   0.5   0.3   0.0   0.0   0.0   0.0   0.0   0.0   0.0   0.0   0.0   0.3   0.5   0.7   0.6   0.6   0.5   0.5   0.4   0.4   0.4   0.0   0.0   0.0   0.0   0.0   0.0   0.0   0.0   0.0   0.2   0.6   0.6   0.6   0.5   0.5   0.5   0.5   0.4   0.4   0.0   0.0   0.0   0.0   0.0   0.0   0.0   0.0   0.0   0.0   0.0   0.0   0.0   0.0   0.5   0.6   0.7   0.5   0.6   0.6   0.6   0.6   0.5   0.3   0.0   0.0   0.0   0.0   0.0   0.0   0.0   0.0   0.0   0.6   0.6   0.7   0.6   0.6   0.7   0.5   0.6   0.4   0.4   0.0   0.0   0.0   0.0   0.0   0.0   0.0   0.0   0.0   0.5   0.5   0.6   0.5   0.6   0.4   0.5   0.6   0.4   0.3   0.0   0.0   0.0   0.0   0.0   0.0   0.0   0.0   0.0   0.0   0.0   0.0   0.0   0.0   0.6   0.6   0.6   0.6   0.5   0.4   0.5   0.5   0.5   0.3   0.0   0.0   0.0   0.0   0.0   0.0   0.0   0.0   0.0   0.5   0.5   0.5   0.5   0.6   0.5   0.5   0.5   0.4   0.2   0.0   0.0   0.0   0.0   0.0   0.0   0.0   0.0   0.0   0.7   0.6   0.6   0.6   0.5   0.4   0.6   0.4   0.5 
B: * 22.0 26.3 28.8 23.0 31.5 20.0 32.0 21.7 26.8 31.0 30.2 30.1 30.3 29.5 30.2 29.1 30.3 28.9 28.7 * 22.0 23.0 28.5 23.6 25.6 25.0 21.0 24.4 30.1 29.5 29.3 29.7 29.2 29.9 28.9 29.4 29.6 27.8 25.2 20.0 24.8 23.0 23.3 24.2 26.4 26.2 23.5 28.2 31.1 29.6 30.1 28.6 29.8 29.8 27.6 29.9 27.5 28.8 27.3 34.0 * 23.6 23.5 29.8 24.0 24.2 29.5 30.7 29.4 29.3 29.0 29.9 28.6 28.3 27.8 28.6 24.1 25.6 24.0 25.0 24.0 26.7 23.5 24.8 25.2 28.3 27.3 25.3 29.1 24.4 31.1 28.5 30.7 29.4 29.9 29.8 29.2 29.2 28.9 30.0 22.5 23.5 25.0 29.2 23.2 24.0 25.8 23.4 24.5 29.3 29.5 29.5 28.8 29.2 29.4 28.5 29.7 28.4 31.4 31.0 27.3 27.0 24.7 24.3 22.3 28.0 30.1 25.2 30.4 29.2 30.7 27.6 29.4 28.7 28.3 27.7 28.5 28.1 23.0 25.2 29.0 25.0 * 25.3 23.3 27.1 27.7 22.6 32.2 26.1 24.0 25.5 30.4 29.7 28.8 29.4 29.9 28.0 29.0 29.6 28.2 29.9 24.7 26.2 26.2 23.2 35.0 24.2 22.5 26.0 24.1 29.2 29.9 28.6 28.5 28.5 29.0 29.2 28.7 27.6 27.6 25.0 24.3 26.5 23.6 26.8 20.7 25.2 21.2 26.5 29.1 30.2 29.3 28.4 29.2 27.9 28.4 27.6 26.7 
Direction: *  n n n n n n n n n n n n n n n n n n n*  n n n n n n n n n n n n n n n n n n n n n n n n n n n n n n n n n n n n n n n n*  n n n n n n n n n n n n n n n n n n n n n n n n n n n n n n n n n n n n n n n n n n n n n n n n n n n n n n n n n n n n n n n n n n n n n n n n n n n n n n n n n*  n n n n n n n n n n n n n n n n n n n n n n n n n n n n n n n n n n n n n n n n n n n n n n n n n n n n n n n n

