54.0: Count:   3.2 (  0.3) A:  17.2 [15-38] B:  33.4 [15-74] Phase: 100% 357 (18.9) Direction:  {359 181}
Phase: {4404,3237,3315,3420,3310,3109,3108,3044,3017,2777,2627,2709,2439,2467,2222,2186,2097,2023,1964,1671,1783,1626,1543,1501,1338,1354,1031,1218,1096,978,972,790,845,758,768,701,620,627,565,536,586,475,446,530,391,433,330,399,326,323,302,280,295,229,241,245,201,194,190,183,175,173,168,176,111,143,114,142,119,119,108,92,99,64,82,77,66,67,58,53,60,52,58,51,51,38,51,29,33,32,54,15,23,20,27,26,20,23,20,27,19,13,19,28,17,14,10,14,17,7,5,10,10,9,18,13,14,9,13,6,6,7,8,7,6,4,6,4,3,4,5,5,2,2,5,4,1,0,1,5,3,0,2,3,4,3,3,1,2,0,4,2,1,1,0,0,0,1,1,0,4,3,1,2,2,0,2,3,2,0,1,4,1,0,0,3,1,3,2,1,2,1,1,2,1,1,0,0,1,0,1,0,1,1,2,1,1,1,0,1,1,1,0,0,0,0,0,3,0,2,2,1,2,1,1,1,3,2,3,0,0,0,1,0,3,0,3,0,1,2,2,5,3,4,3,4,4,1,5,1,4,5,6,1,1,7,1,1,5,6,2,7,3,6,7,5,6,5,3,4,10,4,13,11,10,6,11,6,13,4,14,14,10,17,10,10,8,18,13,9,17,20,17,17,22,22,23,22,23,28,42,37,35,36,35,50,48,66,63,79,79,85,97,93,110,151,145,161,187,168,232,228,212,298,330,377,337,439,471,482,557,583,649,753,762,876,926,954,1192,1132,1332,1266,1635,1642,1465,1813,1862,2060,2180,2181,2353,2210,2761,2663,2851,2886,2937,3212,3011,3411,3229,3295,3529,3597,3386,3546,3548,3643,3527,3239}
Count:   2.5   2.6   3.0   3.3   3.6   4.4   4.1   4.1   3.9   3.9   3.8   3.8   3.6   3.6   3.3   3.4   3.1   3.2   3.1   3.1   3.0   3.0   3.0   3.6   3.8   3.7   3.5   3.6   3.6   3.6   3.2   3.1   3.0   2.8   2.8   2.9   3.1   2.8   2.8   2.7   2.8   2.7   3.0   2.7   2.9   2.6   2.9   3.1   3.6   3.3   3.6   3.3   3.3   3.2   3.2   3.3   3.1   2.7   2.8   2.7   3.0   2.9   3.0   2.7   2.9   2.9   3.3   3.5   3.3   3.2   3.6   3.2   3.5   3.3   3.2   3.1   2.9   3.0   3.1   2.9   3.1   3.0   2.8   2.9   2.7   3.4   3.7   3.5   3.2   3.4   3.3   3.4   3.2   3.2   3.0   3.2   2.8   3.0   3.0   3.3   2.9   3.0   2.8   2.8   3.4   3.7   3.7   3.5   3.4   3.1   3.1   3.3   3.4   3.2   3.1   3.0   2.8   3.0   2.8   2.9   2.7   3.0   2.7   3.5   3.6   3.4   3.2   3.2   3.0   3.2   3.1   3.4   3.1   3.0   2.8   3.1   2.8   3.1   2.9   3.1   2.8   2.9   3.0   2.9   3.0   2.8   2.9   3.5   3.5   3.6   3.6   3.6   3.6   3.5   3.3   3.5   3.1   3.1   3.0   3.1   3.0   3.0   3.0   3.1   3.1   2.9   3.7   3.7   3.4   3.5   3.4   3.3   3.2   3.5   3.2   3.2   3.2   2.9   3.0   3.0   2.9   2.8   2.8   2.7   3.0   3.4   3.5   3.6   3.5   3.5   3.3   3.2   3.4   3.2   3.1   2.9   2.8   2.7   3.0   2.9 
Direction:  n n n {359 181} n {0 180} {359 181} {0 180} n n {359 181} n n {359 181} n {1 179} n n n n n n n {2 178} {0 180} n n n n {357 183} n n n n n n {359 181} n n n n n n n n n n n n n {359 181} n n n n n n n n n n n n n n n n n n n n n n n n n n n n n n n n n n n n n n n n n n n n n n n n n n n n n n n n n n n n n {358 182} n n n n n n n n n n n {2 178} n n n n n n n n n n n n n n n n n {359 181} n n n n n n n n n n n n n n n n n n n n n n n {356 184} {3 177} n n n n n n n n n n n n n n n n n n n n n n n n {359 181} n n n n n n n

54.1: Count:   3.7 (  0.4) A:  17.2 [15-38] B:  33.3 [15-72] Phase: 100% 359 (19.7) Direction:  {359 181}
Phase: {4919,3654,3899,3857,3864,3616,3424,3780,3536,3426,3163,3207,2963,3075,2698,2750,2644,2544,2523,2167,2066,2031,1942,1749,1733,1703,1416,1561,1485,1208,1219,1068,1133,963,980,923,854,826,735,665,682,627,539,635,489,556,453,518,405,416,425,336,371,331,355,305,264,266,278,230,253,213,217,200,149,182,181,157,165,163,132,132,131,122,105,86,94,88,80,83,93,60,75,75,54,50,49,63,45,42,66,35,34,55,46,39,24,31,40,29,20,31,21,23,23,26,21,13,25,15,9,14,13,15,9,13,7,7,18,12,12,13,10,10,12,6,7,5,11,5,6,6,2,9,4,5,6,10,6,7,2,4,7,4,1,7,3,3,4,3,3,4,1,2,2,5,3,9,3,3,4,4,2,0,2,1,1,3,1,2,3,0,2,0,1,1,5,5,1,0,2,0,2,2,5,3,1,1,1,2,1,1,0,2,1,3,2,4,2,2,2,0,0,2,4,1,1,2,4,1,3,3,0,1,0,0,3,1,1,3,1,5,3,5,5,3,1,4,2,1,4,2,1,2,3,5,2,2,6,6,8,6,5,4,0,3,6,7,7,2,7,10,9,6,7,7,8,8,7,2,12,11,6,13,9,12,11,17,5,13,16,12,9,10,18,15,11,22,14,22,18,35,26,31,32,37,29,31,41,29,51,51,64,74,62,68,69,98,96,97,130,119,138,139,172,166,179,210,215,250,291,281,352,374,390,446,427,504,566,570,690,674,719,857,929,1074,1061,1127,1290,1296,1447,1412,1661,1852,1638,1910,2004,2240,2293,2329,2604,2395,2850,2909,3096,3098,3200,3475,3276,3587,3623,3723,3795,3898,3768,3883,4047,3933,3871,3656}
Count:   2.7   2.9   3.5   3.5   4.2   4.8   4.7   4.8   4.6   4.6   4.4   4.3   4.1   4.2   3.7   3.7   3.4   3.7   3.3   3.5   3.3   3.5   3.3   3.9   4.3   4.2   4.2   4.1   4.1   3.9   3.8   4.0   3.6   3.2   3.2   3.3   3.5   3.1   3.2   3.3   3.4   3.2   3.4   3.1   3.0   3.0   3.2   3.8   3.9   4.1   4.2   3.9   3.9   3.8   3.9   3.8   3.8   3.0   3.3   3.2   3.4   3.4   3.4   3.0   3.4   3.0   3.9   3.9   4.2   3.8   4.1   3.8   3.8   3.8   3.6   3.7   3.4   3.4   3.2   3.3   3.5   3.4   3.5   3.4   3.4   4.0   4.0   3.9   4.0   4.0   4.0   3.7   3.9   3.8   3.7   3.5   3.4   3.3   3.3   3.6   3.4   3.3   3.3   3.4   3.9   4.2   4.2   4.5   3.9   3.7   3.8   3.9   3.9   3.8   3.5   3.6   3.2   3.5   3.4   3.4   3.0   3.6   3.3   4.0   4.2   3.9   3.9   4.0   3.8   3.7   3.6   4.0   3.7   3.5   3.3   3.5   3.3   3.3   3.3   3.5   3.2   3.4   3.2   3.2   3.4   3.5   3.2   4.3   4.3   4.3   3.8   4.2   4.1   4.0   4.2   4.2   3.7   3.6   3.4   3.6   3.3   3.4   3.2   3.4   3.3   3.4   4.3   4.4   4.3   4.1   3.7   4.0   3.8   3.9   3.7   3.9   3.3   3.5   3.5   3.4   3.4   3.2   3.2   3.4   3.3   3.9   4.3   4.1   4.1   3.9   4.0   3.8   3.9   3.9   3.7   3.3   3.3   3.3   3.4   3.5 
Direction:  n n n {0 180} {359 181} {5 175} {358 182} {356 184} {0 180} {1 179} {359 181} {357 183} {1 179} {359 181} {358 182} {1 179} n {0 180} n {357 183} n n n {1 179} {0 180} {357 183} {3 177} {356 184} n {0 180} {1 179} {357 183} {358 182} n n {356 184} n n n n n n n n n n n n {357 183} n {358 182} n n n n n {0 180} n n n {358 182} n {0 180} n {355 185} n {0 180} n n n {359 181} n n n n {0 180} n n n {0 180} n n n n n n n n n n {358 182} n {359 181} {357 183} {1 179} n {357 183} n n n n n {359 181} n n {0 180} n {1 179} {358 182} n {359 181} {359 181} {359 181} {0 180} {359 181} {359 181} n n n n n n {359 181} {359 181} n n n {0 180} {359 181} {1 179} {2 178} {358 182} n n n n n {359 181} n {357 183} n n {0 180} n n {0 180} n {0 180} {2 178} {3 177} n {2 178} {0 180} n n {0 180} n {357 183} n {359 181} n n n n n n {1 179} {0 180} n n n {359 181} n {1 179} {359 181} n n n n n n n n n n n n n n {0 180} n n n {359 181} n n n n {359 181} n

54.2: Count:   3.1 (  0.4) A:  17.1 [15-35] B:  34.6 [15-69] Phase: 100% 360 (18.6) Direction:  n
Phase: {4102,3284,3405,3392,3437,3291,3134,3189,3064,3045,2940,2850,2573,2728,2485,2377,2382,2184,2184,1945,1894,1815,1780,1652,1449,1475,1264,1393,1286,1102,1058,1064,1049,932,854,783,782,769,723,661,640,640,575,648,465,558,429,508,487,435,429,439,411,366,358,365,320,321,310,287,305,251,285,281,199,245,229,215,213,197,182,152,188,134,169,119,131,128,110,137,90,80,94,89,82,68,100,78,73,42,100,37,34,44,65,44,42,32,41,42,20,30,27,29,29,20,21,22,30,17,17,14,21,20,21,21,11,15,9,12,17,12,12,8,11,13,12,13,14,4,8,5,11,12,4,7,5,5,5,6,6,5,9,2,9,8,8,4,3,4,6,1,2,2,3,5,4,3,4,0,6,1,4,4,3,6,4,7,3,0,3,2,1,4,1,4,0,2,3,0,1,0,1,2,7,3,4,4,6,2,1,1,1,3,1,3,7,4,4,1,3,0,3,4,1,2,2,2,3,3,1,1,2,3,2,2,0,4,4,4,1,0,2,4,3,3,1,3,0,7,1,5,2,3,2,5,5,4,2,2,3,1,1,9,5,1,4,7,10,11,5,3,12,4,4,7,3,5,8,12,7,5,12,11,10,9,10,20,12,10,21,13,5,15,16,15,12,23,25,19,22,24,16,26,20,24,36,29,26,29,29,34,40,43,34,31,33,72,76,65,65,70,77,73,81,102,93,133,119,146,144,152,164,205,195,238,268,258,321,332,354,405,451,487,532,611,606,637,827,821,894,926,1063,1187,990,1325,1306,1554,1557,1637,1853,1861,2200,2181,2360,2436,2416,2721,2646,2849,2905,3112,3107,3293,3219,3277,3439,3501,3479,3191}
Count:   2.3   2.3   2.9   3.0   3.8   4.3   4.3   4.3   4.2   3.9   4.0   3.7   3.5   3.7   2.8   3.0   2.8   3.0   2.8   3.0   2.7   2.9   2.7   3.2   3.8   3.7   3.7   3.6   3.5   3.3   3.1   3.2   2.8   2.6   2.5   2.6   2.7   2.6   2.6   2.5   2.8   2.5   2.8   2.5   2.6   2.5   2.6   3.2   3.4   3.6   3.4   3.5   3.3   3.4   3.4   3.0   3.1   2.4   2.6   2.4   2.8   2.6   2.8   2.4   2.7   2.5   3.3   3.5   3.5   3.2   3.7   3.4   3.4   3.2   3.2   3.0   2.8   2.7   2.8   2.4   2.9   2.8   2.7   2.7   2.6   3.3   3.6   3.4   3.5   3.5   3.4   3.2   3.2   3.4   3.1   2.8   2.8   2.6   2.8   2.8   2.9   2.7   2.7   2.7   3.5   3.7   4.0   3.7   3.3   3.3   3.3   3.2   3.2   3.0   2.6   2.8   2.8   2.7   2.6   2.6   2.6   2.6   2.7   3.4   3.6   3.2   3.4   3.4   3.3   3.4   3.1   3.4   3.2   3.0   2.6   2.8   2.5   2.9   2.6   2.8   2.8   2.7   2.7   2.6   2.9   2.8   2.6   3.6   3.6   3.5   3.2   3.7   3.3   3.6   3.5   3.7   3.1   3.0   2.8   2.8   2.7   2.7   2.6   2.7   2.5   2.6   3.5   3.7   3.6   3.6   3.4   3.5   3.4   3.5   3.2   3.3   2.8   2.7   2.7   2.7   2.7   2.6   2.5   2.6   2.7   3.6   3.4   3.9   3.6   3.7   3.5   3.4   3.4   3.4   3.3   2.8   2.7   2.7   2.7   2.6 
Direction:  n n {359 181} {2 178} n {4 176} {2 178} n {357 183} {0 180} {4 176} {0 180} n {1 179} n {3 177} n n n n n n n n {359 181} n n n n n n n n n n n n n n n n n {359 181} n n n n n n n n n n n n n n n n n n n n n n n n n n n {0 180} n n n n n n n n n n n n n n n n n n n n n n {2 178} n n n n n n n n n n n n {2 178} n n n n n n n n n n n n n n n n n n n n n n n n {0 180} n {0 180} n {1 179} n {358 182} n n n n n n n n n n n n n n n n n n n n n n n n n n n n {0 180} n n n n n n n n n n n n n n n n n n n n n n n n n n n n n n n n n

54.3: Count:   1.7 (  0.5) A:  16.7 [15-35] B:  33.6 [15-64] Phase: 100% 2 (16.5) Direction:  {1 179}
Phase: {2367,1995,2162,2080,1954,1982,1877,1906,1857,1818,1831,1651,1437,1549,1562,1379,1348,1209,1246,1031,1035,998,911,890,803,820,696,785,716,593,599,535,550,470,480,487,444,435,403,370,411,382,360,414,314,366,335,397,323,370,323,319,319,322,273,318,344,268,285,289,251,264,270,266,234,216,246,230,240,236,230,192,224,188,216,176,156,180,141,184,138,140,143,146,120,91,142,128,65,76,140,76,79,87,83,66,61,56,65,46,53,49,38,40,20,30,33,26,25,20,30,31,20,28,26,15,7,21,24,12,16,16,18,13,9,8,7,6,6,8,7,7,16,4,7,9,3,4,2,6,5,2,1,5,3,6,4,4,2,7,9,4,3,3,0,1,2,3,2,6,5,2,2,3,1,3,1,4,1,5,0,1,7,4,2,1,7,1,1,0,1,3,0,4,0,3,3,0,1,2,1,1,4,0,2,1,7,1,1,1,1,2,2,0,4,2,0,0,2,1,1,2,2,0,1,4,1,2,1,1,1,2,4,3,1,1,2,3,3,2,1,3,4,1,3,0,7,1,2,4,3,2,2,1,4,3,5,2,3,6,5,2,3,2,3,3,9,8,4,4,2,1,9,3,4,14,8,7,6,6,11,6,10,10,10,16,5,5,15,11,21,19,13,12,27,17,16,21,18,17,21,18,21,27,20,22,20,33,35,17,22,30,37,27,38,35,29,37,39,38,42,39,64,64,68,51,75,65,93,100,90,105,138,148,172,173,216,234,259,281,355,354,364,418,401,481,534,511,701,685,839,764,951,1085,1082,1165,1213,1276,1369,1570,1507,1657,1698,1816,1771,1871,2003,1942,2076,1885}
Count:   1.2   1.2   1.8   1.7   2.5   3.2   3.0   2.8   2.8   2.6   2.6   2.7   2.2   2.2   1.6   1.6   1.5   1.5   1.5   1.5   1.3   1.5   1.3   1.9   2.4   2.5   2.3   2.3   2.1   2.0   1.9   1.7   1.5   1.3   1.2   1.3   1.2   1.3   1.2   1.1   1.2   1.3   1.3   1.2   1.2   1.2   1.3   1.8   2.1   2.1   2.3   2.3   1.9   2.1   2.0   2.0   1.7   1.1   1.2   1.1   1.3   1.3   1.4   1.1   1.3   1.2   1.9   2.0   2.3   2.1   2.4   2.0   2.1   2.0   1.9   1.7   1.3   1.4   1.4   1.3   1.5   1.4   1.5   1.4   1.4   1.8   2.3   2.3   2.3   2.2   2.3   1.9   2.0   1.8   1.7   1.3   1.3   1.4   1.5   1.4   1.5   1.3   1.4   1.5   2.1   2.3   2.6   2.2   2.2   1.9   2.0   1.8   1.9   1.7   1.4   1.3   1.4   1.4   1.2   1.3   1.3   1.3   1.3   1.9   2.2   2.0   2.0   2.0   2.1   2.0   1.7   1.8   1.7   1.5   1.3   1.4   1.3   1.3   1.3   1.4   1.3   1.3   1.3   1.3   1.5   1.3   1.4   2.3   2.3   2.4   2.2   2.2   2.1   2.2   2.2   2.2   1.8   1.4   1.2   1.4   1.4   1.6   1.4   1.4   1.3   1.4   2.2   2.3   2.5   2.3   2.3   2.0   1.9   2.1   2.0   1.9   1.4   1.5   1.5   1.3   1.2   1.3   1.3   1.4   1.2   2.1   2.1   2.6   2.0   2.2   2.2   2.2   2.0   1.9   1.8   1.3   1.4   1.3   1.4   1.1 
B: 34.7 35.6 36.7 36.5 32.5 30.6 30.8 31.3 31.1 31.8 32.1 32.5 33.1 34.5 36.1 36.9 36.5 36.5 36.4 36.6 35.5 36.4 36.5 33.4 31.2 31.0 31.5 31.2 32.2 31.7 33.2 33.7 33.4 35.6 36.5 35.8 35.6 35.8 35.8 36.4 35.7 36.4 36.3 35.2 36.3 36.6 35.8 31.6 31.1 30.6 30.4 31.0 31.6 30.6 31.4 31.4 32.9 36.1 35.4 36.4 36.3 36.0 35.6 35.8 35.6 35.7 32.2 30.2 30.7 30.1 31.6 32.1 31.5 31.5 32.8 33.9 35.5 36.9 36.3 35.7 36.4 36.6 36.0 36.7 35.9 32.4 31.9 31.3 31.4 31.8 32.0 32.1 32.6 33.0 33.9 36.0 35.7 35.1 35.4 36.3 36.1 35.6 35.4 35.8 32.9 31.8 31.3 31.3 32.0 32.6 32.7 33.7 34.1 34.6 36.3 36.1 35.6 36.2 36.2 36.6 36.3 35.8 36.0 32.0 31.1 32.2 32.2 32.6 32.1 32.9 33.8 34.4 34.7 36.9 36.9 35.9 35.7 36.6 36.3 36.7 36.2 37.5 36.3 35.9 36.0 36.3 36.2 32.7 30.3 31.3 31.4 32.4 30.9 32.4 32.1 33.2 34.4 35.9 36.5 35.9 35.4 36.0 35.5 36.6 35.6 36.0 32.4 32.5 31.0 32.4 31.0 32.3 32.1 32.9 33.2 33.4 34.4 35.3 35.2 36.3 35.7 34.8 35.9 35.7 36.2 30.7 30.2 30.3 29.9 31.1 31.3 31.7 32.1 31.9 34.1 35.6 36.0 34.9 35.1 35.5 
Direction:  n n n n n n n n n n n n n n n n n n n n n n n n n n n n n n n n n n n n n n n n n n n n n n n n n n n n n n n n n n n n n n n n n n n n n n n n n n n n n n n n n n n n n n n n n n n n n n n n n n n n n n n n n n n n n n n n n n n n n n n n n n n n n n n n n n n n n n n n n n n n n n n n n n n n n n n n n n n n n n n n n n n n n n n n n n n n n n n n n n n n n n n n n n n n n n n n n n n n n n n n

54.4: Count:   1.1 (  0.5) A:  16.7 [15-36] B:  30.8 [15-66] Phase: 96% 4 (15.8) Direction:  {2 178}  31% 64 (13.4) Direction:  {26 154}
Phase: {1311,1059,1170,1220,1195,1108,1105,1120,1056,1044,1029,1059,908,878,838,801,835,772,763,595,677,572,598,550,519,530,426,522,471,418,396,356,425,364,341,327,305,311,303,313,266,289,312,283,285,344,298,285,268,267,294,272,299,260,296,277,257,259,254,320,278,275,359,328,261,306,261,313,267,247,286,237,335,316,312,256,261,294,242,272,226,267,208,227,212,234,226,216,172,142,266,121,144,157,141,128,112,134,123,99,102,106,74,99,87,90,88,60,59,47,74,42,44,48,46,45,57,52,42,37,36,34,32,23,25,35,29,20,18,15,20,14,18,15,18,11,12,19,11,19,18,9,8,11,6,10,14,11,5,9,9,10,11,9,7,12,7,6,3,5,7,3,3,3,6,10,4,5,3,5,0,4,0,9,3,0,1,3,2,0,1,0,0,7,2,1,2,0,4,2,0,0,2,2,1,1,2,4,2,1,2,2,1,0,1,3,6,5,3,6,0,2,0,5,2,2,6,2,4,3,0,1,1,0,4,0,2,2,0,4,5,1,2,6,6,7,0,1,1,1,5,3,5,4,10,4,1,3,1,1,4,6,1,2,7,5,2,5,9,5,8,4,4,8,8,8,1,4,3,4,10,6,2,10,11,6,9,6,12,6,16,9,9,18,12,16,20,20,2,5,19,18,17,24,17,16,13,12,19,15,18,20,20,17,18,23,19,21,32,28,23,29,32,37,28,42,30,43,43,35,56,66,50,77,74,85,50,102,98,124,134,139,168,192,159,236,215,283,300,331,339,362,441,470,497,550,610,682,681,803,711,877,885,941,914,1001,1084,976,1087,1023}
Count:   0.4   0.5   0.9   0.8   1.8   2.8   2.6   2.3   2.5   2.2   2.2   1.7   1.6   1.4   0.7   0.8   0.7   0.8   0.6   0.8   0.6   0.8   0.7   1.3   1.8   1.8   1.9   1.6   1.7   1.3   1.2   1.2   0.9   0.7   0.6   0.6   0.7   0.5   0.6   0.5   0.6   0.6   0.6   0.5   0.6   0.6   0.7   1.3   1.6   1.7   1.7   1.7   1.5   1.5   1.5   1.3   1.1   0.4   0.6   0.6   0.7   0.7   0.6   0.4   0.6   0.5   1.4   1.7   1.8   1.7   1.8   1.4   1.4   1.3   1.2   1.0   0.6   0.7   0.7   0.7   0.7   0.6   0.7   0.6   0.7   1.4   1.6   1.9   1.9   1.6   1.5   1.3   1.5   1.3   1.0   0.8   0.7   0.7   0.7   0.7   0.8   0.7   0.8   0.7   1.5   1.9   1.8   1.6   1.6   1.6   1.5   1.4   1.2   0.9   0.7   0.6   0.7   0.6   0.6   0.7   0.8   0.6   0.7   1.2   1.7   1.6   1.8   1.5   1.7   1.3   1.3   1.1   1.0   0.7   0.7   0.7   0.6   0.7   0.7   0.7   0.6   0.7   0.6   0.6   0.7   0.7   0.6   1.5   2.0   1.8   1.9   1.8   1.7   1.6   1.7   1.5   1.1   0.8   0.6   0.8   0.8   0.7   0.7   0.8   0.7   0.8   2.0   1.7   1.8   1.7   1.8   1.5   1.5   1.3   1.2   1.1   0.8   0.9   0.7   0.7   0.7   0.6   0.7   0.7   0.7   1.8   1.9   2.1   1.8   1.6   1.5   1.6   1.4   1.2   1.1   0.6   0.8   0.8   0.7   0.6 
B: 33.8 34.1 34.8 35.2 29.0 28.0 27.6 27.4 28.8 28.6 29.8 30.3 32.1 32.7 34.6 34.7 35.6 34.3 35.6 35.3 34.5 34.7 34.3 31.5 27.7 27.9 28.2 28.7 28.7 29.8 29.6 31.3 32.0 34.8 36.0 34.4 33.5 34.6 34.5 34.1 34.1 35.7 34.6 34.7 33.9 34.3 35.2 29.4 27.2 27.6 26.6 26.9 27.1 28.0 28.1 28.5 31.5 34.8 34.8 34.2 34.7 35.4 34.4 34.5 35.3 35.3 28.8 26.4 28.7 27.7 27.2 27.4 30.1 29.9 30.3 31.8 34.8 34.7 35.7 36.2 35.5 35.7 36.1 35.1 35.3 28.7 27.7 27.9 28.7 29.0 29.5 30.1 31.0 31.2 32.5 34.8 34.0 34.6 34.5 34.1 34.9 34.8 34.2 34.5 30.0 29.0 27.8 29.0 28.2 30.0 30.3 31.4 31.6 32.4 35.3 36.3 35.6 35.5 34.8 34.6 35.5 35.3 34.6 29.0 27.1 28.6 27.6 29.2 30.0 29.5 30.8 32.0 33.0 35.3 35.7 36.1 34.9 35.0 36.4 34.8 35.1 35.5 34.6 35.3 35.2 35.6 35.3 29.3 27.3 28.5 27.6 29.0 28.9 28.6 30.3 30.8 32.2 35.1 35.6 34.5 35.3 35.0 33.3 35.5 34.5 34.5 28.7 28.5 28.7 29.1 27.5 30.0 29.7 30.3 30.7 32.4 33.8 34.1 33.4 34.0 34.1 32.9 33.8 35.1 34.1 28.3 26.8 27.0 27.4 28.3 29.1 28.9 29.4 29.4 32.1 34.4 34.7 34.2 33.0 34.4 
Direction:  n n n n n n n n n n n n n n n n n n n n n n n n n n n n n n n n n n n n n n n n n n n n n n n n n n n n n n n n n n n n n n n n n n n n n n n n n n n n n n n n n n n n n n n n n n n n n n n n n n n n n n n n n n n n n n n n n n n n n n n n n n n n n n n n n n n n n n n n n n n n n n n n n n n n n n n n n n n n n n n n n n n n n n n n n n n n n n n n n n n n n n n n n n n n n n n n n n n n n n n n

54.5: Count:   1.2 (  0.7) A:  16.9 [15-38] B:  28.3 [15-62] Phase: 41% 73 (28.1) Direction:  {30 150}  87% 2 (17.1) Direction:  {1 179}  11% 23 (10.4) Direction:  {9 171}
Phase: {1054,773,956,893,998,957,906,846,841,905,856,825,759,825,740,800,660,723,687,561,544,520,550,519,442,506,451,514,485,364,444,388,385,363,336,388,326,369,358,329,324,334,344,301,282,361,322,363,297,325,263,309,328,305,355,364,320,316,312,316,350,352,324,424,306,386,361,378,355,349,408,325,433,383,415,379,412,400,360,386,402,342,355,371,333,373,363,400,306,270,524,247,281,345,333,263,252,311,257,249,261,234,218,238,249,210,211,181,177,148,165,133,136,147,148,125,85,138,112,83,93,82,106,61,93,81,66,101,62,52,52,67,65,63,33,42,40,41,38,24,37,26,46,33,34,32,19,23,29,13,23,11,15,27,7,23,11,13,22,20,20,4,7,9,12,10,12,9,9,15,7,3,4,3,7,6,10,7,6,6,19,4,5,4,9,1,7,6,1,7,3,6,5,2,3,6,1,2,2,1,1,6,3,5,3,2,5,0,5,1,0,6,3,3,4,7,2,1,4,3,9,3,5,1,3,1,3,3,6,9,2,5,1,4,7,4,2,3,5,1,2,4,5,1,7,7,4,5,4,4,10,1,9,4,3,4,6,7,12,7,8,10,9,8,7,7,10,11,3,8,16,11,8,7,16,10,11,18,6,12,11,11,14,13,13,10,9,16,6,13,21,14,19,10,11,19,7,18,12,14,20,33,28,14,24,26,28,28,20,24,27,31,30,39,33,47,29,39,50,46,56,64,56,92,66,67,81,97,109,107,139,163,158,191,177,187,227,260,270,298,351,289,407,444,452,477,512,550,584,580,625,623,688,766,725,823,828,789,827,822}
Count:   0.4   0.5   0.7   0.7   1.9   3.2   2.8   2.7   2.8   2.5   2.5   1.9   1.8   1.4   0.7   0.7   0.6   0.8   0.7   0.7   0.7   0.7   0.6   1.4   2.2   2.2   2.1   1.8   1.8   1.2   1.2   1.2   1.1   0.6   0.5   0.6   0.6   0.5   0.5   0.6   0.4   0.6   0.6   0.5   0.5   0.5   0.5   1.6   1.8   2.1   2.0   2.0   1.9   2.0   1.6   1.7   1.3   0.6   0.5   0.6   0.6   0.6   0.6   0.5   0.6   0.6   1.5   2.1   1.7   2.0   1.8   1.8   1.7   1.6   1.4   1.0   0.6   0.5   0.6   0.6   0.7   0.5   0.6   0.7   0.6   1.5   1.9   2.0   2.0   1.8   1.7   1.6   1.4   1.4   1.1   0.7   0.7   0.6   0.6   0.6   0.6   0.5   0.7   0.6   1.7   1.9   2.0   2.0   1.5   1.4   1.5   1.3   1.1   0.8   0.6   0.7   0.6   0.6   0.5   0.6   0.5   0.5   0.6   1.4   2.0   1.9   2.2   1.8   1.7   1.5   1.1   1.1   1.1   0.6   0.6   0.7   0.5   0.5   0.6   0.6   0.6   0.6   0.4   0.5   0.5   0.5   0.5   1.8   2.1   2.0   2.1   2.0   2.0   1.7   1.6   1.5   1.2   0.6   0.6   0.7   0.7   0.7   0.7   0.6   0.7   0.7   2.2   2.1   2.1   2.0   2.1   1.8   1.5   1.5   1.1   1.1   0.7   0.7   0.7   0.6   0.7   0.6   0.7   0.7   0.7   1.8   2.3   2.3   2.3   2.2   1.7   1.8   1.2   1.4   0.9   0.6   0.6   0.6   0.5   0.6 
B: 31.7 32.9 33.9 33.5 27.5 25.8 25.6 26.1 25.8 25.9 26.1 27.5 28.9 29.8 32.0 33.5 33.2 33.8 33.1 33.4 33.9 33.5 33.2 27.5 25.6 25.9 24.8 26.4 26.5 26.9 27.2 29.6 29.1 32.6 32.3 32.8 32.6 32.1 33.3 32.7 33.0 33.3 32.6 33.0 32.6 33.2 32.7 25.2 24.7 25.1 24.5 25.6 25.5 25.9 26.2 26.8 27.7 32.5 32.5 33.9 31.8 31.9 33.0 34.1 33.1 33.0 26.7 25.2 25.5 25.3 25.8 26.3 26.3 27.1 27.8 28.9 33.0 33.1 33.0 33.9 32.9 33.9 32.7 32.6 34.2 26.5 26.5 25.8 26.9 25.8 27.1 26.6 30.4 28.6 29.0 32.3 32.4 33.4 32.4 32.5 32.6 33.0 32.7 34.1 26.4 25.4 26.3 25.7 26.6 26.7 27.4 28.7 30.3 30.9 33.7 33.6 33.4 34.1 32.9 33.4 33.3 34.4 33.8 26.4 25.1 27.0 25.7 26.8 27.4 27.6 28.8 30.8 29.6 32.4 33.4 33.2 32.7 33.7 33.0 34.4 33.3 33.3 33.5 33.2 32.5 33.5 32.9 25.7 26.4 26.6 25.2 26.5 26.7 25.7 27.1 28.1 28.2 32.4 33.7 32.9 33.4 32.7 32.3 33.2 32.5 32.5 26.3 26.9 25.9 25.7 25.6 26.3 27.0 28.3 28.5 30.8 32.5 31.4 32.5 32.4 33.0 32.3 31.7 33.1 31.2 26.2 24.9 25.0 24.7 25.4 27.0 26.7 27.3 27.9 28.9 32.3 31.6 33.2 32.2 32.9 
Direction:  n n n n n n n n n n n n n n n n n n n n n n n n n n n n n n n n n n n n n n n n n n n n n n n n n n n n n n n n n n n n n n n n n n n n n n n n n n n n n n n n n n n n n n n n n n n n n n n n n n n n n n n n n n n n n n n n n n n n n n n n n n n n n n n n n n n n n n n n n n n n n n n n n n n n n n n n n n n n n n n n n n n n n n n n n n n n n n n n n n n n n n n n n n n n n n n n n n n n n n n n

54.6: Count:   1.4 (  0.8) A:  17.0 [15-35] B:  26.9 [15-61] Phase: 55% 76 (35.4) Direction:  {32 148}  94% 3 (15.7) Direction:  {1 179}
Phase: {965,704,889,838,926,859,869,843,881,849,860,773,808,789,729,629,764,756,750,595,657,607,625,524,517,529,424,538,493,457,426,437,455,431,409,402,379,327,389,361,373,379,344,378,307,403,331,371,355,332,381,341,333,387,389,341,367,342,360,399,383,381,425,495,310,442,459,462,466,424,445,372,504,500,515,480,482,537,490,455,499,554,457,481,471,463,498,491,469,431,660,358,436,493,493,443,433,413,423,397,402,381,335,415,409,351,386,330,347,280,303,285,337,298,320,279,227,290,239,204,225,187,205,162,197,182,178,163,152,168,146,104,128,123,109,122,89,129,115,83,78,79,63,75,56,59,61,50,62,54,44,43,51,65,30,35,38,56,42,31,22,16,26,29,22,24,19,30,14,21,24,17,9,6,7,20,21,13,15,10,18,15,15,6,10,5,9,16,18,5,15,11,6,11,7,6,8,4,6,5,4,7,8,9,6,8,10,5,7,8,9,3,8,0,5,8,5,10,3,2,3,5,3,5,6,6,7,5,7,11,4,6,6,7,9,7,4,9,2,2,8,2,8,13,4,5,10,10,7,10,14,4,8,9,9,7,8,3,4,10,5,9,12,11,6,14,5,7,4,8,26,7,5,13,3,12,12,12,10,4,10,8,18,8,8,10,17,17,12,12,14,17,17,23,16,18,14,14,13,15,27,26,30,16,28,30,21,26,27,25,39,15,32,42,41,37,31,53,56,53,79,92,63,81,77,114,86,87,122,116,153,163,220,219,204,261,245,301,306,322,361,338,437,441,424,459,487,564,568,586,607,656,670,756,678,722,755,818,797,744}
Count:   0.5   0.5   0.7   0.8   2.1   3.9   3.4   3.3   3.2   2.7   3.0   2.3   1.9   1.5   0.9   0.7   0.7   0.7   0.8   0.6   0.7   0.7   0.7   1.8   2.8   2.5   2.5   2.0   2.1   1.9   1.5   1.1   1.1   0.6   0.5   0.7   0.6   0.6   0.7   0.6   0.6   0.6   0.6   0.6   0.5   0.5   0.6   1.9   2.5   2.8   2.6   2.5   2.3   2.3   2.1   1.8   1.5   0.6   0.6   0.7   0.6   0.6   0.6   0.6   0.7   0.6   1.8   2.8   2.2   2.5   2.4   2.4   2.0   2.0   1.3   1.1   0.6   0.7   0.7   0.7   0.7   0.6   0.8   0.7   0.7   1.9   2.6   2.4   2.3   2.5   2.1   1.8   1.7   1.5   1.1   0.6   0.7   0.6   0.8   0.6   0.6   0.6   0.6   0.7   1.8   2.5   2.4   2.4   2.1   1.8   1.7   1.4   1.2   1.0   0.7   0.6   0.6   0.6   0.7   0.7   0.5   0.6   0.7   1.6   2.6   2.4   2.3   2.1   1.8   1.8   1.4   1.3   1.1   0.6   0.6   0.6   0.6   0.7   0.6   0.8   0.6   0.6   0.5   0.6   0.6   0.5   0.5   2.0   2.6   2.4   2.7   2.3   2.3   1.9   2.2   1.7   1.3   0.6   0.7   0.7   0.7   0.8   0.7   0.7   0.8   0.7   2.6   2.8   2.4   2.4   2.2   2.1   2.0   1.9   1.3   1.1   0.7   0.6   0.6   0.6   0.7   0.7   0.6   0.7   0.6   2.4   2.8   2.8   3.2   2.5   2.3   2.3   1.7   1.5   1.0   0.6   0.7   0.5   0.6   0.6 
B: 29.4 30.5 31.4 32.1 26.5 24.2 24.5 24.4 24.8 24.9 25.1 26.1 26.8 28.3 32.3 31.7 31.9 31.6 32.1 31.1 30.8 32.0 31.6 26.8 24.4 24.6 23.8 24.7 25.7 26.1 26.9 28.1 28.1 31.8 31.6 33.2 31.2 31.1 31.7 31.2 31.5 31.7 31.7 33.1 32.2 33.2 32.2 24.5 24.0 24.6 23.7 24.8 25.2 24.1 24.3 24.7 27.6 31.6 31.6 31.6 31.0 31.5 31.1 32.5 31.0 32.9 25.4 24.9 24.8 24.8 24.4 24.5 25.2 26.0 27.1 28.0 31.9 30.8 31.7 32.3 31.9 31.5 31.0 32.4 32.1 25.6 25.7 24.2 25.2 24.8 26.0 25.9 27.3 27.6 28.4 31.9 32.1 32.1 32.5 31.6 32.0 31.9 30.8 30.9 25.0 24.6 25.3 24.3 25.6 25.1 25.7 26.2 26.9 29.0 31.2 30.9 32.4 31.4 32.5 32.7 31.3 31.3 32.5 26.0 24.9 25.5 25.0 25.1 25.8 27.0 27.4 29.4 28.9 32.1 32.5 32.1 32.0 32.8 32.4 31.8 32.8 31.7 32.5 32.5 31.4 30.6 31.0 25.3 25.1 24.2 24.8 24.8 25.6 25.4 25.3 26.3 27.2 31.2 31.8 31.3 30.8 31.7 31.5 31.2 30.5 30.5 26.0 25.1 24.4 24.5 24.9 25.8 25.6 26.7 27.2 28.7 31.3 33.4 31.9 30.2 30.3 32.1 31.0 31.3 31.6 25.0 24.1 24.4 24.3 24.6 25.6 25.9 26.0 26.6 29.0 30.9 30.1 31.9 31.3 30.1 
Direction:  n n n n n n n n n n n n n n n n n n n n n n n n n n n n n n n n n n n n n n n n n n n n n n n n n n n n n n n n n n n n n n n n n n n n n n n n n n n n n n n n n n n n n n n n n n n n n n n n n n n n n n n n n n n n n n n n n n n n n n n n n n n n n n n n n n n n n n n n n n n n n n n n n n n n n n n n n n n n n n n n n n n n n n n n n n n n n n n n n n n n n n n n n n n n n n n n n n n n n n n n

54.7: Count:   1.6 (  1.0) A:  17.2 [15-36] B:  26.2 [15-65] Phase: 100% 41 (41.6) Direction:  {16 164}
Phase: {935,735,896,852,925,825,870,916,876,857,769,862,750,696,740,739,755,719,765,573,661,590,594,556,603,506,504,587,536,422,410,450,469,428,408,418,413,385,376,379,358,420,373,407,387,395,394,417,445,394,396,364,422,394,380,455,447,432,475,472,531,510,519,588,446,525,557,577,551,625,588,541,715,586,731,632,698,707,596,726,652,682,699,696,689,653,731,715,665,546,934,538,568,659,611,586,651,569,562,550,587,501,443,524,492,442,470,403,416,413,367,349,364,300,324,291,210,299,373,294,248,229,269,219,233,225,199,236,206,187,171,150,153,163,137,167,113,119,129,121,115,99,125,113,90,100,86,65,84,72,73,59,90,64,40,70,52,73,39,47,56,53,61,42,56,45,39,43,17,34,42,33,29,29,16,22,27,27,15,14,42,21,7,23,16,6,9,20,13,26,13,20,9,9,11,15,20,20,9,15,8,4,11,11,3,10,7,7,5,4,16,17,9,5,11,5,12,11,6,7,4,9,6,8,11,8,7,5,7,11,9,9,2,2,7,5,3,4,10,10,4,7,8,6,6,8,11,3,11,6,11,6,5,11,8,6,6,10,7,10,5,6,12,5,6,5,14,8,6,7,6,10,10,9,18,10,10,6,11,11,10,6,16,8,12,16,13,11,12,12,18,18,13,12,13,17,15,10,12,18,18,18,18,18,13,14,18,20,26,20,23,29,36,43,41,38,55,60,41,52,69,47,79,89,94,103,116,93,123,140,141,155,194,213,201,234,215,328,295,283,372,299,360,424,465,453,544,583,498,632,648,680,672,813,743,731,798,780,860,759}
Count:   0.5   0.6   0.7   0.8   2.8   4.3   4.0   3.9   4.0   3.1   3.1   2.6   2.2   1.7   0.8   0.7   0.6   0.7   0.7   0.7   0.7   0.8   0.6   1.9   3.2   3.0   3.0   2.5   2.3   2.0   1.7   1.4   1.2   0.6   0.6   0.7   0.4   0.6   0.7   0.6   0.5   0.6   0.6   0.7   0.5   0.6   0.6   2.3   3.3   3.3   3.0   2.8   2.9   2.8   2.4   2.3   1.7   0.8   0.6   0.6   0.6   0.7   0.6   0.6   0.8   0.6   2.0   3.5   2.8   3.1   2.9   2.7   2.3   2.5   1.7   1.4   0.7   0.6   0.5   0.6   0.7   0.6   0.7   0.5   0.8   2.5   2.7   3.0   2.6   2.9   2.6   2.2   1.9   1.6   1.1   0.7   0.7   0.7   0.9   0.6   0.6   0.7   0.6   0.6   1.9   3.0   2.9   2.9   2.5   2.3   2.0   1.5   1.5   1.0   0.7   0.7   0.6   0.7   0.7   0.5   0.7   0.7   0.6   1.7   2.9   2.8   2.8   2.2   2.3   2.0   1.6   1.2   1.2   0.6   0.5   0.6   0.7   0.6   0.6   0.7   0.7   0.6   0.6   0.7   0.7   0.8   0.7   2.4   3.1   3.1   3.1   3.0   2.7   2.5   2.6   1.9   1.5   0.5   0.6   0.7   0.7   0.8   0.8   0.7   0.9   0.8   2.9   3.0   3.0   2.6   2.7   2.6   2.5   1.9   1.6   1.3   0.7   0.6   0.6   0.8   0.6   0.7   0.5   0.7   0.5   2.8   3.4   2.9   3.4   2.8   2.7   2.2   2.1   1.6   1.1   0.8   0.6   0.6   0.7   0.7 
B: 30.0 29.8 30.7 30.3 25.9 24.0 24.6 24.3 24.4 24.0 25.2 24.9 26.2 27.8 29.7 31.7 31.8 31.7 30.2 30.5 31.3 31.6 31.1 26.7 23.3 24.3 24.7 24.5 24.4 25.1 25.8 27.8 27.3 31.2 30.8 31.3 31.0 31.7 30.2 31.1 30.3 30.8 31.6 32.2 31.1 32.4 31.5 25.3 23.7 24.4 23.6 25.0 24.4 23.8 24.4 24.6 26.2 30.6 30.8 30.7 29.9 31.1 30.0 31.6 29.5 30.6 25.3 24.2 24.0 24.3 24.5 24.3 24.6 25.7 26.5 27.8 30.2 31.0 31.1 32.0 31.3 31.1 30.4 31.8 30.3 24.3 24.5 24.2 23.5 24.8 25.1 25.1 25.6 26.2 28.5 31.5 31.5 31.0 30.4 29.1 30.3 31.1 31.2 31.1 26.0 24.3 24.5 23.9 24.8 24.7 25.6 25.8 26.8 28.3 29.9 31.4 30.7 31.1 31.1 32.0 30.9 31.4 31.8 24.6 24.9 24.7 25.1 24.5 24.7 25.8 26.4 27.2 28.0 32.3 31.4 30.7 31.0 31.6 31.1 31.2 32.1 32.1 31.6 32.2 31.5 31.7 32.3 24.9 24.5 24.0 24.6 24.1 24.6 25.4 24.5 25.9 26.9 31.0 31.5 30.8 30.1 30.6 30.8 29.8 31.0 29.8 24.2 25.3 24.0 24.6 25.2 25.2 24.8 25.0 25.8 27.9 30.0 31.5 31.4 30.5 30.9 30.0 29.1 30.4 29.4 24.0 24.2 24.3 24.2 25.3 24.6 24.8 25.5 26.6 28.8 29.9 31.0 31.0 30.9 29.9 
Direction:  n n n n n n n n n n n n n n n n n n n n n n n n n n n n n n n n n n n n n n n n n n n n n n n n n n n n n n n n n n n n n n n n n n n n n n n n n n n n n n n n n n n n n n n n n n n n n n n n n n n n n n n n n n n n n n n n n n n n n n n n n n n n n n n n n n n n n n n n n n n n n n n n n n n n n n n n n n n n n n n n n n n n n n n n n n n n n n n n n n n n n n n n n n n n n n n n n n n n n n n n

54.8: Count:   1.5 (  1.1) A:  17.3 [15-36] B:  25.7 [15-68] Phase: 52% 72 (39.1) Direction:  {30 150}  86% 3 (13.1) Direction:  {1 179}  16% 88 (24.5) Direction:  {37 143}  12% 87 (21.6) Direction:  {37 143}  12% 86 (19.0) Direction:  {36 144}
Phase: {878,665,801,710,819,729,745,753,798,696,743,718,671,653,606,616,622,594,599,508,519,523,555,499,450,511,349,523,401,397,408,386,364,372,336,348,371,345,363,315,337,354,313,373,341,387,274,457,374,338,433,374,436,400,446,473,480,421,503,481,527,519,581,640,534,611,588,678,689,704,716,639,725,719,753,704,805,812,728,789,785,788,808,832,812,808,831,891,727,694,1047,627,696,761,719,705,674,675,685,702,665,620,473,600,540,505,548,459,485,397,412,412,378,383,358,367,289,327,335,305,320,231,242,222,244,229,241,241,188,224,212,152,192,188,175,151,114,159,128,125,147,127,157,138,106,105,122,95,98,91,100,65,72,96,69,61,72,76,47,60,44,41,55,42,38,40,41,25,30,21,30,28,38,23,23,21,39,22,23,15,30,14,25,15,19,18,10,12,14,10,14,20,6,23,13,15,16,11,7,13,11,1,2,10,9,5,5,3,13,3,7,2,5,2,8,14,12,3,13,8,6,5,6,1,4,5,11,5,7,2,3,9,6,5,4,4,12,6,3,2,4,3,8,16,5,5,4,4,12,9,6,8,16,9,4,4,3,8,2,6,6,6,9,8,8,14,16,6,6,6,8,6,2,10,4,5,4,6,9,10,8,5,1,9,12,12,9,15,12,7,8,17,18,7,11,7,15,8,10,10,16,15,17,12,13,18,14,12,17,17,11,23,25,29,18,38,17,33,35,53,40,40,52,61,44,70,72,67,108,83,93,122,121,163,150,155,192,190,199,189,233,244,302,328,325,366,340,400,384,473,504,492,544,597,593,641,733,661,661,576}
Count:   0.4   0.5   0.7   0.5   2.7   4.6   4.3   4.1   4.1   3.3   3.3   2.5   2.3   1.7   0.7   0.6   0.6   0.5   0.6   0.5   0.5   0.6   0.5   2.2   3.4   3.0   3.1   2.6   2.1   2.0   1.8   1.1   1.1   0.5   0.5   0.5   0.5   0.5   0.4   0.6   0.5   0.5   0.5   0.6   0.4   0.4   0.5   2.5   3.5   3.0   3.1   3.0   2.9   2.8   2.5   2.3   1.7   0.6   0.6   0.5   0.6   0.5   0.6   0.5   0.6   0.5   2.2   3.6   3.1   3.0   2.7   2.7   2.3   2.1   1.5   1.2   0.5   0.6   0.5   0.6   0.6   0.5   0.6   0.5   0.6   2.4   2.9   3.2   2.6   2.8   2.6   2.3   1.9   1.4   1.2   0.5   0.6   0.5   0.5   0.6   0.6   0.5   0.6   0.6   1.8   3.3   3.0   2.9   2.7   2.3   2.0   1.5   1.5   0.9   0.6   0.5   0.7   0.6   0.6   0.6   0.6   0.6   0.7   2.0   3.1   2.9   2.8   2.4   2.3   1.8   1.6   1.0   0.9   0.5   0.5   0.4   0.5   0.5   0.6   0.6   0.5   0.5   0.5   0.5   0.6   0.5   0.7   2.6   3.3   3.2   3.4   2.9   2.7   2.4   2.5   1.9   1.4   0.5   0.5   0.5   0.8   0.7   0.5   0.7   0.7   0.6   3.2   3.4   3.1   2.5   2.7   2.6   2.5   1.9   1.7   1.0   0.6   0.8   0.6   0.5   0.6   0.6   0.4   0.5   0.4   3.0   3.3   3.0   3.3   2.9   2.8   2.3   1.8   1.7   1.0   0.6   0.6   0.6   0.4   0.6 
B: 27.3 30.3 30.8 30.7 25.2 24.1 23.8 24.5 23.7 23.7 24.7 24.5 25.4 26.6 31.0 30.2 31.5 31.7 30.7 30.8 31.4 31.3 31.8 25.8 23.1 23.0 23.7 24.4 23.9 24.4 24.9 26.2 26.3 30.4 31.5 30.4 30.0 32.0 31.2 31.6 30.5 31.1 29.5 30.8 30.8 31.3 31.2 24.8 24.3 24.1 24.3 24.0 23.8 23.9 24.0 24.4 24.5 31.2 30.2 31.1 30.4 30.7 31.8 30.5 31.1 30.5 24.7 24.1 23.8 24.2 23.7 24.1 24.1 25.1 26.4 26.6 31.0 31.4 31.3 30.4 30.7 32.5 30.6 31.6 30.3 24.6 24.7 24.3 24.1 24.3 24.1 24.4 25.3 25.7 27.5 30.3 31.2 30.2 30.5 29.8 31.2 31.4 31.1 30.7 25.6 24.4 24.5 23.3 25.0 24.1 24.9 25.3 26.9 26.8 29.5 31.6 31.1 30.8 30.4 31.7 30.9 30.2 32.5 24.1 24.4 23.8 24.7 24.7 25.1 24.5 24.8 27.9 27.6 31.2 32.5 30.9 32.2 30.6 31.0 30.0 30.8 32.1 32.1 32.1 30.5 31.0 32.2 24.1 24.4 23.7 24.0 24.4 24.4 24.3 24.5 25.1 25.6 31.6 30.7 30.3 30.3 30.2 30.7 28.9 30.4 30.2 23.6 24.1 23.9 23.7 24.4 23.9 24.8 24.4 26.2 27.1 31.1 31.0 31.1 30.7 30.2 31.0 30.0 30.4 28.5 25.2 24.5 24.5 23.9 24.3 23.7 24.8 25.2 25.8 26.7 30.4 31.1 31.3 31.7 31.9 
Direction:  n n n n n n n n n n n n n n n n n n n n n n n n n n n n n n n n n n n n n n n n n n n n n n n n n n n n n n n n n n n n n n n n n n n n n n n n n n n n n n n n n n n n n n n n n n n n n n n n n n n n n n n n n n n n n n n n n n n n n n n n n n n n n n n n n n n n n n n n n n n n n n n n n n n n n n n n n n n n n n n n n n n n n n n n n n n n n n n n n n n n n n n n n n n n n n n n n n n n n n n n

54.9: Count:   1.2 (  1.1) A:  17.4 [15-35] B:  24.2 [15-68] Phase: 32% 16 (30.7) Direction:  {6 174}  90% 89 (20.4) Direction:  {38 142}  16% 134 (15.7) Direction:  {67 113}
Phase: {406,291,363,304,389,365,337,366,371,330,313,372,320,351,325,289,353,368,335,255,289,284,256,251,247,245,218,254,270,233,206,291,263,208,223,260,267,274,241,236,273,248,266,230,243,260,242,244,261,290,258,298,291,322,323,337,341,347,369,325,407,419,461,531,473,478,503,571,520,594,588,543,685,690,725,758,714,820,771,816,777,802,820,823,833,853,900,856,845,737,1174,692,809,862,824,777,751,798,778,719,622,718,673,683,656,662,562,630,566,460,587,493,529,507,501,440,402,447,416,395,359,335,436,312,377,338,298,303,319,255,255,238,216,198,189,257,198,191,136,183,174,164,140,153,124,121,121,93,102,111,105,93,94,87,60,83,91,81,75,67,61,38,50,39,48,49,31,33,27,28,42,25,28,20,29,20,17,30,14,20,24,11,9,18,11,18,10,12,16,7,18,9,11,9,3,11,6,12,15,10,8,2,6,3,6,8,7,9,8,9,4,3,9,13,10,4,3,13,6,1,12,8,5,3,3,4,3,6,4,4,10,4,9,3,2,10,4,7,14,3,8,6,8,7,2,0,9,8,10,10,3,4,0,1,6,8,3,7,7,4,3,2,3,2,5,4,4,7,4,4,4,1,8,7,1,5,6,2,5,6,3,7,2,6,14,3,6,4,11,5,7,4,7,2,9,4,8,1,2,6,6,3,8,15,8,3,5,20,7,9,12,8,11,12,8,16,7,19,13,14,18,19,16,20,23,19,23,19,27,45,37,40,42,61,71,73,75,60,77,90,121,101,131,128,150,159,159,178,170,175,206,227,230,265,254,292,309,326,360,284}
Count:   0.2   0.2   0.3   0.2   2.5   4.5   3.7   4.2   3.7   3.2   2.8   2.4   1.8   1.3   0.4   0.3   0.3   0.2   0.3   0.3   0.2   0.2   0.3   1.8   3.0   2.9   3.0   2.6   2.3   1.8   1.4   0.7   0.8   0.2   0.2   0.2   0.2   0.2   0.2   0.2   0.3   0.2   0.2   0.2   0.2   0.2   0.1   2.2   3.0   3.0   2.9   2.6   2.9   2.6   2.2   2.0   1.3   0.2   0.3   0.3   0.2   0.3   0.3   0.3   0.2   0.3   2.0   3.3   2.8   2.6   2.5   2.4   2.0   2.0   1.2   0.8   0.3   0.2   0.3   0.3   0.3   0.2   0.3   0.3   0.3   2.5   2.8   3.2   2.2   2.4   2.3   2.0   1.5   1.1   0.8   0.2   0.3   0.3   0.2   0.3   0.3   0.3   0.3   0.3   1.7   3.3   2.8   2.6   2.3   1.9   1.3   1.1   0.9   0.7   0.2   0.3   0.3   0.2   0.3   0.3   0.2   0.2   0.3   2.1   2.5   2.6   2.5   2.3   2.1   1.7   1.2   0.8   0.6   0.2   0.2   0.2   0.3   0.2   0.2   0.2   0.2   0.2   0.2   0.2   0.3   0.3   0.2   2.5   3.0   3.0   3.0   2.9   2.2   2.2   1.9   1.6   1.1   0.2   0.2   0.4   0.5   0.4   0.3   0.4   0.3   0.3   2.9   3.2   3.0   2.6   2.4   2.2   2.1   1.4   1.3   0.7   0.3   0.3   0.4   0.2   0.2   0.3   0.2   0.2   0.2   2.9   3.3   2.8   3.1   2.5   2.5   1.7   1.5   1.3   0.8   0.3   0.2   0.3   0.1   0.2 
B: 27.9 27.8 30.3 29.5 24.1 23.5 23.1 23.4 23.1 23.5 23.3 23.7 25.0 24.4 29.4 29.6 28.8 29.0 30.9 30.1 30.6 28.6 30.3 24.2 22.8 22.6 22.1 22.7 22.8 22.4 23.1 25.3 25.5 30.9 29.5 29.1 29.7 29.2 30.5 30.2 30.6 29.0 28.4 29.1 31.3 29.4 29.1 23.5 23.0 23.1 23.2 23.1 23.1 23.3 22.9 23.5 23.1 28.5 31.9 29.9 27.5 28.5 28.7 29.0 30.8 30.5 24.5 23.3 23.7 23.7 23.0 22.8 23.2 23.1 24.5 25.5 29.1 28.9 31.1 28.3 29.5 29.2 29.8 28.1 28.5 24.2 23.5 23.5 23.1 23.7 23.2 23.4 23.4 23.8 26.1 27.9 29.1 29.6 28.4 30.7 29.6 29.5 28.9 28.0 24.3 23.6 22.9 23.0 24.3 23.7 23.6 24.2 25.0 25.3 29.5 29.0 29.0 30.2 29.7 29.7 27.9 30.2 30.3 23.3 24.0 22.9 23.1 23.5 23.9 23.1 23.9 25.1 26.1 30.2 31.0 28.5 29.6 29.8 31.2 28.2 29.2 29.1 29.3 29.4 29.8 29.9 29.6 22.8 23.3 23.4 23.4 23.3 22.6 22.9 23.8 23.7 24.4 28.9 29.8 27.8 30.6 29.3 29.7 27.9 27.3 28.5 23.4 22.8 23.4 23.1 24.1 23.5 23.8 23.5 25.1 24.9 27.3 29.4 28.4 29.8 30.3 30.1 30.0 27.2 29.1 24.9 24.0 24.3 24.1 23.3 22.5 24.0 24.3 23.7 24.4 29.5 28.3 30.4 31.5 30.4 
Direction:  n n n n n {36 144} n n n n n n n n n n n n n n n n n n n n n n n n n n n n n n n n n n n n n n n n n n n n n n n n n n n n n n n n n n n n n n n n n n n n n n n n n n n n n n n n n n n n n n n n n n n n n n n n n n n n n n n n n n n n n n n n n n n n n n n n n n n n n n n n n n n n n n n n n n n n n n n n n n n n n n n n n n n n n n n n n n n n n n n n n n n n n n n n n n n n n n n n n n n n n n n n n n

55.0: Count:   1.1 (  1.1) A:  17.4 [15-33] B:  23.5 [15-65] Phase: 73% 91 (28.6) Direction:  {39 141}  14% 112 (21.6) Direction:  {50 130}  11% 97 (11.1) Direction:  {42 138}
Phase: {232,110,161,172,201,170,159,202,181,179,190,162,138,181,179,159,195,164,208,173,165,143,177,175,168,180,138,185,169,129,132,156,155,171,184,167,168,161,193,148,173,162,172,217,183,213,164,233,226,246,245,228,238,209,254,222,282,280,320,281,336,336,340,339,302,380,406,475,468,427,500,496,514,536,574,550,586,625,589,681,728,750,705,751,707,794,722,842,799,665,1068,687,730,895,826,841,842,958,775,803,897,869,772,757,795,756,838,750,738,665,709,638,608,642,618,618,497,631,571,481,532,445,507,485,423,407,462,368,390,331,355,351,296,292,268,290,236,243,204,197,201,207,186,177,158,147,135,109,149,118,98,107,121,119,76,82,76,85,76,63,53,61,49,54,37,52,27,30,28,38,24,20,43,18,20,22,14,29,13,25,25,11,19,18,18,15,15,16,19,7,11,11,7,5,4,12,8,6,10,9,10,5,19,3,4,6,3,19,3,9,4,3,5,4,5,8,5,7,1,2,0,5,1,7,8,2,6,4,3,5,1,2,5,4,8,9,2,2,3,2,1,3,5,3,1,3,2,5,1,2,4,6,2,3,3,4,3,4,0,5,0,5,4,9,5,7,3,5,3,3,6,1,2,0,2,0,4,3,6,5,4,3,3,5,6,8,5,0,4,9,0,4,2,1,1,1,5,13,3,6,1,0,2,1,7,5,5,5,3,6,6,5,9,4,7,4,5,14,6,16,15,11,8,17,15,11,19,24,21,22,17,23,26,27,26,34,29,45,49,25,41,50,61,63,89,77,92,102,69,103,92,110,123,128,69,139,124,118,143,136}
Count:   0.1   0.1   0.2   0.1   2.6   4.6   3.8   3.9   3.6   3.0   2.5   2.1   1.4   1.0   0.2   0.1   0.2   0.2   0.2   0.2   0.1   0.1   0.2   1.6   3.0   2.6   2.7   2.4   2.0   1.6   1.1   0.7   0.6   0.1   0.1   0.1   0.1   0.1   0.1   0.1   0.1   0.1   0.1   0.1   0.1   0.1   0.1   2.0   3.1   2.7   2.9   2.5   2.6   2.1   2.1   1.9   1.2   0.2   0.1   0.2   0.1   0.2   0.2   0.2   0.2   0.1   2.0   3.0   2.6   2.3   2.4   2.2   1.8   1.6   1.1   0.7   0.1   0.1   0.1   0.1   0.1   0.1   0.1   0.2   0.1   2.2   2.7   2.6   2.2   2.4   2.2   1.7   1.2   1.0   0.5   0.1   0.1   0.2   0.1   0.1   0.1   0.1   0.1   0.2   1.6   3.1   2.6   2.5   2.0   1.9   1.3   0.9   0.8   0.4   0.1   0.2   0.1   0.1   0.1   0.1   0.1   0.1   0.2   2.1   2.7   2.8   2.3   2.1   1.7   1.5   1.2   0.7   0.5   0.1   0.2   0.1   0.1   0.2   0.1   0.1   0.2   0.1   0.1   0.2   0.1   0.1   0.1   2.5   2.7   2.8   2.6   3.0   2.3   2.1   1.6   1.6   0.9   0.2   0.1   0.1   0.2   0.2   0.2   0.2   0.2   0.2   2.8   3.0   2.7   2.3   2.0   2.3   1.9   1.4   1.1   0.6   0.2   0.2   0.1   0.1   0.2   0.1   0.2   0.1   0.1   2.9   3.1   2.8   3.1   2.5   2.7   1.6   1.3   1.0   0.6   0.1   0.1   0.2   0.2   0.1 
B: 25.6 27.8 27.7 27.8 24.5 23.2 22.9 22.8 23.2 22.6 22.1 23.7 22.7 23.8 28.2 26.3 27.0 27.9 28.1 28.6 28.4 27.0 27.5 24.0 22.8 22.3 22.3 22.2 22.1 21.9 21.8 24.5 24.7 26.0 29.6 27.6 27.1 28.0 25.9 29.8 27.0 25.0 24.6 27.3 26.6 27.4 26.1 23.4 23.2 23.6 22.7 23.0 23.2 23.2 22.4 22.3 22.6 28.1 27.8 26.5 24.6 26.3 26.0 26.2 26.7 26.6 24.3 23.7 23.6 23.0 22.7 22.4 22.7 23.5 23.2 23.4 28.2 28.4 27.1 26.3 26.8 27.4 27.7 27.3 27.2 24.3 22.7 22.8 22.7 22.9 23.5 23.0 21.3 23.5 24.3 27.1 27.1 27.2 27.2 27.6 28.3 25.1 27.9 26.5 24.6 23.0 23.2 24.2 23.2 22.9 22.6 22.3 23.7 24.1 27.2 27.6 26.5 28.6 29.8 25.7 27.0 24.6 27.0 22.9 22.9 23.2 23.5 22.6 24.3 22.4 23.7 24.5 23.7 28.6 29.4 28.6 27.4 26.5 27.8 28.1 28.4 27.9 26.6 27.9 28.8 26.8 27.3 23.0 22.8 23.5 23.3 22.9 22.8 22.8 22.5 22.1 22.3 26.8 28.7 25.7 27.4 26.3 25.9 26.5 27.3 27.4 24.5 23.6 23.0 22.6 23.0 23.2 22.9 23.1 23.1 24.9 28.3 30.0 27.6 28.5 27.5 26.8 26.6 27.7 27.6 24.8 24.2 24.6 23.1 24.1 23.1 22.6 23.0 22.3 24.0 27.2 23.4 26.9 27.3 27.6 
Direction:  n n n n n {41 139} n {35 145} n n n n n n n n n n n n n n n n n n n n n n n n n n n n n n n n n n n n n n n n n n n n n n n n n n n n n n n n n n n n n n n n n n n n n n n n n n n n n n n n n n n n n n n n n n n n n n n n n n n n n n n n n n n n n n n n n n n n n n n n n n n n n n n n n n n n n n n n n n n n n n n n n n n n n n n n n n n n n n n n n n n n n n n n n n n n n n n n n n n n n n n n n n n n n n n n

55.1: Count:   1.2 (  1.1) A:  17.3 [15-35] B:  23.9 [15-64] Phase: 72% 89 (33.8) Direction:  {38 142}  23% 105 (22.2) Direction:  {46 134}
Phase: {279,183,237,230,257,251,237,240,253,219,255,252,223,251,247,217,259,231,259,223,212,258,209,194,222,178,195,213,204,179,189,197,177,206,208,204,191,197,191,196,209,200,203,248,183,275,174,254,223,236,229,237,309,280,302,271,307,316,345,330,315,371,404,440,333,425,405,506,504,484,472,462,558,511,617,589,565,663,531,661,632,644,628,674,701,683,720,793,710,656,985,621,778,820,765,722,761,746,760,742,738,785,735,792,708,756,775,785,757,663,657,643,680,662,673,648,490,624,606,535,536,537,560,440,475,420,415,392,388,374,310,337,291,313,262,343,225,273,220,238,209,201,220,140,163,164,147,125,147,106,103,106,100,123,66,85,84,70,83,64,86,50,53,57,59,54,40,42,36,41,33,37,27,35,23,31,38,21,18,32,25,28,15,28,15,13,20,18,22,23,17,12,13,10,12,5,7,8,9,6,7,5,10,10,4,6,8,14,8,3,6,3,11,7,4,3,4,4,5,4,8,4,3,4,3,6,2,5,0,2,7,4,1,1,6,3,4,4,6,4,4,0,0,3,0,1,1,5,4,2,1,0,7,2,4,2,1,5,0,3,8,4,0,5,0,12,0,0,1,1,2,2,0,1,2,0,2,2,1,1,2,6,2,7,1,2,9,1,3,0,2,4,1,7,4,3,5,4,3,4,7,1,1,6,4,3,7,5,3,9,7,13,13,10,9,14,3,20,8,9,20,26,14,13,23,23,21,37,43,37,46,31,50,45,52,79,65,56,83,96,81,81,113,115,119,107,108,128,129,158,144,168,170,181,167,183,192,172,242,205}
Count:   0.1   0.2   0.2   0.3   2.5   4.6   3.5   3.8   3.5   3.3   2.4   2.1   1.5   0.9   0.3   0.2   0.2   0.3   0.2   0.3   0.3   0.3   0.2   1.5   3.1   2.8   2.5   2.5   1.8   2.0   1.2   0.8   0.6   0.2   0.2   0.2   0.2   0.2   0.2   0.2   0.2   0.2   0.1   0.2   0.2   0.2   0.2   2.0   3.3   2.7   3.0   2.3   2.5   2.2   2.2   1.9   1.3   0.3   0.2   0.3   0.2   0.2   0.3   0.3   0.2   0.2   2.2   3.1   2.9   2.5   2.4   2.2   1.8   1.6   1.1   0.8   0.2   0.2   0.2   0.2   0.2   0.2   0.2   0.2   0.2   2.3   2.6   2.6   2.1   2.5   2.3   1.9   1.4   1.1   0.6   0.3   0.1   0.2   0.3   0.2   0.3   0.2   0.2   0.3   1.7   2.8   2.6   2.6   2.1   1.9   1.6   1.2   0.8   0.6   0.2   0.2   0.2   0.3   0.2   0.2   0.2   0.2   0.3   2.1   2.6   2.6   2.3   2.2   2.0   1.6   1.1   0.7   0.4   0.2   0.2   0.2   0.2   0.2   0.2   0.2   0.3   0.2   0.2   0.2   0.2   0.2   0.2   2.5   2.5   2.5   2.8   2.8   2.2   1.9   1.5   1.7   1.0   0.2   0.2   0.2   0.3   0.3   0.3   0.3   0.2   0.2   2.7   3.3   2.7   2.5   2.2   2.2   2.0   1.3   1.2   0.6   0.3   0.3   0.3   0.3   0.2   0.2   0.2   0.3   0.3   3.0   3.1   2.8   2.8   2.7   2.9   1.9   1.3   1.1   0.6   0.2   0.2   0.2   0.2   0.2 
Direction:  n n n n n {42 138} n n n n n n n n n n n n n n n n n n n n n n n n n n n n n n n n n n n n n n n n n n n n n n n n n n n n n n n n n n n n n n n n n n n n n n n n n n n n n n n n n n n n n n n n n n n n n n n n n n n n n n n n n n n n n n n n n n n n n n n n n n n n n n n n n n n n n n n n n n n n n n n n n n n n n n n n n n n n n n n n n n n n n n n n n n n n n n n n n n n n n n n n n n n n n n n n n n

55.2: Count:   1.3 (  1.1) A:  17.4 [15-36] B:  24.3 [15-67] Phase: 43% 22 (36.9) Direction:  {9 171}  92% 94 (20.8) Direction:  {40 140}
Phase: {450,334,421,327,406,424,379,435,407,393,401,428,365,408,420,391,389,360,405,339,389,320,380,338,307,305,280,336,322,302,267,335,277,288,282,285,276,275,277,245,283,274,304,281,274,310,284,287,260,339,369,370,351,352,394,440,381,404,481,448,469,427,518,556,482,541,566,574,599,554,580,608,760,723,694,708,685,768,667,782,760,792,758,848,747,737,847,775,791,660,1065,683,732,799,852,743,706,718,683,735,703,678,663,739,633,637,695,579,644,542,512,490,611,487,498,495,397,479,473,386,420,342,428,367,341,334,326,330,275,292,296,274,240,246,196,244,196,255,229,218,174,160,168,188,149,153,125,132,144,140,115,118,104,134,80,90,101,84,76,65,90,76,65,62,59,68,65,50,57,47,52,47,49,51,44,33,37,35,24,25,57,37,23,23,24,28,8,31,21,19,19,29,22,11,16,12,7,6,15,13,10,10,10,19,14,14,11,9,14,9,10,9,5,7,10,9,5,13,4,2,5,3,2,4,1,5,6,0,3,12,5,2,1,1,4,4,10,2,7,4,2,1,4,1,3,3,3,5,1,1,3,5,7,0,8,3,1,12,2,7,1,3,2,1,4,3,5,3,2,0,1,0,1,5,1,1,5,5,4,2,2,5,3,5,1,10,7,1,2,6,7,3,2,1,6,4,5,9,4,6,7,10,7,9,9,8,9,14,7,9,20,8,22,21,15,30,26,31,20,29,51,48,54,54,52,49,57,49,62,78,80,81,98,92,115,128,117,150,163,134,155,191,204,154,237,221,207,295,237,301,268,294,308,286,312,340,389,349,357,310}
Count:   0.3   0.4   0.4   0.4   2.7   4.5   4.0   3.9   3.8   3.4   2.6   2.3   1.9   1.4   0.4   0.4   0.3   0.4   0.4   0.5   0.4   0.3   0.4   1.7   3.4   2.9   2.8   2.9   2.1   2.2   1.5   1.0   1.0   0.4   0.3   0.3   0.3   0.3   0.4   0.4   0.4   0.3   0.4   0.3   0.4   0.5   0.3   2.2   3.2   3.0   3.3   2.4   2.8   2.4   2.4   2.1   1.4   0.3   0.4   0.5   0.3   0.3   0.5   0.4   0.4   0.4   2.1   3.3   2.9   2.6   2.6   2.3   2.0   1.9   1.5   1.1   0.3   0.4   0.3   0.3   0.3   0.4   0.3   0.4   0.4   2.4   3.0   3.0   2.3   2.4   2.3   2.1   1.7   1.4   0.7   0.4   0.3   0.5   0.5   0.4   0.4   0.4   0.4   0.4   1.9   2.8   2.7   2.8   2.3   2.1   1.7   1.3   0.9   0.7   0.4   0.4   0.4   0.4   0.4   0.4   0.3   0.4   0.3   2.3   2.7   2.8   2.6   2.5   2.0   1.8   1.4   1.1   0.7   0.3   0.4   0.4   0.4   0.4   0.4   0.4   0.4   0.4   0.3   0.4   0.3   0.4   0.3   2.7   2.7   2.8   2.8   3.2   2.5   2.3   2.1   1.9   1.1   0.3   0.3   0.4   0.5   0.4   0.5   0.5   0.5   0.3   2.8   3.0   2.9   2.8   2.4   2.2   2.2   1.6   1.4   0.8   0.4   0.4   0.4   0.4   0.4   0.4   0.4   0.4   0.5   3.0   3.0   3.0   3.1   2.9   3.0   2.0   1.6   1.3   0.9   0.4   0.4   0.4   0.3   0.4 
Direction:  n n n n n n n n n n n n n n n n n n n n n n n n n n n n n n n n n n n n n n n n n n n n n n n n n n n n n n n n n n n n n n n n n n n n n n n n n n n n n n n n n n n n n n n n n n n n n n n n n n n n n n n n n n n n n n n n n n n n n n n n n n n n n n n n n n n n n n n n n n n n n n n n n n n n n n n n n n n n n n n n n n n n n n n n n n n n n n n n n n n n n n n n n n n n n n n n n n n n n n n n

55.3: Count:   1.2 (  1.1) A:  17.5 [15-38] B:  24.1 [15-68] Phase: 61% 78 (30.5) Direction:  {32 148}  15% 124 (18.4) Direction:  {58 122}  16% 83 (11.3) Direction:  {34 146}  21% 82 (12.2) Direction:  {34 146}  28% 6 (13.1) Direction:  {2 178}
Phase: {326,226,286,233,293,282,242,257,279,284,278,310,241,280,274,265,260,241,277,248,301,265,256,275,221,242,208,251,276,262,241,192,235,232,239,212,215,253,246,237,290,246,266,286,266,293,266,331,324,344,379,337,383,399,374,454,482,421,438,462,554,540,599,633,576,624,675,695,766,760,733,772,839,871,905,897,895,866,826,897,899,881,910,943,894,826,877,947,795,727,1086,699,763,836,709,705,770,783,592,659,586,583,520,634,480,553,563,499,562,434,455,485,453,438,422,389,326,410,374,370,362,276,337,259,276,281,275,218,265,218,208,218,153,232,197,215,161,189,171,159,137,139,163,151,133,144,140,123,131,108,116,102,127,105,82,94,98,89,103,65,69,65,62,71,66,60,61,56,51,51,49,51,56,67,36,42,41,51,29,39,41,16,21,19,24,17,27,24,22,17,18,14,14,11,14,9,25,4,20,9,4,15,7,13,8,9,1,7,8,2,2,6,11,7,5,4,4,4,4,1,5,4,4,5,3,1,5,5,11,10,5,4,6,6,4,4,4,4,3,2,4,4,5,1,1,3,1,4,2,7,7,5,0,6,10,8,6,2,12,5,1,3,4,1,0,2,8,4,2,2,3,1,1,3,3,1,0,5,2,0,0,2,0,1,0,2,3,3,5,2,6,3,2,4,3,0,6,3,4,7,7,2,0,7,4,4,0,7,7,5,4,6,11,6,17,18,10,8,8,16,13,18,20,15,18,20,12,33,27,39,34,46,49,48,48,48,52,59,73,81,74,74,102,92,116,106,120,150,108,135,164,139,199,154,186,188,252,192,233,202}
Count:   0.3   0.2   0.3   0.3   2.2   4.3   3.8   3.6   3.4   3.3   2.6   2.3   1.8   1.4   0.3   0.3   0.3   0.3   0.2   0.2   0.4   0.2   0.2   1.6   3.4   2.9   2.5   2.5   2.2   2.0   1.5   1.1   0.9   0.2   0.3   0.2   0.2   0.2   0.2   0.2   0.2   0.1   0.2   0.2   0.2   0.2   0.2   2.1   3.0   2.8   3.0   2.1   2.6   2.3   2.3   1.8   1.4   0.3   0.2   0.2   0.2   0.3   0.2   0.3   0.2   0.3   1.9   2.9   2.8   2.6   2.4   2.2   2.1   1.8   1.4   0.9   0.2   0.3   0.3   0.3   0.2   0.2   0.2   0.3   0.2   2.2   2.6   3.0   2.5   2.2   2.1   2.0   1.7   1.2   0.7   0.3   0.2   0.3   0.3   0.3   0.2   0.3   0.4   0.3   1.6   2.6   2.6   2.6   2.1   2.0   1.7   1.6   1.0   0.7   0.2   0.2   0.2   0.3   0.2   0.2   0.3   0.2   0.2   2.1   2.3   2.8   2.8   2.5   1.8   1.7   1.3   0.9   0.5   0.2   0.2   0.3   0.3   0.3   0.2   0.3   0.2   0.2   0.3   0.2   0.2   0.3   0.3   2.4   2.6   2.7   2.6   3.0   2.4   2.3   2.2   1.9   0.9   0.3   0.3   0.2   0.3   0.3   0.4   0.3   0.4   0.2   2.7   2.7   2.9   2.9   2.3   2.1   2.0   1.6   1.3   0.8   0.3   0.3   0.3   0.3   0.3   0.3   0.3   0.2   0.3   2.9   3.0   2.8   2.8   2.5   2.8   2.2   1.6   1.2   0.7   0.3   0.3   0.2   0.2   0.3 
Direction:  n n n n n {39 141} n n n n n n n n n n n n n n n n n n n n n n n n n n n n n n n n n n n n n n n n n n n n n n n n n n n n n n n n n n n n n n n n n n n n n n n n n n n n n n n n n n n n n n n n n n n n n n n n n n n n n n n n n n n n n n n n n n n n n n n n n n n n n n n n n n n n n n n n n n n n n n n n n n n n n n n n n n n n n n n n n n n n n n n n n n n n n n n n n n n n n n n n n n n n n n n n n n

55.4: Count:   1.0 (  1.0) A:  17.2 [15-34] B:  23.7 [15-64] Phase: 79% 88 (27.9) Direction:  {37 143}  15% 90 (18.4) Direction:  {38 142}
Phase: {125,74,94,105,93,102,106,117,117,106,93,118,88,106,115,97,156,138,137,94,97,119,135,140,129,111,114,102,112,118,143,118,151,116,116,125,158,173,148,161,157,175,191,185,139,190,202,216,215,215,236,235,243,244,236,306,273,303,394,385,405,369,382,470,440,507,468,445,493,554,586,569,631,662,631,657,631,783,682,735,716,837,779,812,817,760,823,781,710,692,1026,685,753,773,762,786,674,791,711,696,624,688,529,632,561,582,590,564,544,471,496,489,491,398,474,449,337,480,370,353,329,322,334,315,340,305,301,281,278,259,236,245,219,232,162,220,158,210,146,197,181,137,106,130,116,124,139,121,111,105,79,89,96,110,66,62,65,80,58,60,61,46,50,52,50,73,29,50,28,25,33,36,29,31,19,25,15,30,21,20,33,15,6,18,26,16,15,18,8,6,8,13,5,10,3,7,7,7,6,2,3,9,9,8,1,5,6,7,4,4,2,5,1,0,2,5,3,5,6,4,3,1,5,2,3,3,1,0,3,2,1,3,3,3,4,0,1,2,0,0,2,0,0,3,1,3,0,1,3,0,7,0,0,0,2,0,0,0,0,9,0,0,2,1,0,3,1,0,0,3,3,0,0,3,4,1,0,1,0,0,0,0,1,2,1,0,6,2,0,1,4,1,0,1,4,0,2,0,2,0,0,2,2,1,3,2,0,5,2,5,5,4,6,6,0,14,6,11,4,8,3,8,9,13,13,7,14,13,15,11,18,14,20,8,16,27,33,22,32,39,31,16,22,35,42,41,40,54,57,49,53,64,59,75,67,60,88,63,88,61}
Count:   0.1   0.1   0.1   0.1   1.9   3.8   3.1   3.3   2.8   2.9   2.2   2.2   1.5   1.0   0.1   0.1   0.1   0.1   0.1   0.1   0.1   0.1   0.1   1.2   2.8   2.3   2.2   2.0   1.8   1.6   0.9   0.7   0.5   0.1   0.1   0.1   0.1   0.2   0.0   0.1   0.1   0.1   0.1   0.1   0.1   0.1   0.1   1.6   2.2   2.4   2.6   1.9   2.0   2.0   1.7   1.6   1.3   0.1   0.1   0.1   0.1   0.1   0.1   0.2   0.1   0.1   1.6   2.4   2.6   2.2   2.3   1.8   1.9   1.4   1.1   0.6   0.1   0.1   0.1   0.1   0.1   0.1   0.1   0.1   0.1   1.7   2.1   2.5   2.1   1.7   1.9   1.9   1.2   0.8   0.5   0.1   0.1   0.1   0.2   0.1   0.1   0.1   0.1   0.1   1.5   2.3   2.0   2.2   1.8   1.7   1.5   1.1   0.5   0.4   0.1   0.1   0.1   0.1   0.1   0.1   0.1   0.1   0.1   1.6   1.8   2.2   2.4   2.2   1.2   1.3   1.0   0.7   0.4   0.1   0.1   0.1   0.1   0.1   0.1   0.2   0.1   0.1   0.1   0.1   0.1   0.1   0.1   2.2   2.4   2.3   2.2   2.4   2.1   2.0   1.6   1.4   0.8   0.1   0.1   0.1   0.2   0.2   0.2   0.1   0.1   0.1   2.2   2.3   2.4   2.4   2.0   1.9   1.6   1.4   1.1   0.5   0.2   0.1   0.2   0.1   0.1   0.1   0.1   0.2   0.1   2.5   2.6   2.4   2.4   2.1   2.2   2.1   1.4   0.9   0.5   0.1   0.1   0.1   0.1   0.2 
Direction:  n n n n n n n n n n n n n n n n n n n n n n n n n n n n n n n n n n n n n n n n n n n n n n n n n n n n n n n n n n n n n n n n n n n n n n n n n n n n n n n n n n n n n n n n n n n n n n n n n n n n n n n n n n n n n n n n n n n n n n n n n n n n n n n n n n n n n n n n n n n n n n n n n n n n n n n n n n n n n n n n n n n n n n n n n n n n n n n n n n n n n n n n n n n n n n n n n n n n n n n n

55.5: Count:   0.7 (  0.8) A:  16.9 [15-32] B:  23.8 [15-61] Phase: 86% 96 (22.5) Direction:  {41 139}  13% 105 (11.5) Direction:  {46 134}
Phase: {29,13,11,15,18,12,15,8,17,18,20,18,16,33,21,26,26,24,25,21,18,35,20,36,24,25,25,20,46,49,38,38,45,40,60,46,56,57,66,60,60,57,57,85,86,86,77,100,111,120,91,107,99,120,126,138,175,124,162,162,171,181,192,227,219,220,244,274,282,291,320,351,395,402,406,393,386,513,423,454,471,545,550,526,551,605,574,631,678,601,879,656,674,679,705,650,695,707,691,676,708,672,681,700,637,735,667,618,667,568,598,580,542,602,531,444,407,466,507,391,399,371,376,341,366,322,294,335,277,271,280,213,202,240,186,230,165,180,151,145,143,137,145,130,109,135,87,96,103,73,78,68,83,69,42,58,30,43,29,49,32,26,40,35,44,16,14,23,12,11,17,21,8,9,8,11,4,13,3,6,19,4,6,4,9,4,5,4,6,6,1,1,5,4,1,4,3,1,1,0,0,3,6,3,1,0,0,2,3,0,0,2,5,0,2,0,0,6,0,0,0,0,1,0,1,0,1,2,0,2,0,0,0,2,1,0,0,1,0,1,0,4,1,4,0,3,0,0,0,0,0,3,0,0,0,0,0,0,0,0,0,0,0,0,0,0,0,2,0,0,0,0,0,2,0,1,0,2,0,0,0,0,0,0,0,0,0,0,2,0,0,0,0,1,0,0,0,0,1,0,0,0,3,0,0,0,0,0,2,1,0,0,7,0,0,0,0,0,1,0,1,4,4,1,0,2,0,1,1,1,0,0,1,4,1,3,0,0,3,3,2,4,9,14,7,12,4,11,3,12,11,16,5,9,17,14,13,11,13,17}
Count:   0.0   0.1   0.0   0.0   1.8   3.5   3.2   2.7   2.4   2.5   1.8   1.9   1.2   0.6   0.1   0.0   0.0   0.1   0.0   0.0   0.1   0.1   0.0   0.9   2.0   2.0   1.8   1.6   1.5   1.4   0.8   0.5   0.2   0.0   0.0   0.1   0.0   0.0   0.0   0.0   0.0   0.0   0.0   0.0   0.0   0.0   0.0   1.2   1.7   1.7   2.0   1.9   1.7   1.6   1.4   1.0   0.9   0.0   0.0   0.1   0.0   0.0   0.0   0.0   0.0   0.0   1.5   1.8   2.1   1.7   1.6   1.3   1.4   1.0   0.7   0.3   0.0   0.0   0.0   0.0   0.0   0.0   0.0   0.0   0.0   1.2   1.9   1.9   1.7   1.3   1.5   1.3   0.9   0.5   0.3   0.0   0.0   0.1   0.0   0.0   0.0   0.0   0.0   0.0   1.4   1.7   1.7   1.5   1.6   1.4   1.1   0.8   0.4   0.2   0.0   0.0   0.0   0.0   0.0   0.0   0.0   0.0   0.0   1.3   1.2   1.7   1.9   1.7   0.9   0.9   0.6   0.4   0.2   0.0   0.0   0.0   0.0   0.0   0.0   0.0   0.0   0.0   0.0   0.0   0.0   0.0   0.0   1.8   1.8   1.7   1.6   2.0   1.6   1.4   1.2   0.9   0.5   0.0   0.0   0.0   0.0   0.1   0.0   0.0   0.0   0.0   1.6   1.7   2.1   1.9   1.7   1.2   1.2   0.9   0.7   0.3   0.1   0.0   0.0   0.0   0.0   0.0   0.0   0.1   0.1   1.9   2.0   2.1   1.8   1.7   1.8   1.7   1.1   0.7   0.4   0.0   0.1   0.0   0.0   0.0 
Direction:  n n n n n n n n n n n n n n n n n n n n n n n n n n n n n n n n n n n n n n n n n n n n n n n n n n n n n n n n n n n n n n n n n n n n n n n n n n n n n n n n n n n n n n n n n n n n n n n n n n n n n n n n n n n n n n n n n n n n n n n n n n n n n n n n n n n n n n n n n n n n n n n n n n n n n n n n n n n n n n n n n n n n n n n n n n n n n n n n n n n n n n n n n n n n n n n n n n n n n n n n

55.6: Count:   0.6 (  0.7) A:  16.7 [15-33] B:  24.2 [15-66] Phase: 88% 100 (21.2) Direction:  {43 137}  12% 93 (10.0) Direction:  {39 141}
Phase: {0,3,3,2,4,3,7,7,2,2,8,2,7,6,6,6,3,6,15,6,23,10,18,7,11,12,16,25,29,15,12,30,23,21,27,35,39,30,31,45,34,40,59,55,45,69,56,77,47,68,89,88,82,80,100,122,96,96,123,120,145,168,179,170,122,191,179,202,236,217,245,231,247,286,339,309,342,464,387,442,413,414,490,523,509,521,583,594,553,498,782,615,585,656,712,660,625,724,706,685,656,705,624,686,639,623,684,653,657,519,585,525,556,516,479,465,373,526,460,362,438,413,384,363,328,354,326,322,286,240,253,228,210,196,156,172,156,186,142,109,136,150,116,123,85,82,77,73,84,73,54,53,77,65,57,44,20,38,40,33,42,15,20,21,15,22,18,20,26,13,6,14,8,17,5,9,8,5,8,0,19,3,2,6,3,1,4,0,2,0,0,3,1,9,1,2,0,1,2,2,4,1,1,2,2,0,3,2,0,0,1,1,0,0,1,0,0,2,1,1,2,0,0,0,0,2,0,0,1,0,0,0,0,0,0,0,0,0,0,0,0,0,0,0,0,0,0,0,0,0,0,0,0,0,0,0,0,0,0,0,0,0,0,0,0,0,0,0,0,0,1,0,1,0,0,0,0,0,0,0,0,0,0,0,0,0,0,0,0,0,0,1,0,0,0,0,0,0,0,0,0,0,0,0,0,0,0,0,0,0,0,2,1,1,0,0,0,4,1,0,0,0,0,0,0,3,4,2,0,0,3,2,1,0,1,0,0,1,0,0,0,0,1,3,4,0,1,2,5,3,3,3,3,3,5,2,3,3,3,4}
Count:   0.0   0.0   0.0   0.0   1.5   2.9   3.0   2.6   2.4   2.4   1.7   1.7   1.0   0.6   0.0   0.0   0.0   0.0   0.0   0.0   0.0   0.0   0.0   0.6   1.8   1.8   1.8   1.4   1.3   1.2   0.7   0.5   0.3   0.0   0.0   0.0   0.0   0.0   0.0   0.0   0.0   0.0   0.0   0.0   0.0   0.0   0.0   1.2   1.5   1.4   1.6   1.6   1.3   1.4   1.2   0.9   0.9   0.0   0.0   0.0   0.0   0.0   0.0   0.0   0.0   0.0   1.4   1.3   1.9   1.6   1.3   1.1   1.2   0.8   0.8   0.4   0.0   0.0   0.0   0.0   0.0   0.0   0.0   0.0   0.0   1.3   1.8   1.4   1.5   1.3   1.4   1.1   0.9   0.5   0.5   0.0   0.0   0.0   0.0   0.0   0.0   0.0   0.0   0.0   1.4   1.5   1.5   1.2   1.4   1.2   1.0   0.8   0.3   0.2   0.0   0.0   0.0   0.0   0.0   0.0   0.0   0.0   0.0   1.3   1.1   1.5   1.6   1.5   1.0   0.9   0.6   0.4   0.2   0.0   0.0   0.0   0.0   0.0   0.0   0.0   0.0   0.0   0.0   0.0   0.0   0.0   0.0   1.5   1.4   1.6   1.4   1.6   1.4   1.5   1.1   1.0   0.5   0.0   0.0   0.0   0.0   0.0   0.0   0.0   0.0   0.0   1.4   1.5   1.7   1.6   1.4   1.1   1.1   0.9   0.6   0.3   0.0   0.0   0.0   0.0   0.0   0.0   0.0   0.0   0.0   1.7   1.8   2.0   1.8   1.4   1.3   1.8   0.9   0.7   0.3   0.0   0.0   0.0   0.0   0.0 
B: 24.8 25.0 21.0 24.4 26.5 24.5 24.5 24.3 24.5 24.0 23.2 23.6 23.1 21.8 22.8 * 17.6 18.0 23.4 28.2 26.8 17.0 24.0 26.0 23.6 24.6 23.4 23.8 23.6 23.6 22.9 21.9 21.9 23.7 18.3 20.1 21.0 19.0 22.4 21.0 21.6 23.3 35.0 23.3 * 27.5 27.0 26.1 24.3 25.2 25.5 24.4 24.4 24.5 24.2 22.8 24.1 * 22.0 19.5 * 22.7 29.0 23.0 20.5 23.2 25.5 24.9 24.6 24.6 24.3 23.9 24.9 22.5 21.9 23.2 20.3 21.8 22.0 26.2 24.5 23.0 19.4 21.0 25.3 25.9 23.9 24.3 23.9 23.1 22.8 23.3 23.2 22.7 23.7 * 23.0 21.8 23.0 20.6 21.8 23.0 22.0 25.0 26.1 24.4 24.8 24.0 23.2 22.8 23.1 21.2 22.4 21.1 21.0 21.2 22.4 18.9 19.0 20.7 20.5 16.5 23.2 26.0 24.0 24.3 24.1 23.2 23.0 22.7 21.4 21.4 23.4 25.0 20.0 22.5 23.0 24.3 * 25.6 21.0 23.5 24.1 * 28.0 25.0 18.9 24.3 24.7 24.4 24.2 24.1 24.1 23.7 24.0 22.9 22.1 20.4 20.0 21.0 20.1 23.4 19.3 19.3 22.5 20.0 24.5 23.7 23.7 24.9 24.3 24.6 23.2 22.4 21.8 21.6 24.6 24.8 16.6 19.1 20.7 21.3 18.6 17.6 17.0 27.6 25.6 25.5 25.3 24.3 25.2 24.4 24.0 23.4 21.6 23.0 24.3 28.6 28.1 16.3 
Direction:  n n n n n n n n n n n n n n n*  n n n n n n n n n n n n n n n n n n n n n n n n n n n n*  n n n n n n n n n n n n*  n n*  n n n n n n n n n n n n n n n n n n n n n n n n n n n n n n n n n n*  n n n n n n n n n n n n n n n n n n n n n n n n n n n n n n n n n n n n n n n n n n*  n n n n*  n n n n n n n n n n n n n n n n n n n n n n n n n n n n n n n n n n n n n n n n n n n n n n n n n n n n n n n n

55.7: Count:   0.6 (  0.7) A:  16.8 [15-32] B:  24.5 [15-62] Phase: 91% 96 (24.3) Direction:  {41 139}  11% 90 (11.1) Direction:  {38 142}
Phase: {24,13,20,26,24,26,15,28,15,22,21,12,31,31,40,30,35,26,27,22,49,33,22,32,30,35,32,39,29,44,39,46,52,47,41,45,48,74,55,46,56,51,65,81,78,105,91,139,90,109,146,103,115,138,141,147,157,169,181,164,188,205,251,188,229,260,262,254,310,291,336,336,377,395,426,434,382,433,465,529,426,522,440,559,491,525,555,589,494,496,751,472,584,607,613,548,526,609,595,601,584,606,512,568,593,578,563,513,526,470,494,491,467,477,445,419,330,425,380,349,287,305,329,304,243,270,231,241,214,201,205,198,195,165,142,179,131,138,98,99,107,95,101,84,90,95,56,78,71,70,62,47,58,69,34,44,37,52,38,34,41,21,38,32,25,16,21,28,16,19,20,15,20,23,13,17,6,14,3,1,16,6,6,5,3,11,0,12,3,4,3,5,3,2,0,1,5,0,2,4,6,2,0,2,3,3,4,5,1,2,3,0,0,0,0,0,2,0,0,0,0,0,0,0,0,1,0,0,0,0,0,0,0,4,1,2,0,0,0,0,0,0,0,0,0,0,0,0,0,1,0,0,0,0,0,0,0,0,0,0,1,0,0,0,0,0,0,1,0,0,0,1,0,0,0,3,0,0,0,0,0,0,0,0,0,0,1,1,0,0,4,0,0,2,0,3,0,1,0,2,1,1,0,0,0,0,2,0,0,0,0,1,2,4,1,0,0,3,2,2,3,3,3,4,0,8,5,3,11,3,3,3,7,5,4,3,4,9,12,4,4,12,11,7,11,12,7,20,12,13,12,8,9,9,13,19,23,18,19,12}
Count:   0.0   0.1   0.1   0.0   1.5   2.7   2.7   2.5   2.3   1.9   1.8   1.7   1.1   0.8   0.1   0.1   0.0   0.0   0.0   0.0   0.1   0.0   0.0   0.6   1.6   1.9   1.5   1.5   1.2   1.2   0.8   0.6   0.5   0.0   0.0   0.0   0.0   0.0   0.0   0.0   0.0   0.0   0.0   0.0   0.0   0.0   0.0   1.4   1.4   1.5   1.4   1.5   1.2   1.3   1.3   1.1   0.9   0.0   0.0   0.0   0.0   0.0   0.1   0.1   0.1   0.0   1.3   1.4   1.4   1.5   1.5   1.0   1.2   1.0   1.0   0.5   0.0   0.0   0.0   0.0   0.0   0.0   0.0   0.0   0.0   1.2   1.5   1.4   1.5   1.2   1.2   1.0   0.9   0.8   0.6   0.0   0.0   0.1   0.0   0.0   0.0   0.0   0.0   0.0   1.3   1.5   1.4   1.2   1.3   1.2   1.1   0.8   0.4   0.3   0.0   0.0   0.0   0.0   0.0   0.0   0.1   0.0   0.0   1.2   1.2   1.4   1.4   1.4   1.2   1.0   0.8   0.6   0.2   0.0   0.0   0.0   0.0   0.0   0.1   0.0   0.0   0.0   0.0   0.0   0.0   0.0   0.0   1.5   1.1   1.3   1.4   1.4   1.3   1.5   1.0   1.0   0.6   0.1   0.0   0.0   0.1   0.0   0.0   0.1   0.0   0.0   1.3   1.5   1.3   1.6   1.3   1.2   1.0   1.0   0.7   0.5   0.1   0.0   0.0   0.1   0.1   0.0   0.1   0.0   0.0   1.4   1.8   1.7   1.6   1.4   1.5   1.6   1.1   0.8   0.3   0.0   0.0   0.0   0.0   0.0 
B: 24.0 19.0 22.7 27.7 27.3 25.4 25.3 25.2 25.0 23.6 24.5 23.6 23.6 22.7 23.0 22.2 24.1 21.7 36.6 21.0 22.7 21.5 22.3 26.0 24.2 24.8 23.6 24.4 24.2 23.2 22.3 23.0 22.0 23.3 25.0 23.8 26.3 20.0 21.0 19.7 23.6 23.0 22.7 21.9 19.6 24.5 22.0 25.4 25.1 24.7 25.4 25.3 23.7 24.0 24.8 24.2 23.1 21.3 19.2 19.0 23.0 22.2 23.4 24.5 23.8 21.5 25.7 24.9 24.6 24.2 25.4 24.9 24.4 23.3 22.4 24.4 22.6 20.7 24.6 17.0 21.5 22.8 20.5 20.4 17.5 25.9 24.3 25.1 24.6 25.0 23.7 22.8 24.3 23.7 23.0 21.5 23.5 22.1 20.5 21.7 24.0 20.7 21.0 23.8 27.4 24.8 24.8 24.2 24.2 22.0 23.9 23.1 21.7 21.5 23.8 21.6 22.0 21.8 22.2 22.8 24.3 21.5 22.5 25.2 24.7 23.8 24.7 24.5 23.9 23.9 23.0 23.6 23.7 23.6 25.1 21.5 20.6 19.6 22.0 22.5 22.5 19.1 22.0 20.6 19.0 20.2 24.1 25.5 24.9 24.7 24.5 24.2 25.1 23.2 23.4 22.6 23.0 20.5 22.1 25.0 22.4 21.1 23.2 18.8 20.8 21.4 24.5 24.6 24.7 25.3 25.6 24.1 24.5 22.5 22.9 23.8 22.2 23.0 23.0 20.0 23.7 19.2 21.0 22.6 21.6 26.2 25.8 24.8 25.6 25.3 25.1 25.0 23.5 22.8 23.7 20.2 18.6 19.9 26.3 21.0 
Direction:  n n n n n n n n n n n n n n n n n n n n n n n n n n n n n n n n n n n n n n n n n n n n n n n n n n n n n n n n n n n n n n n n n n n n n n n n n n n n n n n n n n n n n n n n n n n n n n n n n n n n n n n n n n n n n n n n n n n n n n n n n n n n n n n n n n n n n n n n n n n n n n n n n n n n n n n n n n n n n n n n n n n n n n n n n n n n n n n n n n n n n n n n n n n n n n n n n n n n n n n n

55.8: Count:   1.2 (  0.9) A:  17.0 [15-33] B:  24.5 [15-67] Phase: 40% 19 (33.0) Direction:  {7 173}  87% 91 (21.1) Direction:  {38 142}  11% 134 (17.8) Direction:  {65 115}
Phase: {497,267,323,351,402,359,319,445,393,316,362,424,389,421,352,379,436,331,388,328,394,336,334,358,294,326,267,309,343,287,315,275,294,240,280,304,275,279,277,274,300,328,212,240,239,315,267,345,270,313,322,337,333,333,306,326,365,332,407,368,455,383,451,467,426,483,497,518,527,532,586,483,605,570,636,581,692,685,654,724,682,687,725,712,742,702,709,772,834,715,949,644,761,760,825,722,747,772,653,633,664,692,603,730,604,610,595,505,583,544,531,535,512,453,396,477,357,456,412,368,347,323,372,293,280,328,278,270,230,227,214,201,190,198,131,184,141,159,125,103,81,106,112,108,70,81,67,81,88,94,69,51,64,65,58,61,50,57,40,46,46,35,39,42,34,21,32,22,39,31,36,20,33,18,16,23,27,16,22,11,22,8,14,14,13,5,7,12,7,5,11,11,10,12,5,5,10,4,8,4,9,3,7,2,10,3,0,5,8,4,4,4,2,4,1,7,0,4,0,5,4,3,2,4,0,1,0,1,0,1,3,0,0,2,1,0,1,0,2,0,0,0,4,0,0,2,0,0,0,1,0,0,3,2,1,2,2,1,0,1,2,1,2,0,2,0,0,2,1,1,2,2,1,3,5,0,0,0,0,3,1,3,1,3,2,3,6,4,0,1,10,0,3,2,8,7,3,8,13,4,4,3,7,10,8,27,5,19,16,20,14,22,17,14,21,22,36,32,34,32,36,27,40,57,55,49,42,69,60,59,70,74,81,63,80,89,80,95,120,106,166,131,146,157,164,173,140,204,186,209,176,219,271,254,225,283,318,302,268,253}
Count:   0.3   0.3   0.4   0.4   1.8   3.0   3.4   3.3   2.9   2.6   2.5   2.5   1.9   1.8   0.4   0.3   0.4   0.5   0.3   0.4   0.4   0.5   0.4   1.3   2.0   2.2   2.3   2.1   2.2   1.8   1.5   1.3   1.2   0.4   0.4   0.4   0.3   0.3   0.4   0.4   0.3   0.3   0.3   0.4   0.4   0.4   0.4   2.0   2.2   2.0   2.3   2.4   2.1   1.9   1.9   1.7   1.5   0.4   0.4   0.3   0.4   0.4   0.4   0.4   0.4   0.4   1.8   2.0   2.3   2.1   2.3   1.6   1.9   2.0   1.7   1.2   0.3   0.3   0.4   0.3   0.4   0.4   0.4   0.3   0.3   1.7   2.3   2.1   2.4   2.1   2.1   2.0   1.8   1.6   1.0   0.3   0.4   0.3   0.4   0.4   0.3   0.5   0.5   0.4   1.8   2.2   2.2   1.8   2.2   2.1   2.0   1.5   1.2   0.9   0.3   0.4   0.4   0.5   0.4   0.4   0.5   0.4   0.4   1.6   2.1   2.2   1.9   2.0   2.0   1.8   1.5   1.4   0.9   0.3   0.3   0.3   0.5   0.4   0.4   0.2   0.3   0.4   0.4   0.3   0.4   0.3   0.4   2.1   1.9   2.4   2.1   2.0   1.9   2.2   2.1   1.8   1.1   0.4   0.3   0.5   0.5   0.4   0.4   0.5   0.5   0.4   2.0   2.4   2.0   2.3   2.5   2.2   1.8   1.8   1.5   1.1   0.5   0.5   0.4   0.3   0.4   0.4   0.4   0.4   0.4   2.2   2.6   2.4   2.3   2.1   2.2   2.3   2.1   1.5   1.1   0.4   0.4   0.4   0.4   0.4 
Direction:  n n n n n n n n n n n n n n n n n n n n n n n n n n n n n n n n n n n n n n n n n n n n n n n n n n n n n n n n n n n n n n n n n n n n n n n n n n n n n n n n n n n n n n n n n n n n n n n n n n n n n n n n n n n n n n n n n n n n n n n n n n n n n n n n n n n n n n n n n n n n n n n n n n n n n n n n n n n n n n n n n n n n n n n n n n n n n n n n n n n n n n n n n n n n n n n n n n n n n n n n

55.9: Count:   3.0 (  1.0) A:  17.0 [15-37] B:  23.3 [15-72] Phase: 90% 18 (20.0) Direction:  {7 173}  45% 86 (14.2) Direction:  {36 144}
Phase: {2273,1300,1592,1817,1978,1797,1850,2108,2123,2064,2298,2594,2107,2603,2360,2543,2617,2549,2603,2108,2504,2282,2334,2315,2022,2154,1786,2170,2092,1656,1806,1602,1708,1455,1482,1510,1354,1252,1268,1165,1268,1078,965,1087,980,995,805,997,898,920,886,803,838,924,848,893,854,835,873,854,803,827,957,994,859,911,854,889,849,854,858,845,978,913,853,936,927,886,852,919,887,883,865,889,851,908,904,910,945,822,1254,777,925,880,916,888,873,899,855,850,795,853,773,769,703,708,673,629,683,538,623,608,546,544,562,505,413,482,424,414,417,350,436,304,323,321,274,285,259,242,242,195,175,213,153,184,134,145,154,119,141,103,124,98,133,99,97,91,94,73,65,97,91,78,61,69,57,36,48,48,72,51,48,54,53,30,23,53,37,53,32,38,32,40,32,47,27,42,31,23,26,19,15,16,38,27,32,15,19,21,16,30,11,22,16,18,13,12,9,9,11,26,16,24,5,13,10,11,14,10,7,11,7,7,7,4,4,3,4,3,4,5,6,4,1,1,6,6,9,4,16,2,7,6,4,0,7,7,16,9,2,7,1,1,5,2,3,1,8,4,3,9,7,1,9,2,1,2,5,2,3,4,5,8,3,1,4,4,0,3,15,5,6,8,6,4,8,15,16,7,6,7,12,14,19,10,14,6,18,21,23,31,18,10,26,22,18,23,48,30,31,27,37,51,31,41,52,34,35,44,57,71,57,63,55,83,79,101,109,95,94,97,133,130,165,137,150,149,199,162,216,187,261,224,202,253,252,308,326,357,350,342,434,469,571,513,512,611,589,751,711,807,929,958,968,1040,1242,1279,1194,1137}
Count:   2.2   2.0   1.9   1.9   3.5   5.2   5.1   5.2   4.9   4.7   4.8   4.4   3.7   4.0   2.0   2.1   2.1   1.8   2.0   2.0   1.9   2.1   2.1   3.3   3.9   4.4   4.4   4.1   4.1   4.1   3.8   3.7   3.4   2.1   1.7   1.9   1.9   1.9   1.9   2.1   2.2   2.0   2.1   2.0   1.8   2.0   2.2   3.8   4.2   4.2   4.1   4.4   4.1   4.1   3.6   3.8   3.3   1.8   2.2   1.9   2.1   2.0   2.4   2.2   2.2   2.1   3.7   3.9   4.0   4.0   4.3   3.9   4.0   3.8   4.0   3.1   2.0   1.9   2.0   2.0   1.8   1.9   2.0   2.2   2.0   3.5   4.6   3.7   4.4   4.5   4.2   3.8   4.3   3.8   3.2   2.0   2.1   1.8   1.9   1.9   2.0   2.2   2.1   2.1   3.7   4.3   4.1   4.0   4.3   4.2   3.8   3.3   3.4   3.1   1.9   2.1   2.0   2.0   2.0   2.0   2.1   2.1   2.0   3.5   4.1   4.4   3.7   3.9   3.8   3.7   3.6   3.6   2.9   2.0   1.7   1.8   1.8   2.0   1.8   1.7   1.7   1.9   1.8   2.1   2.1   2.1   2.1   4.2   3.9   4.0   3.9   3.8   4.0   4.1   4.2   3.9   2.7   2.1   2.0   2.0   2.0   2.2   1.9   2.2   2.1   2.1   3.9   4.2   4.1   4.0   4.5   4.0   3.8   4.0   3.3   2.9   2.3   2.0   2.1   2.1   1.8   2.0   1.8   1.8   1.9   3.7   4.4   4.5   4.0   4.1   4.2   4.4   4.0   3.8   3.1   2.1   2.4   1.9   1.8   1.8 
B: 20.5 20.2 20.0 20.6 24.2 25.2 25.5 25.6 25.0 25.0 25.5 24.9 24.0 23.7 20.1 20.0 20.8 20.6 20.2 20.6 20.8 21.1 20.3 22.7 24.8 25.4 24.3 24.8 25.0 24.8 24.1 24.3 23.3 21.0 20.6 20.4 20.5 20.2 20.4 20.4 20.7 20.9 20.7 21.1 20.7 20.8 21.3 24.9 25.0 24.6 25.1 25.1 25.3 25.0 24.7 24.2 23.8 21.1 20.8 20.6 20.0 20.8 20.9 20.8 20.8 20.4 24.5 24.3 24.8 25.3 25.3 24.4 24.7 24.5 24.1 23.2 20.7 20.8 20.4 20.8 21.1 20.4 21.3 20.7 20.4 24.6 25.7 24.5 25.9 25.4 24.9 24.1 24.6 23.9 23.4 20.7 20.8 20.5 20.5 20.7 20.6 20.7 19.9 20.8 25.3 25.3 24.4 25.3 24.8 24.8 23.8 24.3 23.2 22.9 20.5 20.8 20.1 20.3 20.7 20.8 20.5 20.8 20.7 24.6 25.2 24.6 25.1 24.6 24.5 24.3 23.7 23.4 22.5 21.1 21.0 20.9 20.7 20.8 20.4 20.7 20.6 21.0 20.4 20.5 21.0 20.6 20.9 24.9 25.7 25.0 24.8 24.0 24.9 25.2 25.0 24.3 22.9 20.7 20.3 20.4 20.1 20.1 20.8 20.5 20.6 20.9 24.7 24.3 24.1 24.3 24.7 25.3 24.4 24.5 23.3 22.5 20.9 20.5 21.0 20.2 20.8 20.3 20.4 21.3 20.3 24.9 25.4 25.6 25.9 25.0 24.9 24.5 24.4 24.1 22.4 20.7 20.6 20.4 20.6 20.0 
Direction:  n n n n n n n n n n n n n n n n n n n n n n n n n n n n n n n n n n n n n n n n n n n n n n n n n n n n n n n n n n n n n n n n n n n n n n n n n n n n n n n n n n n n n n n n n n n n n n n n n n n n n n n n n n n n n n n n n n n n n n n n n n n n n n n n n n n n n n n n n n n n n n n n n n n n n n n n n n n n n n n n n n n n n n n n n n n n n n n n n n n n n n n n n n n n n n n n n n n n n n n n

56.0: Count:   2.5 (  1.2) A:  17.1 [15-37] B:  24.2 [15-73] Phase: 100% 45 (38.3) Direction:  {17 163}
Phase: {1488,749,950,1021,1220,1133,1026,1353,1359,1165,1396,1546,1205,1509,1399,1524,1678,1544,1707,1370,1565,1465,1474,1667,1439,1528,1250,1543,1587,1233,1263,1205,1326,1093,1183,1198,1072,1131,1026,904,1086,875,891,1044,860,940,863,945,862,833,884,843,891,775,885,903,915,876,914,1023,887,924,932,1105,865,881,873,1009,1115,1012,1040,969,1194,1044,1201,1089,1072,1083,1026,1172,1101,1091,993,1139,1081,1077,1038,1160,1021,892,1279,849,993,1080,1003,912,901,864,814,859,802,851,729,825,762,749,714,670,775,574,660,577,582,531,514,530,447,539,514,415,470,408,413,336,388,352,321,334,308,224,276,228,203,263,218,242,247,206,210,175,182,128,152,150,129,131,117,126,131,110,98,73,84,97,66,85,68,81,74,59,76,62,81,48,56,58,47,48,26,47,39,39,42,29,36,30,39,50,31,21,42,8,22,21,13,27,18,18,22,17,14,25,7,16,13,9,12,7,11,11,10,10,1,3,8,6,6,10,4,5,9,4,5,2,0,8,1,5,5,5,1,9,0,5,0,4,3,3,0,2,0,3,4,3,0,4,4,2,4,1,3,0,2,4,0,1,0,2,0,3,4,3,5,1,2,1,3,4,0,9,1,7,4,6,6,9,3,6,0,4,16,4,6,0,8,11,4,16,5,10,3,16,3,1,5,14,12,7,4,13,16,11,17,16,11,24,8,17,23,7,18,26,24,25,44,30,18,32,21,28,38,29,51,61,33,60,54,58,59,81,107,93,106,83,91,92,100,88,109,122,111,145,141,192,135,212,204,269,244,183,231,264,317,275,370,385,345,432,394,502,465,490,590,563,513,672,708,780,729,702}
Count:   1.7   1.6   1.1   1.4   3.2   4.8   4.9   4.9   4.3   4.4   4.5   3.8   3.7   3.7   1.4   1.5   1.3   1.3   1.4   1.4   1.4   1.5   1.4   2.9   3.9   4.3   3.8   4.4   4.0   3.7   3.5   3.5   3.1   1.6   1.3   1.3   1.4   1.3   1.3   1.5   1.7   1.4   1.5   1.4   1.3   1.5   1.5   3.3   3.9   3.7   3.7   4.0   3.7   3.5   3.7   3.8   2.8   1.4   1.6   1.4   1.5   1.5   1.5   1.5   1.6   1.3   3.1   3.7   3.8   3.8   4.3   3.6   3.5   3.6   3.6   2.6   1.4   1.3   1.5   1.4   1.3   1.4   1.3   1.5   1.4   3.2   4.0   3.4   4.1   3.9   3.9   3.2   3.9   3.8   2.8   1.4   1.4   1.2   1.3   1.4   1.5   1.6   1.4   1.5   3.2   4.2   3.7   3.6   3.3   3.7   3.4   3.0   3.6   2.8   1.4   1.4   1.4   1.2   1.6   1.2   1.3   1.4   1.4   2.8   4.3   3.7   3.6   3.3   3.4   3.6   3.3   3.1   2.6   1.3   1.2   1.2   1.1   1.2   1.1   1.0   0.9   1.2   1.3   1.4   1.3   1.3   1.4   3.7   3.4   3.7   3.9   3.5   3.5   3.4   4.1   3.7   2.7   1.5   1.3   1.5   1.4   1.4   1.4   1.4   1.6   1.4   3.8   4.0   3.7   3.7   3.9   3.8   3.4   3.7   3.2   2.5   1.5   1.5   1.5   1.3   1.2   1.3   1.0   1.4   1.2   3.0   3.8   4.2   4.1   3.6   3.6   3.7   3.7   3.7   2.6   1.5   1.4   1.2   1.4   1.3 
B: 19.6 19.2 19.9 20.3 24.3 26.3 27.6 26.7 26.7 27.0 26.3 25.7 25.2 25.0 20.5 20.2 20.8 20.4 19.7 20.1 20.6 20.8 20.0 23.8 26.7 26.4 25.0 25.9 25.6 25.3 25.0 24.6 24.2 20.3 20.4 20.9 21.0 20.6 19.8 19.9 20.6 20.4 20.4 20.7 20.5 20.0 20.6 25.2 26.3 25.4 26.2 26.5 26.2 26.1 25.8 26.5 24.5 20.0 20.9 20.4 20.0 20.5 20.4 20.3 20.4 20.4 25.0 25.2 26.4 25.7 26.2 26.1 25.2 26.0 25.9 24.0 20.8 20.5 19.9 20.6 20.5 20.2 20.1 20.6 20.5 25.6 25.8 25.6 26.6 25.9 25.5 25.5 25.7 24.7 24.5 20.5 20.6 20.3 20.1 19.9 19.9 20.3 20.1 20.2 26.5 26.2 26.0 25.9 25.2 25.7 25.4 24.4 24.3 23.0 20.4 20.7 19.8 20.4 20.4 20.1 20.1 20.8 20.5 24.4 26.3 26.2 25.7 25.2 26.2 25.2 24.7 23.9 23.3 20.7 20.7 20.4 20.5 20.3 20.6 20.4 19.7 20.3 20.1 19.8 20.7 20.7 20.1 26.6 26.0 25.8 26.6 25.9 25.8 25.6 26.1 25.7 23.2 20.3 19.9 20.2 19.9 20.2 20.2 20.0 19.5 20.4 26.6 25.4 25.0 25.5 26.4 25.6 25.9 25.4 24.1 23.4 19.8 20.8 20.4 20.8 20.7 20.6 20.4 20.5 20.6 25.6 26.7 26.3 26.7 26.8 25.8 25.5 25.4 24.8 23.2 20.0 20.5 20.4 19.8 20.0 
Direction:  n n n n n n n n n n n n n n n n n n n n n n n n n n n n n n n n n n n n n n n n n n n n n n n n n n n n n n n n n n n n n n n n n n n n n n n n n n n n n n n n n n n n n n n n n n n n n n n n n n n n n n n n n n n n n n n n n n n n n n n n n n n n n n n n n n n n n n n n n n n n n n n n n n n n n n n n n n n n n n n n n n n n n n n n n n n n n n n n n n n n n n n n n n n n n n n n n n n n n n n n

