54.0: Count:   3.6 (  2.7) A:  19.1 [15-49] B:  35.6 [15-121] Phase: 95% 144 (21.1) Direction:  {48 132}  13% 96 (12.5) Direction:  {30 150}
Phase: {35,15,15,17,11,12,9,26,14,15,13,20,11,14,12,19,11,16,12,16,15,13,18,27,16,21,16,28,25,18,29,21,37,42,30,29,39,41,39,34,54,47,52,65,47,61,76,66,82,78,69,95,92,92,101,121,114,109,118,114,138,127,145,166,117,162,169,197,162,174,168,155,211,225,232,258,227,271,221,256,275,277,307,317,291,302,369,368,377,371,474,401,458,487,521,507,552,655,656,617,676,710,752,841,845,904,976,1025,1127,1024,1182,1210,1265,1343,1412,1392,1423,1644,1654,1663,1701,1867,1988,1841,2073,2069,2298,2334,2453,2526,2648,2787,2747,3062,2847,3230,3058,3237,3249,3219,3403,3241,3311,3361,3251,3281,3073,3104,3040,3048,3052,2841,2981,2791,2375,2552,2397,2434,2260,2200,2068,1898,2004,1864,1812,1785,1624,1634,1482,1511,1401,1377,1374,1236,1262,1162,1184,1040,1052,845,1108,845,807,747,783,724,684,658,653,569,542,584,480,522,511,472,443,458,446,356,381,331,322,329,326,331,286,285,307,239,253,239,251,219,200,243,206,225,169,183,213,185,167,168,151,161,145,167,176,129,122,129,120,112,126,92,133,101,115,88,74,77,83,84,63,67,66,65,56,51,53,42,49,46,29,36,44,46,39,31,32,28,28,25,28,25,37,35,17,21,43,20,19,14,25,15,24,38,29,21,34,35,17,27,28,48,34,34,47,44,51,50,42,69,50,64,61,92,93,49,73,74,113,79,77,118,109,124,106,119,108,89,149,111,119,114,134,123,152,95,140,144,106,137,116,139,104,105,124,104,109,69,90,119,70,77,56,114,71,48,81,47,64,54,56,43,34,30,26,44,21,23,34,33,16,11,32,23,7,12}
Count:   6.8   5.2   4.6   4.2   3.6   2.3   2.3   1.2   1.2   1.3   1.3   1.4   1.4   1.4   1.3   1.3   8.7   8.1   7.8   7.2   6.3   5.1   4.2   3.2   3.3   2.4   1.3   1.4   1.3   1.4   1.2   1.3   1.3   1.4   1.3   1.4   1.3   1.5   1.4   2.6   8.8   8.8   7.7   7.9   6.8   6.8   5.8   4.8   3.9   2.3   1.4   1.4   1.2   1.2   1.4   1.2   1.3   1.4   2.6   8.9   8.4   7.7   7.3   6.2   5.6   4.8   3.6   3.0   2.3   1.3   1.4   1.4   1.4   1.4   1.4   1.3   1.4   1.4   1.3   1.4   1.3   1.3   4.8   8.7   8.6   7.7   7.8   7.2   6.7   6.0   4.9   4.3   1.7   1.3   1.3   1.4   1.2   1.5   1.3   1.5   1.2   4.5   8.4   8.4   7.5   7.2   6.4   5.8   4.6   3.9   3.0   1.8   1.5   1.5   1.4   1.5   1.4   1.4   1.6   1.6   4.3   8.7   7.8   7.6   6.7   5.7   4.9   3.8   3.2   3.0   1.6   1.4   1.3   1.5   1.3   1.5   1.4   1.4   1.5   1.3   1.4   1.3   1.3   1.4   6.6   8.4   8.3   7.6   7.6   6.7   6.4   5.4   4.8   3.4   1.4   1.4   1.5   1.3   1.4   1.3   1.3   1.3   1.3   5.7   8.9   7.7   7.8   6.8   6.1   4.9   4.1   3.2   3.2   1.3   1.4   1.4   1.3   1.4   1.4   1.4   1.4   1.5   1.3   1.4   1.3   1.5   1.4   8.1   8.1   8.4   7.8   7.4   6.6   6.5   5.1   4.6   3.2   1.4   1.4   1.5 
B: 38.9 37.3 36.0 33.5 30.9 30.6 30.7 26.3 26.0 26.1 26.5 26.5 26.3 27.3 26.8 27.7 42.1 41.2 39.9 38.8 36.1 33.7 32.4 30.9 31.8 31.4 26.4 27.0 26.4 26.9 27.2 27.1 27.5 26.3 26.2 26.7 26.9 26.6 26.6 38.5 41.6 41.8 40.4 40.2 38.1 37.4 35.3 34.6 32.2 31.0 26.4 26.4 26.9 26.3 26.1 26.0 26.7 26.3 37.6 40.8 41.0 39.5 38.4 37.3 34.8 33.5 31.3 30.4 30.2 25.8 26.3 26.3 26.8 26.4 26.7 26.9 26.3 26.8 25.9 26.9 26.0 27.4 42.2 40.9 41.2 41.1 39.7 38.5 38.1 36.3 33.8 31.9 30.4 27.4 27.2 26.8 27.0 26.3 26.5 26.6 25.6 38.7 41.1 40.7 39.7 38.5 37.5 34.8 32.1 31.5 30.2 28.7 26.7 27.0 25.1 25.9 26.4 26.2 26.7 26.8 40.0 41.1 40.1 38.9 37.4 35.2 33.3 31.2 30.2 31.0 28.0 26.4 26.1 26.6 26.4 26.8 27.0 25.8 26.9 26.3 26.2 26.5 26.7 25.6 42.3 40.6 40.7 39.5 39.0 37.8 36.5 34.5 33.0 31.9 27.0 26.7 26.3 26.8 27.2 27.0 25.8 25.9 26.3 39.1 40.8 40.1 39.6 37.9 35.8 33.8 31.9 31.7 32.0 26.5 26.5 26.7 26.5 26.4 26.0 26.6 26.9 26.4 26.0 26.0 26.5 26.6 26.3 41.9 40.7 40.8 39.8 38.7 38.2 37.3 35.0 33.0 32.3 26.6 26.7 26.6 
Direction:  {48 132} {51 129} {45 135} n n n n n n n n n n n n n {46 134} {47 133} {46 134} {43 137} {47 133} {44 136} n n n n n n n n n n n n n n n n n n {45 135} {47 133} {45 135} {46 134} {48 132} {45 135} {46 134} {45 135} n n n n n n n n n n n {44 136} {46 134} {47 133} {46 134} {44 136} {47 133} n n n n n n n n n n n n n n n n n {48 132} {48 132} {46 134} {46 134} {46 134} {46 134} {48 132} {48 132} {48 132} n n n n n n n n n n {49 131} {47 133} {46 134} {45 135} {47 133} {47 133} {46 134} n n n n n n n n n n n n {48 132} {46 134} {50 130} {46 134} {45 135} {45 135} n n n n n n n n n n n n n n n n n n {46 134} {46 134} {48 132} {46 134} {47 133} {47 133} {47 133} {46 134} n n n n n n n n n n n {46 134} {47 133} {49 131} {43 137} {45 135} {45 135} n n n n n n n n n n n n n n n n n n {45 135} {48 132} {45 135} {45 135} {44 136} {49 131} {46 134} {44 136} n n n n n

54.1: Count:   3.8 (  2.7) A:  19.3 [15-57] B:  34.1 [15-117] Phase: 100% 142 (30.0) Direction:  {47 133}
Phase: {42,14,13,11,27,23,14,14,21,10,12,17,17,21,19,10,19,12,14,19,13,22,27,24,23,21,19,23,49,25,35,38,38,44,35,47,53,37,49,50,66,55,60,76,63,86,56,95,91,88,95,90,114,112,125,126,126,136,144,179,154,167,206,227,172,224,193,233,240,235,258,231,333,303,304,361,340,354,372,408,412,398,453,480,483,484,516,518,558,549,767,647,668,645,722,735,786,831,899,862,919,999,978,1149,1094,1187,1200,1213,1347,1316,1467,1477,1669,1727,1713,1789,1711,2068,2048,2039,2109,2196,2422,2258,2417,2547,2616,2612,2618,2635,2720,2713,2616,2870,2611,2908,2539,2809,2601,2655,2737,2596,2741,2771,2807,2665,2678,2507,2847,2762,2679,2719,2784,2782,2458,2646,2646,2648,2477,2475,2295,2233,2353,2088,2094,2024,1939,1893,1710,1769,1655,1542,1491,1477,1358,1348,1369,1197,1145,1020,1297,858,958,1028,954,842,848,806,743,782,732,712,629,665,619,591,571,556,547,473,480,518,447,422,425,406,318,414,376,329,326,296,298,314,276,276,263,253,251,231,222,216,190,223,177,181,149,153,160,157,145,122,140,127,123,152,91,76,103,85,83,86,76,75,66,72,50,70,61,44,51,40,52,41,45,49,31,29,30,29,27,26,30,25,14,28,27,18,15,16,30,10,27,18,27,23,16,25,20,12,20,28,12,20,16,18,38,20,27,32,38,25,27,48,29,23,32,38,44,35,47,37,54,46,53,66,59,56,47,62,79,70,56,54,70,64,84,80,89,57,91,85,69,96,88,92,69,76,99,60,66,62,87,86,62,56,47,89,55,61,61,64,54,39,58,43,45,36,44,58,23,20,26,35,15,28,30,19,20,11}
Count:   6.9   5.7   5.1   4.7   3.9   2.7   2.4   1.4   1.6   1.6   1.6   1.5   1.6   1.6   1.5   1.5   9.3   8.2   8.1   7.2   6.7   5.3   4.5   3.5   3.5   2.6   1.4   1.6   1.5   1.5   1.5   1.5   1.6   1.6   1.4   1.6   1.5   1.7   1.4   3.0   9.2   8.7   7.8   8.5   7.0   7.1   5.9   5.0   4.2   2.5   1.6   1.6   1.5   1.6   1.6   1.4   1.5   1.6   3.0   9.2   8.5   8.0   7.5   6.6   5.7   5.1   4.2   3.2   2.4   1.5   1.5   1.4   1.6   1.5   1.7   1.5   1.5   1.6   1.4   1.6   1.5   1.6   5.1   8.8   9.0   8.0   8.2   7.5   7.1   6.3   5.2   4.4   1.8   1.6   1.6   1.7   1.6   1.7   1.6   1.7   1.6   4.7   8.9   8.3   7.7   7.5   6.8   5.7   4.9   4.3   3.3   2.1   1.9   1.8   1.7   1.7   1.6   1.7   1.7   1.7   4.8   9.2   8.0   8.1   6.8   5.9   5.3   4.0   3.5   3.1   1.8   1.7   1.6   1.5   1.7   1.5   1.7   1.6   1.6   1.4   1.5   1.6   1.7   1.5   6.7   8.9   8.5   8.0   7.6   6.7   6.5   5.5   4.9   3.7   1.5   1.8   1.6   1.6   1.6   1.5   1.6   1.5   1.6   6.0   8.9   7.7   8.1   7.1   6.4   5.2   4.6   3.6   3.6   1.4   1.6   1.7   1.6   1.7   1.8   1.6   1.6   1.5   1.5   1.8   1.5   1.7   1.5   8.2   8.3   8.5   8.1   7.5   7.0   6.6   5.6   4.9   3.4   1.6   1.7   1.6 
B: 38.0 35.7 34.4 32.0 29.2 28.4 29.3 25.4 25.3 26.4 25.4 25.4 25.4 25.7 25.2 25.6 40.4 39.5 39.1 37.3 35.3 32.7 30.9 29.2 29.3 29.3 26.2 25.6 25.3 25.6 26.5 25.9 26.1 25.3 25.8 25.4 25.2 25.9 25.9 38.3 40.3 40.4 39.5 38.5 37.0 36.1 34.2 33.2 29.7 29.3 25.0 25.3 25.5 25.3 25.7 25.8 25.2 25.6 35.9 39.5 39.2 38.5 37.1 35.7 33.3 32.3 29.9 28.6 28.3 24.6 26.2 25.4 25.4 24.9 25.4 25.9 25.6 25.8 25.6 25.6 25.3 25.5 41.4 39.9 39.5 39.1 38.8 36.8 37.1 34.6 32.3 30.4 29.7 26.4 25.2 25.5 25.4 25.7 25.4 25.9 24.7 38.1 39.7 38.7 37.9 37.5 36.7 33.8 31.6 30.2 28.3 27.8 25.4 25.8 25.3 25.8 25.2 26.1 25.9 25.7 36.8 39.8 38.5 37.5 36.2 33.5 32.2 30.4 29.0 29.3 26.7 26.1 25.9 24.9 25.4 25.4 24.9 24.9 25.8 25.9 26.6 25.5 25.8 25.3 41.3 39.2 38.5 37.8 37.6 36.4 35.8 33.3 31.9 30.0 26.0 25.7 25.1 25.4 25.9 25.3 25.4 25.2 25.2 37.6 40.0 39.1 38.6 37.1 34.7 32.6 30.6 29.2 29.6 25.3 25.8 26.2 25.0 25.9 25.6 26.1 25.3 25.8 25.6 25.2 25.4 25.5 24.8 40.9 39.1 39.3 38.3 37.6 37.6 36.0 33.4 31.9 31.0 25.9 25.8 26.0 
Direction:  {47 133} {47 133} n n n n n n n n n n n n n n {44 136} {43 137} {43 137} {42 138} {43 137} n n n n n n n n n n n n n n n n n n n {48 132} {43 137} {41 139} {43 137} {50 130} {53 127} {39 141} n n n n n n n n n n n n {52 128} {52 128} {52 128} {43 137} {46 134} {53 127} n n n n n n n n n n n n n n n n n {43 137} {47 133} {44 136} {47 133} {43 137} {50 130} {51 129} {41 139} n n n n n n n n n n n n {50 130} {52 128} {43 137} {41 139} {44 136} {47 133} n n n n n n n n n n n n n {44 136} {42 138} {44 136} {51 129} {47 133} {46 134} n n n n n n n n n n n n n n n n n {48 132} {49 131} {43 137} {41 139} {50 130} {41 139} {49 131} {40 140} n n n n n n n n n n n {47 133} {44 136} {46 134} {43 137} {52 128} {51 129} n n n n n n n n n n n n n n n n n n {52 128} {47 133} {43 137} {51 129} {47 133} {50 130} {44 136} {43 137} n n n n n

54.2: Count:   3.5 (  2.6) A:  19.5 [15-57] B:  34.3 [15-134] Phase: 100% 141 (30.9) Direction:  {46 134}
Phase: {6,1,0,1,1,4,0,2,2,0,2,4,2,5,1,1,2,2,1,2,2,2,6,4,8,2,6,5,1,4,5,10,8,14,9,22,8,8,14,20,24,18,19,17,18,26,27,27,33,49,42,49,36,59,67,81,62,86,83,80,105,100,142,130,103,144,142,151,170,145,181,153,262,234,271,266,268,277,323,374,339,341,409,475,439,451,573,546,539,527,773,573,638,773,826,760,830,974,910,1017,979,1144,1083,1139,1213,1336,1383,1458,1547,1376,1591,1575,1737,1728,1911,1986,1765,2127,2173,2150,1997,2195,2245,2278,2316,2375,2449,2565,2512,2438,2515,2538,2409,2579,2369,2738,2344,2560,2487,2670,2567,2533,2609,2610,2623,2541,2489,2602,2625,2420,2523,2512,2568,2562,2181,2354,2456,2344,2275,2224,2284,2131,2249,2038,2124,1895,1920,1993,1714,1718,1620,1626,1520,1454,1342,1335,1319,1242,1260,980,1350,1051,995,864,880,810,752,746,742,655,687,656,512,576,480,521,493,436,478,369,396,329,314,331,299,280,245,276,241,200,217,184,212,168,140,177,127,154,116,102,93,110,77,90,74,82,65,67,61,51,45,54,43,41,30,32,38,21,32,19,31,27,29,18,17,15,14,12,12,11,12,6,9,4,6,8,5,4,9,12,3,4,4,5,4,6,6,3,5,2,6,2,3,1,0,2,2,1,1,2,0,1,0,4,2,0,2,2,1,1,0,0,1,1,0,0,5,1,2,0,2,1,7,1,1,2,1,0,1,1,3,3,2,2,3,0,3,2,1,0,2,0,0,2,3,5,2,2,3,1,1,1,2,4,2,0,2,2,1,2,2,1,0,2,1,2,0,5,2,2,2,4,7,2,3,2,4,3,2,1}
Count:   6.6   5.4   4.8   4.1   3.3   2.3   2.1   1.1   1.4   1.2   1.4   1.3   1.3   1.3   1.4   1.3   9.0   7.9   7.9   6.7   6.5   5.1   4.1   3.0   3.1   2.2   1.3   1.2   1.2   1.4   1.2   1.4   1.3   1.3   1.2   1.2   1.2   1.3   1.2   2.7   9.2   8.7   7.2   8.4   7.0   6.7   5.2   4.8   3.7   2.2   1.3   1.4   1.3   1.3   1.3   1.2   1.2   1.3   2.8   8.8   8.2   7.7   7.0   6.5   5.1   4.8   4.0   2.9   2.0   1.3   1.4   1.2   1.4   1.2   1.5   1.1   1.2   1.2   1.3   1.3   1.3   1.3   4.8   8.5   8.3   7.5   7.7   6.8   6.9   5.8   5.1   3.7   1.6   1.3   1.3   1.4   1.3   1.4   1.3   1.4   1.4   4.4   8.6   7.9   7.4   7.2   6.7   5.5   4.3   3.9   2.9   1.6   1.4   1.4   1.5   1.5   1.3   1.3   1.2   1.4   4.3   8.8   7.5   7.6   6.3   5.7   4.8   3.8   2.7   2.7   1.5   1.3   1.4   1.3   1.4   1.2   1.2   1.3   1.4   1.2   1.4   1.4   1.5   1.4   6.2   8.4   8.0   7.5   7.0   6.2   6.0   5.2   4.3   3.4   1.2   1.4   1.3   1.2   1.2   1.2   1.3   1.3   1.4   5.8   8.5   7.2   7.6   6.5   5.8   4.8   4.1   2.8   3.0   1.2   1.5   1.4   1.4   1.4   1.4   1.3   1.2   1.4   1.3   1.3   1.3   1.4   1.2   8.1   8.1   8.2   8.0   7.1   6.9   6.6   5.5   4.4   3.1   1.5   1.4   1.4 
B: 37.8 35.5 34.0 31.9 28.8 28.3 29.5 25.5 25.0 25.0 25.6 25.2 25.1 25.4 25.3 25.4 41.0 39.1 38.6 37.1 35.5 32.8 30.5 29.0 27.9 28.1 25.5 25.1 25.0 24.4 26.0 25.5 25.4 25.2 24.8 25.4 25.2 24.8 25.1 38.9 40.7 40.1 38.4 38.2 37.0 35.9 33.6 32.3 30.1 28.1 24.7 25.3 24.5 24.6 25.0 25.6 25.1 25.2 36.3 39.6 38.8 38.6 37.6 35.4 34.0 32.5 29.0 28.1 27.6 24.6 25.5 24.9 25.0 25.3 25.6 25.4 25.1 25.7 26.0 25.9 25.9 25.3 42.0 39.6 39.4 38.7 39.1 36.5 37.4 34.0 32.0 30.4 29.7 26.1 25.1 25.1 25.1 25.2 25.2 25.3 24.7 39.0 39.6 38.9 38.1 37.2 36.4 32.8 30.6 29.7 26.7 28.1 25.4 25.1 24.7 25.3 24.7 25.7 25.5 25.0 39.1 38.9 38.8 37.7 36.0 33.7 32.4 29.9 28.5 29.0 27.0 25.4 25.2 25.6 25.3 25.1 25.0 24.4 25.3 25.3 25.4 24.7 25.7 25.1 42.1 39.1 38.7 38.0 37.3 36.5 34.7 33.4 31.0 29.8 25.6 24.8 25.4 25.3 25.8 25.1 25.5 24.4 25.6 37.7 39.9 38.8 38.4 36.6 34.1 32.5 30.4 28.6 29.3 26.1 24.3 25.1 24.9 25.2 25.3 26.2 25.0 25.0 24.8 25.0 25.1 26.3 24.4 40.7 38.9 38.6 37.8 37.7 37.8 37.1 33.8 31.6 30.4 26.1 25.5 24.9 
Direction:  {41 139} {41 139} n n n n n n n n n n n n n n {46 134} {45 135} {45 135} {47 133} {39 141} n n n n n n n n n n n n n n n n n n n {46 134} {41 139} {45 135} {45 135} {41 139} {47 133} n n n n n n n n n n n n n {50 130} {47 133} {47 133} {47 133} {49 131} {47 133} n n n n n n n n n n n n n n n n n {53 127} {44 136} {47 133} {49 131} {45 135} {46 134} {49 131} {52 128} n n n n n n n n n n n n {45 135} {51 129} {39 141} {43 137} {49 131} n n n n n n n n n n n n n n {47 133} {49 131} {48 132} {47 133} {40 140} n n n n n n n n n n n n n n n n n n {47 133} {50 130} {47 133} {42 138} {41 139} {42 138} {44 136} n n n n n n n n n n n n {46 134} {48 132} {47 133} {47 133} {49 131} {41 139} n n n n n n n n n n n n n n n n n n {47 133} {47 133} {48 132} {49 131} {48 132} {44 136} {52 128} {49 131} n n n n n

54.3: Count:   2.8 (  2.6) A:  19.6 [15-60] B:  36.6 [15-136] Phase: 100% 140 (23.5) Direction:  {46 134}
Phase: {2,1,0,0,0,3,0,0,1,1,0,1,0,1,2,0,2,2,0,0,0,0,1,2,0,0,2,0,1,0,2,4,4,6,0,1,2,2,1,0,1,3,4,5,4,4,3,6,10,7,8,5,6,9,19,10,8,13,14,29,10,17,26,25,26,28,30,37,37,45,47,48,62,48,76,71,69,94,84,112,99,135,130,134,156,183,193,204,190,197,279,266,293,344,339,388,353,395,481,457,501,602,569,683,691,792,795,837,1042,996,1061,1103,1242,1308,1361,1499,1447,1770,1879,1909,1908,1955,2214,2121,2280,2374,2385,2399,2573,2587,2617,2573,2453,2659,2441,2668,2575,2788,2499,2573,2553,2560,2576,2541,2639,2538,2545,2641,2621,2584,2549,2415,2609,2506,2162,2444,2287,2242,2203,1998,2103,1892,1932,1669,1683,1574,1573,1438,1216,1208,1079,991,937,972,874,850,739,730,625,544,678,456,448,423,406,349,320,328,281,258,235,233,209,204,145,135,189,130,139,119,104,109,120,83,74,81,61,60,77,58,38,27,41,38,39,33,36,38,15,23,17,19,14,18,15,13,12,5,7,8,12,2,7,8,4,11,2,7,5,3,4,4,3,3,0,4,1,2,0,0,3,0,3,2,4,0,2,0,1,3,1,0,2,0,1,0,0,0,0,0,1,0,0,0,0,0,0,1,0,0,0,0,0,2,2,0,0,0,0,0,0,0,0,0,0,0,0,2,0,1,0,0,0,0,0,0,0,1,0,0,0,0,0,0,0,0,0,0,0,0,0,0,0,0,0,0,0,0,0,0,0,0,0,0,0,0,1,0,0,0,0,0,0,0,0,0,0,0,0,0,0,0,0,0,2,0,0,1,1,2}
Count:   5.9   4.8   3.7   3.2   2.4   1.3   1.0   0.5   0.6   0.7   0.7   0.6   0.7   0.7   0.7   0.6   8.1   7.3   7.2   5.8   5.8   3.9   3.3   2.0   1.7   1.1   0.7   0.7   0.7   0.6   0.6   0.6   0.7   0.7   0.6   0.5   0.7   0.7   0.6   2.2   8.6   7.8   6.8   7.2   6.1   5.7   4.6   4.0   2.7   1.3   0.7   0.7   0.6   0.6   0.7   0.7   0.6   0.6   2.1   8.2   7.1   7.0   6.4   5.5   4.2   3.9   2.7   1.8   1.0   0.6   0.6   0.6   0.7   0.6   0.8   0.6   0.6   0.7   0.7   0.7   0.6   0.7   4.3   7.7   7.6   6.8   7.1   5.8   6.4   5.0   4.0   2.7   1.0   0.7   0.6   0.7   0.7   0.6   0.6   0.6   0.7   3.6   8.0   7.1   6.5   6.0   6.0   4.4   3.2   2.6   1.6   1.0   0.7   0.8   0.7   0.7   0.7   0.7   0.7   0.6   3.5   7.6   7.0   6.7   5.3   4.8   3.9   2.6   1.8   1.6   0.7   0.7   0.6   0.7   0.7   0.6   0.6   0.8   0.7   0.7   0.7   0.6   0.6   0.6   5.7   7.7   7.2   7.0   6.4   6.0   5.1   4.4   3.5   2.3   0.5   0.6   0.6   0.6   0.8   0.7   0.7   0.7   0.7   5.6   7.5   6.8   6.4   5.9   5.7   4.0   2.9   2.0   1.9   0.7   0.8   0.7   0.6   0.6   0.7   0.7   0.6   0.6   0.6   0.7   0.7   0.6   0.6   7.6   7.6   7.2   7.1   6.2   6.4   5.3   4.5   3.2   2.2   0.7   0.7   0.6 
B: 38.9 36.8 36.5 32.7 30.2 28.3 30.6 26.0 26.0 25.4 26.0 25.3 27.0 25.6 26.7 25.9 42.5 40.1 39.6 38.3 36.9 34.3 32.3 29.4 27.7 30.1 25.9 26.0 27.4 25.8 28.5 26.5 26.5 25.3 25.4 27.4 26.2 26.0 26.0 41.1 41.2 41.8 39.4 39.4 38.7 37.2 34.3 33.2 30.9 30.3 25.5 25.4 24.6 25.5 27.2 26.3 27.1 26.3 41.0 39.9 40.3 39.3 39.3 36.3 35.1 32.8 31.0 28.9 30.9 25.5 25.3 26.0 26.8 26.6 26.9 26.4 28.0 26.3 27.7 25.4 27.2 25.6 44.1 40.6 40.7 40.9 39.9 38.3 38.0 35.1 33.7 31.4 33.2 26.5 26.7 25.9 26.5 25.7 24.5 25.8 26.8 42.3 41.4 39.3 38.9 38.9 36.9 34.6 32.1 30.2 28.3 30.4 27.6 24.9 24.8 25.8 26.8 26.1 27.4 25.9 42.7 40.0 39.4 39.7 37.2 35.1 32.6 30.2 29.2 30.4 29.2 27.3 26.2 26.5 25.8 27.7 26.2 25.9 26.7 26.6 26.5 26.0 26.6 26.0 43.4 40.8 40.2 39.7 39.2 37.9 36.5 35.7 32.5 30.7 27.1 26.3 27.0 26.3 27.1 25.7 26.6 26.2 25.6 40.3 40.7 40.3 40.1 39.1 36.0 33.1 31.3 29.5 30.3 26.7 26.6 26.5 25.7 26.0 26.5 26.1 25.7 26.4 25.3 25.9 26.6 27.0 24.6 41.7 40.2 40.2 39.2 39.3 39.0 36.9 34.0 32.5 32.0 26.8 26.0 26.5 
Direction:  {47 133} {47 133} n n n n n n n n n n n n n n {49 131} {48 132} {47 133} {49 131} {50 130} n n n n n n n n n n n n n n n n n n n {45 135} {44 136} {46 134} {40 140} {44 136} {48 132} {42 138} n n n n n n n n n n n n {50 130} {44 136} {51 129} {49 131} {41 139} {44 136} n n n n n n n n n n n n n n n n n {44 136} {44 136} {47 133} {44 136} {42 138} {41 139} {46 134} {47 133} n n n n n n n n n n n n {47 133} {47 133} {49 131} {42 138} {46 134} n n n n n n n n n n n n n n {44 136} {42 138} {44 136} {39 141} {49 131} n n n n n n n n n n n n n n n n n n {50 130} {50 130} {41 139} {42 138} {49 131} {48 132} {50 130} {40 140} n n n n n n n n n n n {43 137} {46 134} {42 138} {47 133} {43 137} {50 130} n n n n n n n n n n n n n n n n n n {41 139} {51 129} {50 130} {46 134} {43 137} {41 139} {49 131} n n n n n n

54.4: Count:   2.4 (  2.6) A:  19.4 [15-58] B:  37.8 [15-122] Phase: 100% 140 (19.2) Direction:  {46 134}
Phase: {0,0,0,0,0,0,0,0,0,0,0,0,0,0,0,0,0,0,0,0,0,0,0,0,0,0,0,0,0,0,0,0,0,0,0,0,0,0,2,0,0,0,0,1,0,0,0,0,1,0,1,0,4,1,1,2,4,3,0,3,5,5,8,8,2,4,3,6,9,8,12,12,17,11,13,12,17,21,15,28,21,41,34,47,60,47,68,72,47,89,118,65,119,161,158,157,155,197,185,230,223,296,310,367,396,462,485,551,602,578,720,791,950,1015,1042,1193,1141,1482,1523,1590,1713,1787,1897,2024,2110,2307,2263,2468,2581,2465,2650,2689,2671,2929,2675,2945,2705,2931,2634,2909,2737,2715,2734,2792,2890,2782,2686,2632,2797,2651,2605,2513,2562,2482,2170,2319,2161,2003,2052,1873,1814,1470,1664,1424,1353,1211,1113,1093,905,918,819,744,698,613,587,453,478,363,329,304,347,231,209,192,156,168,126,104,105,79,75,99,48,53,51,39,26,35,43,22,23,25,28,19,18,20,6,16,19,10,13,9,2,6,2,9,3,4,3,2,5,5,3,0,1,4,0,0,1,5,4,1,0,0,2,0,1,0,1,0,2,1,0,0,0,0,0,0,0,0,0,0,0,0,0,0,0,0,0,0,0,0,0,0,0,0,0,0,0,0,0,0,0,0,0,0,0,0,0,0,0,0,0,0,0,0,0,0,0,0,0,0,0,0,0,0,0,0,0,0,0,0,0,0,0,0,0,0,0,0,0,0,0,0,0,0,0,0,0,0,0,0,0,0,0,0,0,0,0,0,0,0,0,0,0,0,0,0,0,0,0,0,1,0,0,0,0,0,0,0,0,0,0,0,0,0,0,0,0,0}
Count:   5.6   4.1   3.2   2.8   1.7   1.0   0.6   0.4   0.4   0.3   0.4   0.4   0.4   0.4   0.4   0.3   7.9   6.8   6.9   5.6   5.2   3.5   2.6   1.3   0.8   0.6   0.4   0.4   0.4   0.4   0.3   0.3   0.4   0.3   0.4   0.4   0.4   0.4   0.4   2.0   8.1   7.3   6.6   6.5   5.8   5.5   4.5   3.4   2.1   1.0   0.4   0.4   0.4   0.5   0.4   0.5   0.4   0.4   1.7   7.5   6.9   6.8   5.4   5.1   3.7   3.3   1.7   1.0   0.5   0.4   0.4   0.4   0.4   0.5   0.5   0.4   0.4   0.4   0.4   0.4   0.4   0.4   4.2   7.6   7.4   6.7   6.9   5.7   5.7   4.9   3.5   2.1   0.7   0.4   0.4   0.4   0.4   0.3   0.3   0.4   0.4   3.2   7.5   6.4   6.3   5.6   5.6   4.2   2.6   1.8   1.1   0.5   0.4   0.4   0.4   0.4   0.5   0.4   0.4   0.5   3.6   6.8   6.2   6.5   5.3   4.7   3.0   2.0   1.2   1.1   0.4   0.4   0.5   0.4   0.4   0.4   0.4   0.3   0.4   0.4   0.4   0.4   0.5   0.4   5.4   7.1   6.8   6.8   5.8   5.7   4.5   4.2   2.8   2.0   0.3   0.4   0.4   0.4   0.4   0.4   0.4   0.4   0.4   5.4   7.0   6.8   6.3   5.5   4.7   3.4   2.2   1.6   1.1   0.3   0.5   0.4   0.5   0.4   0.4   0.5   0.4   0.3   0.4   0.4   0.4   0.4   0.4   7.0   7.2   6.2   6.4   6.1   6.2   4.7   4.1   2.5   1.4   0.4   0.4   0.4 
B: 38.1 38.6 36.8 34.8 30.1 30.6 34.5 30.0 26.5 25.1 27.8 27.8 26.3 28.3 27.0 28.4 41.9 41.3 39.5 38.8 36.5 34.4 32.0 29.0 30.6 31.4 28.3 28.4 27.9 27.8 30.0 29.1 26.7 27.4 28.1 28.8 28.6 25.6 27.8 41.1 42.0 41.4 40.1 39.5 39.3 38.0 34.6 33.8 31.1 33.4 27.0 27.7 26.6 27.8 28.2 26.8 27.1 26.8 42.0 40.3 40.5 40.1 39.4 36.2 35.2 32.4 30.5 29.1 33.6 27.2 27.8 27.7 30.7 28.9 28.7 26.9 29.0 27.0 27.6 27.2 27.2 27.2 46.0 41.2 41.4 41.1 40.8 38.9 38.4 36.5 34.4 31.9 36.3 27.7 28.1 27.1 29.9 27.8 26.2 27.5 27.0 44.0 41.6 39.8 39.8 39.1 37.3 35.1 32.9 30.0 30.2 35.2 28.4 28.2 27.0 26.6 26.8 27.1 28.2 29.5 42.9 40.3 40.3 39.8 37.0 35.5 33.1 30.6 30.2 30.8 32.5 28.0 25.8 27.5 25.6 28.3 29.3 27.4 27.1 26.9 28.7 27.5 29.9 27.5 43.3 40.7 41.0 39.6 39.2 38.0 36.8 36.2 32.7 31.7 29.9 27.8 28.2 27.5 30.4 28.2 26.6 27.1 28.7 41.8 41.5 41.0 40.3 39.1 36.3 34.4 31.4 31.5 33.7 27.1 29.7 28.6 27.7 28.3 27.8 28.2 25.8 25.9 26.5 29.3 27.5 27.8 27.1 43.7 41.0 39.7 40.3 39.0 39.1 37.0 34.3 32.9 31.4 29.6 28.1 27.6 
Direction:  {44 136} {48 132} n n n n n n n n n n n n n n {48 132} {46 134} {46 134} {45 135} {47 133} {44 136} n n n n n n n n n n n n n n n n n n {45 135} {44 136} {45 135} {43 137} {40 140} {41 139} {45 135} n n n n n n n n n n n n {47 133} {48 132} {45 135} {47 133} {48 132} {44 136} n n n n n n n n n n n n n n n n n {46 134} {46 134} {44 136} {49 131} {46 134} {45 135} {47 133} {43 137} n n n n n n n n n n n {43 137} {44 136} {46 134} {45 135} {46 134} {47 133} {41 139} n n n n n n n n n n n n {45 135} {45 135} {49 131} {51 129} {47 133} {45 135} n n n n n n n n n n n n n n n n n n {46 134} {42 138} {48 132} {43 137} {49 131} {42 138} {47 133} {41 139} n n n n n n n n n n n {48 132} {47 133} {43 137} {47 133} {43 137} {41 139} {42 138} n n n n n n n n n n n n n n n n n {43 137} {43 137} {42 138} {45 135} {41 139} {47 133} {46 134} {45 135} n n n n n

54.5: Count:   2.4 (  2.6) A:  19.3 [15-51] B:  37.1 [15-117] Phase: 100% 140 (18.5) Direction:  {45 135}
Phase: {0,0,0,0,0,0,0,0,0,0,0,0,0,0,0,0,0,0,0,1,0,0,0,0,0,0,0,0,0,0,0,0,0,0,0,0,0,1,0,0,1,0,0,0,1,0,3,3,0,4,3,5,6,7,2,2,7,2,4,6,10,8,8,8,7,12,10,14,6,13,9,14,21,31,31,26,34,33,36,45,47,49,56,56,58,45,72,82,86,83,129,81,109,130,151,154,154,191,204,193,258,268,266,377,372,405,449,476,633,583,694,732,878,1031,1068,1155,1074,1408,1617,1537,1700,1843,1937,1944,2180,2147,2315,2509,2458,2612,2604,2736,2688,2844,2858,3098,2759,3013,2899,2851,2841,2914,2987,2858,2918,2776,2631,2600,2770,2652,2520,2552,2504,2434,2097,2317,2099,2067,1884,1756,1785,1461,1622,1374,1251,1178,1108,950,850,862,737,771,601,564,463,429,371,337,315,265,317,182,184,162,185,149,133,119,121,87,70,80,76,61,62,51,54,55,38,41,26,21,31,22,17,15,18,18,17,9,3,11,9,4,9,6,7,5,2,0,2,1,1,3,6,5,0,0,2,1,4,1,1,1,0,0,0,0,2,0,1,2,0,3,1,0,0,3,0,0,0,0,0,1,0,0,0,0,0,0,2,0,0,0,0,0,0,0,0,0,1,0,0,0,0,0,0,0,0,0,0,0,0,0,0,0,0,0,0,0,0,0,0,0,0,0,0,0,0,0,0,0,0,0,0,0,0,0,0,0,0,0,0,0,0,0,0,0,0,0,0,0,0,0,0,0,0,0,0,0,0,0,0,0,0,0,0,0,0,0,0,0,0,0,0,0,0,0,0,0,0,0,0,0,0,0,0,0,0,0}
Count:   5.5   4.3   3.4   2.7   1.7   0.7   0.6   0.4   0.3   0.3   0.5   0.3   0.3   0.4   0.4   0.3   8.1   7.1   6.9   5.9   4.9   3.6   2.4   1.3   0.7   0.5   0.4   0.3   0.4   0.4   0.3   0.3   0.4   0.4   0.4   0.4   0.4   0.3   0.4   1.8   8.0   7.1   7.1   6.6   6.0   5.4   4.6   3.7   2.1   1.1   0.4   0.5   0.3   0.4   0.4   0.3   0.3   0.4   1.5   7.7   6.7   6.9   5.6   5.3   4.0   3.2   1.8   0.9   0.6   0.4   0.4   0.3   0.4   0.4   0.4   0.4   0.3   0.4   0.4   0.4   0.4   0.3   4.0   7.7   7.2   7.0   6.7   5.8   5.4   5.0   3.8   2.5   0.5   0.4   0.4   0.4   0.4   0.4   0.3   0.3   0.4   3.4   7.7   6.3   6.5   5.7   5.6   4.2   2.9   1.7   1.1   0.5   0.4   0.5   0.4   0.4   0.3   0.5   0.4   0.4   3.5   6.7   6.7   6.3   5.6   4.4   3.1   2.0   1.1   1.0   0.4   0.4   0.4   0.4   0.4   0.3   0.4   0.4   0.4   0.4   0.3   0.3   0.4   0.4   5.1   7.1   6.5   6.9   5.8   5.7   4.6   4.0   2.3   1.6   0.3   0.4   0.3   0.3   0.5   0.4   0.4   0.3   0.4   5.3   7.2   6.6   6.0   5.3   4.6   3.5   1.9   1.5   1.0   0.3   0.4   0.4   0.5   0.3   0.4   0.3   0.4   0.3   0.5   0.4   0.3   0.3   0.4   6.9   7.2   6.4   6.5   6.1   6.0   4.8   4.3   2.7   1.4   0.4   0.4   0.3 
B: 37.5 37.3 36.2 32.6 30.6 29.4 36.0 27.8 27.0 28.1 28.0 26.5 25.4 28.4 25.8 26.5 41.6 40.2 39.1 38.0 36.2 33.4 31.7 28.4 27.7 32.2 29.4 29.4 27.5 26.4 27.4 26.1 26.9 26.8 27.4 28.3 29.1 25.4 28.7 38.6 40.8 40.0 40.1 38.7 38.3 37.4 34.7 32.7 30.6 29.8 25.1 29.0 27.4 26.2 25.2 27.5 28.1 26.5 41.3 39.5 40.1 39.6 38.3 35.9 34.7 32.0 31.0 26.2 34.1 27.2 27.9 25.1 28.7 29.0 26.8 26.3 27.7 26.8 27.5 27.7 27.8 26.5 45.9 39.7 40.6 40.4 40.6 38.0 37.8 35.6 33.2 30.1 29.9 28.7 29.0 27.7 28.3 28.5 27.9 27.6 25.7 42.8 40.3 39.9 38.9 38.8 37.1 34.9 32.4 28.9 29.1 33.8 29.2 29.3 26.9 26.1 26.2 26.3 27.2 27.6 43.0 40.3 39.7 39.4 36.4 35.4 31.8 30.0 27.9 27.1 32.0 27.4 28.0 28.4 26.4 27.7 26.1 26.0 28.3 26.6 26.3 28.7 25.8 26.1 42.1 39.6 39.9 38.9 38.2 37.6 35.6 34.0 31.3 30.9 28.5 26.2 24.9 26.1 28.4 28.3 25.9 26.9 26.9 41.8 41.2 39.6 38.8 38.2 34.6 33.2 29.0 30.0 31.5 29.6 28.2 29.1 27.3 29.0 25.9 28.6 25.4 27.4 26.6 26.4 26.9 25.9 28.7 42.9 40.5 39.0 39.9 40.1 39.0 35.6 34.2 32.4 30.5 28.8 27.1 28.4 
Direction:  {41 139} {43 137} n n n n n n n n n n n n n n {46 134} {47 133} {44 136} {43 137} {43 137} {43 137} n n n n n n n n n n n n n n n n n n {46 134} {43 137} {44 136} {44 136} {44 136} {44 136} {41 139} {38 142} n n n n n n n n n n n {43 137} {44 136} {43 137} {47 133} {45 135} {44 136} n n n n n n n n n n n n n n n n n {44 136} {45 135} {44 136} {43 137} {46 134} {43 137} {45 135} {47 133} {46 134} n n n n n n n n n n {44 136} {43 137} {44 136} {44 136} {42 138} {44 136} {44 136} n n n n n n n n n n n n {47 133} {43 137} {48 132} {48 132} {47 133} {51 129} n n n n n n n n n n n n n n n n n n {47 133} {45 135} {46 134} {47 133} {42 138} {45 135} {46 134} {43 137} n n n n n n n n n n n {46 134} {44 136} {42 138} {45 135} {44 136} {47 133} {42 138} n n n n n n n n n n n n n n n n n {45 135} {44 136} {48 132} {45 135} {47 133} {48 132} {48 132} {47 133} n n n n n

54.6: Count:   2.5 (  2.7) A:  19.3 [15-54] B:  36.4 [15-114] Phase: 100% 140 (17.6) Direction:  {45 135}
Phase: {0,0,0,0,0,1,0,1,0,0,0,0,2,0,0,0,0,0,0,0,0,0,0,0,0,0,0,0,0,0,0,2,2,0,4,0,2,2,0,1,0,2,0,4,0,3,3,2,5,4,3,2,5,3,3,7,4,6,7,10,4,11,15,16,7,9,6,19,7,16,26,25,27,25,38,39,49,49,37,68,72,67,61,81,83,92,113,101,95,95,162,166,174,171,204,227,253,288,294,312,345,404,413,465,489,525,619,705,748,678,836,852,862,1010,1068,1139,1148,1457,1525,1509,1579,1701,1940,1926,2064,2288,2344,2461,2576,2609,2724,2893,2824,3036,2995,3220,3110,3407,3063,3209,3255,3232,3260,3147,3230,3033,2963,3012,2858,2720,2755,2680,2592,2532,2157,2153,2025,1970,1841,1761,1715,1368,1515,1253,1119,1131,1007,976,850,763,734,688,700,593,529,485,494,466,384,311,359,260,265,261,224,185,169,154,151,133,121,122,86,101,64,64,81,48,59,57,55,36,34,43,31,20,13,17,17,8,20,11,18,9,3,1,11,4,7,5,6,4,1,1,2,1,5,2,0,2,0,3,0,3,0,0,1,0,3,0,0,0,3,0,0,0,0,0,0,0,0,0,0,0,0,0,0,0,3,3,0,1,0,0,0,0,0,0,0,0,0,0,0,0,0,0,0,0,0,0,0,0,0,0,1,0,0,0,0,0,0,0,0,0,0,0,0,0,0,0,0,0,0,0,0,0,0,0,0,0,0,0,0,0,0,0,0,0,0,0,0,0,0,0,0,0,0,0,0,0,0,0,0,0,0,0,0,0,0,0,0,0,0,0,0,0,0,0,0,0,0,0,0,1,0,0,0,0,0,0}
Count:   5.8   4.6   3.6   2.8   2.0   1.0   0.7   0.4   0.4   0.3   0.4   0.4   0.4   0.4   0.4   0.3   7.9   7.5   6.9   6.2   5.2   4.4   3.0   1.8   1.0   0.8   0.5   0.4   0.5   0.4   0.4   0.4   0.4   0.4   0.4   0.4   0.3   0.3   0.4   1.6   7.9   6.8   7.5   6.6   6.0   5.4   5.2   3.8   2.5   1.0   0.4   0.4   0.3   0.4   0.5   0.4   0.4   0.4   1.5   8.0   7.0   7.1   6.0   5.8   4.5   3.4   2.4   1.5   0.7   0.4   0.4   0.4   0.3   0.4   0.4   0.4   0.3   0.4   0.4   0.4   0.4   0.4   3.8   7.7   7.5   7.0   6.8   6.2   5.7   5.1   4.0   2.9   0.5   0.4   0.4   0.3   0.4   0.4   0.4   0.4   0.4   3.6   7.8   6.8   6.6   6.0   5.6   4.3   3.6   2.0   1.4   0.4   0.4   0.5   0.4   0.4   0.3   0.4   0.4   0.4   3.8   6.9   7.3   6.4   5.7   4.8   3.6   2.3   1.6   1.0   0.4   0.5   0.4   0.4   0.4   0.3   0.4   0.4   0.4   0.5   0.4   0.4   0.4   0.3   5.1   7.5   6.9   7.0   6.0   6.0   5.0   4.2   2.9   1.9   0.3   0.4   0.4   0.4   0.4   0.3   0.3   0.5   0.4   5.3   7.0   6.9   6.4   5.7   4.8   4.0   2.6   1.9   1.2   0.4   0.4   0.4   0.4   0.3   0.4   0.3   0.4   0.4   0.5   0.4   0.4   0.3   0.3   7.0   7.6   6.8   7.2   6.5   6.3   5.3   4.5   3.5   1.9   0.4   0.4   0.5 
B: 37.9 36.9 35.9 31.4 30.5 26.4 33.1 26.7 25.8 27.6 27.6 27.6 26.4 26.5 26.7 27.6 40.8 38.7 38.8 37.5 35.7 33.4 30.5 28.4 25.8 28.4 26.9 26.6 27.1 25.4 25.7 27.1 27.1 25.3 25.8 25.7 27.1 25.6 28.2 38.0 39.2 38.7 39.4 38.4 38.1 36.3 35.0 33.3 29.2 30.1 25.4 26.0 26.1 26.8 26.4 26.6 26.9 26.9 40.4 39.1 38.5 38.5 38.6 36.9 34.8 31.3 31.2 26.9 32.0 27.5 27.5 25.9 27.7 26.4 26.5 25.3 26.6 27.2 27.8 28.7 26.5 25.7 43.8 38.9 39.7 39.4 39.5 37.5 37.6 34.8 32.8 30.2 29.3 25.8 27.5 28.5 27.5 26.9 27.1 27.2 27.0 42.2 39.5 39.6 38.6 37.3 36.4 33.7 32.2 29.4 27.4 31.2 27.6 27.9 26.7 27.4 26.9 27.9 26.2 25.2 43.3 40.3 38.3 37.6 36.0 34.8 32.2 28.9 27.3 25.9 31.8 27.7 28.3 26.8 25.8 26.7 24.7 25.5 28.5 26.3 26.2 26.4 25.1 26.0 42.6 39.4 40.0 39.2 38.1 37.2 35.7 33.6 30.1 29.7 28.6 26.8 26.7 25.0 24.5 29.8 27.0 23.9 26.2 40.9 39.9 38.6 38.9 36.6 34.2 32.7 29.5 28.9 30.5 26.2 27.9 27.9 25.8 26.9 23.8 24.8 27.3 27.2 26.0 25.9 25.9 26.2 27.0 42.2 40.5 38.8 39.2 39.2 37.6 35.8 34.6 32.2 30.3 27.4 26.8 27.2 
Direction:  {46 134} {43 137} {47 133} n n n n n n n n n n n n n {47 133} {46 134} {44 136} {44 136} {41 139} {47 133} n n n n n n n n n n n n n n n n n n {44 136} {46 134} {46 134} {46 134} {48 132} {44 136} {43 137} {42 138} n n n n n n n n n n n {43 137} {49 131} {47 133} {44 136} {47 133} {44 136} n n n n n n n n n n n n n n n n n {45 135} {47 133} {45 135} {48 132} {44 136} {47 133} {46 134} {49 131} {43 137} n n n n n n n n n n {43 137} {46 134} {44 136} {44 136} {44 136} {44 136} {50 130} {40 140} n n n n n n n n n n n {47 133} {45 135} {44 136} {44 136} {47 133} {43 137} {44 136} n n n n n n n n n n n n n n n n n {46 134} {47 133} {47 133} {44 136} {47 133} {44 136} {44 136} {46 134} n n n n n n n n n n n {45 135} {44 136} {45 135} {49 131} {48 132} {46 134} {46 134} n n n n n n n n n n n n n n n n n {48 132} {44 136} {44 136} {44 136} {44 136} {43 137} {41 139} {49 131} n n n n n

54.7: Count:   2.9 (  2.9) A:  19.5 [15-58] B:  35.5 [15-117] Phase: 100% 139 (20.4) Direction:  {45 135}
Phase: {0,0,0,0,0,0,0,0,0,0,0,0,0,0,0,0,4,0,0,0,1,0,3,0,0,0,1,2,2,0,1,0,8,1,2,1,0,7,0,3,2,2,5,8,2,8,4,1,7,10,5,8,13,6,11,13,8,17,17,18,25,22,24,27,27,29,44,22,31,47,40,23,69,70,65,62,74,76,86,86,106,83,91,97,139,140,134,134,147,149,309,208,241,266,304,293,289,381,431,400,491,553,556,537,667,718,782,869,1026,941,1094,1208,1316,1377,1469,1601,1512,1917,1924,1953,2096,2191,2386,2416,2606,2681,2762,2793,2883,3016,3028,3272,2998,3277,2871,3333,3140,3256,3111,3060,3228,3090,3206,3065,3103,3054,2890,2859,2901,2923,2893,2644,2802,2634,2163,2604,2437,2287,2257,2108,1951,1723,1861,1686,1645,1375,1320,1294,1161,1113,936,899,779,815,715,676,640,554,473,348,535,322,334,281,278,254,232,215,208,219,142,158,107,114,110,92,101,74,85,68,50,54,43,37,43,53,23,30,26,21,31,22,25,15,17,14,8,16,7,10,14,10,6,7,0,7,0,6,2,1,6,4,0,3,4,0,4,4,1,1,1,3,0,2,0,2,3,3,0,0,2,1,0,0,0,0,0,4,0,2,0,0,0,1,0,2,0,0,1,0,1,1,0,0,0,2,0,0,0,0,0,0,0,0,0,0,0,0,0,0,0,0,0,0,0,0,0,0,0,0,0,0,0,0,0,0,0,0,0,0,0,0,0,0,0,0,0,0,0,0,0,0,0,0,0,0,0,0,0,0,0,0,0,0,0,0,0,0,0,0,0,0,0,0,0,0,0,0,0,0,0,0,0,0,0,1,0,0,1,0}
Count:   6.4   5.2   4.4   4.1   3.0   1.9   1.2   0.5   0.5   0.5   0.5   0.5   0.3   0.5   0.5   0.4   8.2   8.1   7.1   6.3   5.6   5.5   4.1   3.0   2.0   1.2   0.5   0.5   0.5   0.4   0.4   0.4   0.5   0.4   0.4   0.4   0.5   0.4   0.4   1.8   8.3   7.5   8.1   6.9   6.5   5.7   5.9   4.5   3.7   1.3   0.5   0.5   0.4   0.5   0.5   0.4   0.5   0.4   1.6   8.0   7.3   7.8   6.7   6.7   5.0   4.5   3.1   2.6   1.0   0.5   0.4   0.6   0.4   0.4   0.4   0.5   0.4   0.4   0.5   0.5   0.4   0.4   4.1   8.1   7.8   7.8   7.2   7.0   6.1   5.6   5.0   4.1   0.7   0.4   0.5   0.5   0.5   0.5   0.4   0.4   0.5   3.7   8.4   7.5   7.4   6.6   6.2   4.9   4.4   3.3   2.4   0.6   0.5   0.3   0.4   0.3   0.4   0.5   0.5   0.5   3.9   7.8   7.6   6.2   6.4   5.5   4.4   3.2   2.6   2.1   0.4   0.4   0.5   0.5   0.5   0.5   0.4   0.5   0.4   0.4   0.4   0.4   0.5   0.5   5.5   8.3   7.6   7.6   6.9   6.8   5.3   5.4   4.0   3.3   0.4   0.5   0.4   0.4   0.5   0.5   0.4   0.5   0.4   5.8   7.7   7.8   7.1   6.1   5.1   4.9   3.9   2.8   2.2   0.3   0.4   0.5   0.5   0.4   0.4   0.4   0.5   0.4   0.5   0.4   0.4   0.4   0.5   7.4   8.0   7.3   7.6   6.7   6.6   5.7   5.4   4.3   2.2   0.4   0.4   0.5 
B: 38.0 36.9 35.4 32.6 30.2 27.4 29.4 26.1 26.1 25.5 25.8 23.9 24.0 24.5 25.9 25.0 38.9 38.4 38.0 37.1 34.7 34.0 31.1 27.3 25.8 27.6 25.8 26.1 24.0 26.0 24.2 26.4 25.9 24.1 27.2 26.2 24.7 24.5 24.8 36.3 37.8 38.0 38.1 38.3 37.9 36.8 35.4 31.9 29.6 27.5 25.0 26.4 24.2 26.1 26.5 27.1 25.1 25.2 39.2 38.5 37.3 38.4 38.2 36.2 34.5 31.5 28.9 27.7 28.2 24.9 26.8 25.4 26.1 26.4 25.4 25.1 25.3 24.4 24.7 25.5 23.4 26.3 40.5 38.5 38.8 37.9 38.0 37.4 36.3 34.6 32.9 30.8 28.2 26.5 26.4 26.1 26.8 25.3 25.3 26.7 23.9 39.6 38.2 38.8 38.2 37.4 36.2 33.4 31.1 29.4 27.0 28.3 26.9 25.6 25.6 26.8 25.3 25.3 24.5 27.4 41.9 38.8 38.4 38.0 36.1 35.2 32.6 28.8 27.4 27.1 30.6 25.2 24.3 25.2 25.4 25.6 24.3 25.8 25.6 26.4 23.9 25.6 25.8 24.4 42.7 39.0 38.6 38.2 37.4 38.0 37.0 34.1 30.5 29.6 26.5 26.5 24.0 25.5 24.0 26.0 26.3 25.2 25.4 39.3 39.2 39.3 38.4 36.7 34.2 33.6 30.4 28.3 27.9 25.3 24.6 26.2 25.5 24.2 23.3 25.1 24.2 26.3 24.8 26.0 24.6 25.8 25.5 41.1 38.9 38.4 37.6 38.4 37.2 36.2 34.5 32.4 29.8 27.0 25.7 23.8 
Direction:  {44 136} {41 139} {44 136} {45 135} n n n n n n n n n n n n {45 135} {43 137} {42 138} {44 136} {45 135} {47 133} n n n n n n n n n n n n n n n n n n {46 134} {47 133} {44 136} {45 135} {42 138} {42 138} {42 138} n n n n n n n n n n n n {44 136} {44 136} {44 136} {42 138} {42 138} {47 133} {44 136} n n n n n n n n n n n n n n n n {46 134} {42 138} {42 138} {45 135} {43 137} {44 136} {42 138} {43 137} {39 141} {46 134} n n n n n n n n n {46 134} {44 136} {43 137} {47 133} {43 137} {44 136} {50 130} {49 131} n n n n n n n n n n n {44 136} {49 131} {40 140} {40 140} {42 138} {41 139} {42 138} n n n n n n n n n n n n n n n n n {46 134} {46 134} {45 135} {41 139} {45 135} {46 134} {44 136} {46 134} {42 138} n n n n n n n n n n {47 133} {44 136} {42 138} {46 134} {46 134} {46 134} {48 132} {45 135} n n n n n n n n n n n n n n n n {44 136} {46 134} {45 135} {48 132} {46 134} {50 130} {40 140} {44 136} {46 134} n n n n

54.8: Count:   3.3 (  3.2) A:  19.8 [15-60] B:  36.1 [15-108] Phase: 100% 139 (20.8) Direction:  {45 135}
Phase: {0,0,0,0,0,0,0,0,0,0,0,0,0,0,0,0,0,0,0,0,0,1,0,0,0,0,0,0,2,2,1,0,2,1,0,4,2,9,4,4,6,1,4,7,10,5,5,11,2,7,25,11,8,9,16,27,27,16,24,20,29,29,18,26,32,40,33,56,35,46,56,55,104,55,74,87,80,116,99,117,123,105,144,128,128,159,175,188,193,241,324,245,258,332,338,380,380,448,506,424,499,641,607,722,682,850,835,960,1040,984,1205,1260,1420,1563,1592,1687,1563,1973,2077,2311,2330,2341,2676,2731,2979,3160,3143,3267,3391,3309,3622,3565,3481,3598,3417,3655,3302,3683,3408,3675,3404,3377,3521,3391,3400,3333,3369,3237,3330,3274,3265,3127,3194,3323,2744,2859,2718,2699,2446,2293,2340,1911,2053,1840,1809,1534,1413,1344,1302,1256,1113,987,957,801,798,686,628,660,534,439,623,349,380,389,322,255,258,244,208,195,205,162,135,161,140,86,117,99,103,66,87,67,49,75,51,44,37,39,36,28,35,21,28,19,22,13,25,14,10,9,10,5,4,8,11,3,3,3,4,2,2,2,2,4,4,0,4,2,1,1,2,1,1,0,0,0,3,1,1,0,0,0,0,0,0,1,0,1,1,0,0,0,2,1,0,0,0,0,0,0,0,0,0,1,0,0,0,0,0,0,1,0,0,0,0,2,0,0,0,0,0,0,0,1,0,0,0,0,0,0,0,0,0,0,0,0,0,0,0,0,0,0,0,0,0,0,0,0,0,0,0,0,0,0,0,0,0,0,0,0,0,0,1,0,0,0,0,0,0,2,1,0,0,0,0,0,0,0,0,0,0,0,0,0,0,0,0,0,0,0}
Count:   7.0   5.7   4.9   4.8   3.9   2.9   1.6   0.4   0.4   0.4   0.4   0.5   0.4   0.4   0.3   0.4   8.6   9.0   7.8   7.6   6.3   6.3   5.5   4.2   3.2   1.6   0.5   0.4   0.4   0.4   0.4   0.5   0.4   0.4   0.4   0.4   0.5   0.4   0.4   2.0   9.0   8.2   8.8   7.6   7.2   6.5   6.7   5.8   5.0   1.6   0.5   0.4   0.4   0.4   0.4   0.4   0.5   0.4   1.8   8.9   7.9   8.2   7.1   7.5   6.2   5.7   4.3   3.6   1.2   0.4   0.4   0.5   0.4   0.4   0.5   0.4   0.4   0.4   0.5   0.5   0.4   0.4   4.0   9.0   8.5   8.4   7.8   7.6   6.8   6.6   6.1   5.3   0.8   0.4   0.3   0.5   0.4   0.4   0.3   0.4   0.4   3.7   8.9   8.3   8.3   6.8   6.9   5.9   5.9   4.3   3.6   0.7   0.5   0.4   0.4   0.4   0.4   0.4   0.4   0.5   4.2   8.2   8.2   7.1   6.9   6.4   5.4   4.3   3.9   2.9   0.5   0.4   0.4   0.4   0.5   0.4   0.4   0.4   0.4   0.5   0.4   0.4   0.4   0.4   5.9   9.0   7.9   8.4   7.6   7.6   6.0   6.6   5.1   4.0   0.4   0.4   0.3   0.4   0.4   0.4   0.4   0.4   0.3   6.2   8.5   8.5   7.6   6.8   6.2   6.0   4.8   4.1   2.9   0.3   0.4   0.4   0.5   0.4   0.4   0.4   0.4   0.4   0.4   0.3   0.4   0.4   0.5   7.6   8.3   7.8   8.3   7.3   7.8   7.0   6.1   5.4   3.0   0.4   0.4   0.4 
B: 37.6 37.7 36.7 33.9 31.7 29.3 30.2 25.3 24.0 25.0 25.3 24.7 22.6 24.3 25.7 24.5 38.4 39.0 38.2 37.6 36.1 35.5 32.2 29.3 26.5 27.4 26.2 24.3 23.3 24.6 23.6 24.8 24.9 23.9 24.5 26.6 24.7 25.2 24.5 36.1 38.1 38.8 38.5 38.7 38.9 37.2 36.7 34.1 31.6 29.2 24.4 26.0 25.2 25.2 25.3 26.4 24.0 26.1 39.0 38.4 37.5 38.8 38.2 37.6 35.8 32.4 30.4 28.4 29.1 24.7 24.6 24.8 23.7 24.7 26.4 25.2 25.2 23.2 24.1 23.3 24.8 24.5 39.1 39.4 39.5 39.0 39.2 38.8 36.6 35.8 34.7 32.4 30.6 24.4 24.7 25.7 25.6 25.4 24.2 24.6 24.7 38.7 39.8 39.6 39.5 37.9 37.1 34.9 33.0 30.2 29.1 29.6 25.5 25.7 25.4 24.2 24.5 24.0 24.0 26.6 42.1 39.8 38.9 37.8 37.4 36.2 33.3 31.0 28.6 27.8 28.6 25.6 23.9 24.9 23.4 23.8 25.1 24.1 23.8 25.1 23.2 23.6 24.8 24.0 42.2 39.4 38.7 38.4 38.6 38.9 38.0 35.6 33.0 30.9 25.6 25.2 25.7 24.7 24.2 25.6 25.9 26.5 23.5 39.2 38.6 39.4 39.5 37.9 36.8 33.9 32.0 29.3 28.7 26.6 24.9 23.7 24.8 23.7 25.4 24.2 24.9 24.6 24.6 25.2 23.9 25.0 25.3 39.5 39.4 39.1 38.6 37.9 38.3 37.6 35.2 33.6 29.9 25.1 24.0 24.8 
Direction:  {46 134} {45 135} {40 140} {45 135} {42 138} n n n n n n n n n n n {45 135} {43 137} {41 139} {42 138} {41 139} {43 137} {43 137} {49 131} n n n n n n n n n n n n n n n n {42 138} {43 137} {45 135} {41 139} {42 138} {42 138} {46 134} {38 142} {41 139} n n n n n n n n n n {41 139} {42 138} {43 137} {47 133} {44 136} {48 132} {43 137} {39 141} n n n n n n n n n n n n n n n {47 133} {45 135} {42 138} {43 137} {46 134} {45 135} {45 135} {40 140} {42 138} {41 139} n n n n n n n n n {42 138} {46 134} {40 140} {41 139} {42 138} {42 138} {42 138} {44 136} {44 136} n n n n n n n n n n {46 134} {48 132} {42 138} {42 138} {46 134} {44 136} {40 140} {41 139} n n n n n n n n n n n n n n n n {47 133} {45 135} {43 137} {43 137} {40 140} {44 136} {48 132} {45 135} {49 131} {40 140} n n n n n n n n n {46 134} {43 137} {42 138} {41 139} {46 134} {41 139} {46 134} {47 133} n n n n n n n n n n n n n n n n {42 138} {43 137} {45 135} {42 138} {47 133} {49 131} {41 139} {42 138} {44 136} n n n n

54.9: Count:   3.6 (  3.6) A:  20.1 [15-48] B:  38.0 [15-113] Phase: 100% 140 (17.0) Direction:  {45 135}
Phase: {0,0,0,0,0,0,0,0,0,0,0,0,0,0,0,0,0,0,1,0,0,0,0,0,0,1,0,1,0,0,0,3,0,1,0,0,0,0,0,2,4,0,0,0,0,8,3,3,4,0,5,4,2,1,9,2,9,8,6,11,17,2,7,17,6,11,22,6,17,6,22,10,27,15,27,32,35,32,36,55,33,50,45,72,60,64,100,110,101,103,159,108,118,173,187,211,231,249,282,297,350,364,350,456,544,554,674,758,853,855,1037,1126,1410,1437,1434,1729,1667,2075,2304,2199,2452,2663,3062,2876,3334,3484,3582,3853,3683,3900,4074,4179,4218,4536,4384,4622,4497,4834,4578,4861,4967,4720,4772,4707,4533,4567,4364,4195,4251,3820,3898,3451,3723,3595,3080,3211,3018,2822,2871,2566,2352,2180,2376,2059,1817,1603,1500,1418,1111,1040,968,875,763,678,660,567,540,461,392,307,381,241,209,200,201,202,146,143,147,93,72,95,90,79,47,61,56,51,47,28,37,30,30,34,35,28,9,15,8,10,15,4,5,2,6,0,7,6,4,8,2,3,2,1,2,3,3,0,1,0,0,0,0,0,0,1,0,1,0,0,0,0,0,0,0,0,0,0,0,0,0,0,0,0,0,0,0,1,0,0,0,0,0,0,0,0,0,0,0,0,0,0,0,0,0,0,0,0,0,0,0,0,0,0,1,0,0,0,0,0,0,0,0,0,0,0,0,0,0,0,0,0,0,0,0,0,0,0,0,0,0,0,0,0,0,0,0,0,0,0,0,0,0,0,0,0,0,0,0,0,0,0,0,0,0,0,0,0,0,0,0,0,0,0,0,0,0,0,0,0,0,0,0,0,0,0,0,0,0,0}
Count:   8.0   6.7   5.8   6.0   4.9   3.7   2.0   0.3   0.3   0.3   0.3   0.3   0.2   0.4   0.3   0.3   8.9   9.8   8.4   8.3   7.3   7.1   6.4   5.1   4.3   2.0   0.3   0.3   0.3   0.3   0.3   0.4   0.3   0.3   0.3   0.4   0.3   0.3   0.3   2.0   9.6   8.9   9.4   8.7   8.1   7.4   7.7   6.8   6.3   1.8   0.4   0.3   0.3   0.3   0.3   0.3   0.3   0.4   2.0  10.0   8.7   8.8   7.7   8.2   7.1   7.1   5.3   4.5   1.4   0.3   0.3   0.4   0.3   0.3   0.3   0.3   0.4   0.3   0.3   0.3   0.3   0.3   3.8   9.6   9.1   9.1   8.3   8.5   7.4   7.3   6.6   6.2   0.7   0.4   0.3   0.3   0.4   0.3   0.3   0.3   0.3   3.8   9.6   9.0   9.1   8.2   7.9   6.4   6.5   5.5   4.7   0.6   0.3   0.3   0.3   0.3   0.2   0.3   0.3   0.3   4.5   9.3   8.7   8.0   8.2   6.8   6.7   5.1   5.1   3.6   0.5   0.4   0.4   0.4   0.3   0.3   0.3   0.3   0.3   0.3   0.3   0.3   0.3   0.3   6.3   9.8   8.3   8.9   8.4   8.3   7.5   6.8   6.1   5.1   0.3   0.4   0.2   0.3   0.3   0.3   0.3   0.3   0.3   6.1   9.1   9.5   8.2   7.7   6.9   7.1   6.1   4.8   3.9   0.3   0.3   0.3   0.3   0.3   0.3   0.4   0.3   0.4   0.3   0.3   0.4   0.3   0.3   8.4   9.4   8.7   8.8   7.8   8.6   7.0   7.2   6.3   3.8   0.3   0.4   0.3 
B: 40.0 39.9 38.2 36.5 34.5 31.5 32.2 25.6 23.8 26.8 25.0 26.5 24.2 25.3 25.9 25.8 39.6 40.3 39.5 39.2 38.1 37.5 34.4 32.7 28.9 29.8 27.2 23.3 25.3 24.4 25.7 24.8 26.7 23.5 25.0 24.6 26.4 23.9 26.8 39.0 39.3 39.4 41.1 40.2 39.6 38.3 38.8 36.5 34.6 34.2 25.4 25.7 25.3 28.5 26.7 25.0 24.2 24.7 40.7 41.2 39.8 39.7 40.1 40.3 38.5 35.6 32.6 30.6 30.7 25.7 26.0 25.5 24.8 24.4 29.1 26.6 25.7 23.9 25.3 24.6 26.6 25.6 40.9 39.3 41.5 40.6 41.4 40.9 38.9 38.4 36.9 35.1 31.7 27.8 25.3 24.8 25.6 26.0 26.5 25.1 25.8 39.6 40.7 40.5 42.2 39.5 38.8 37.8 35.8 32.7 31.1 32.2 27.5 26.6 25.3 24.2 24.7 25.1 24.2 25.1 42.1 41.3 40.5 40.1 39.0 38.7 36.0 33.7 30.6 29.2 29.2 25.3 25.9 25.4 24.7 22.8 25.0 26.2 25.4 23.9 24.5 27.3 26.3 24.9 43.3 41.0 39.2 39.8 39.7 39.8 39.7 37.4 35.0 33.6 25.1 25.6 26.0 24.0 25.1 24.5 24.2 27.1 26.3 39.7 40.2 41.1 41.3 40.4 38.1 36.5 33.9 31.6 30.3 27.0 25.8 24.0 24.4 26.5 25.8 23.6 25.5 25.6 25.1 25.6 24.2 24.5 24.4 40.6 40.9 40.1 41.6 39.9 40.2 39.5 37.6 36.6 33.2 26.1 24.5 25.5 
Direction:  {44 136} {46 134} {45 135} {48 132} {48 132} n n n n n n n n n n n {44 136} {48 132} {45 135} {44 136} {44 136} {44 136} {46 134} {43 137} {40 140} n n n n n n n n n n n n n n n {46 134} {43 137} {47 133} {44 136} {45 135} {47 133} {41 139} {43 137} {45 135} n n n n n n n n n n {43 137} {44 136} {43 137} {43 137} {45 135} {44 136} {44 136} {47 133} {42 138} n n n n n n n n n n n n n n {44 136} {44 136} {45 135} {46 134} {46 134} {47 133} {44 136} {44 136} {42 138} {43 137} n n n n n n n n n {45 135} {45 135} {47 133} {47 133} {44 136} {44 136} {46 134} {46 134} {44 136} {45 135} n n n n n n n n n {44 136} {45 135} {45 135} {43 137} {46 134} {42 138} {43 137} {46 134} {43 137} n n n n n n n n n n n n n n n {44 136} {44 136} {44 136} {46 134} {45 135} {46 134} {45 135} {45 135} {44 136} {44 136} n n n n n n n n n {45 135} {45 135} {44 136} {44 136} {44 136} {46 134} {47 133} {42 138} {41 139} {48 132} n n n n n n n n n n n n n n {45 135} {46 134} {47 133} {46 134} {46 134} {47 133} {45 135} {44 136} {45 135} {45 135} n n n

55.0: Count:   3.9 (  4.0) A:  20.4 [15-50] B:  39.8 [15-106] Phase: 100% 140 (13.9) Direction:  {45 135}
Phase: {0,0,0,0,0,0,0,0,0,0,0,0,0,0,0,0,0,0,0,0,0,0,0,0,0,0,0,0,0,0,0,0,0,0,0,0,0,0,1,0,0,0,0,0,0,0,1,1,0,0,1,0,0,0,0,0,0,0,2,1,0,1,1,2,2,0,4,6,4,3,1,1,3,7,7,6,5,15,8,20,12,13,30,26,20,26,20,35,43,43,92,54,79,78,94,104,127,186,194,167,234,235,277,334,392,396,494,591,619,635,907,932,1103,1135,1304,1437,1510,1939,1919,2110,2480,2446,2765,2958,3157,3542,3733,3933,4087,4329,4520,5040,5073,5566,5388,6088,5835,6463,6126,6467,6489,6431,6483,6499,6163,6108,5665,5283,5416,4950,4861,4410,4188,3964,3375,3275,3156,3025,2641,2455,2276,2081,2008,1847,1676,1516,1292,1200,939,866,823,772,586,562,510,433,449,319,296,224,256,155,124,132,122,96,85,68,57,57,46,45,23,43,16,26,23,16,12,18,11,5,7,10,8,9,6,6,0,4,4,3,3,2,1,1,0,0,2,0,0,0,2,0,0,1,1,3,0,1,0,0,0,1,0,0,1,0,0,0,0,0,0,0,0,0,0,0,0,0,0,0,0,1,0,0,0,0,0,0,0,0,0,0,0,0,0,0,0,0,0,0,0,0,0,0,0,0,0,0,0,0,0,0,0,0,0,0,0,0,0,0,0,0,0,0,0,0,0,0,0,0,0,0,0,0,0,0,0,0,0,0,0,0,0,0,0,0,0,0,0,0,0,0,0,0,0,0,0,0,0,0,0,0,0,0,0,0,0,0,0,0,0,0,0,0,0,0,0,0,0,0,0,0,0,0,0,0,0,0}
Count:   8.7   7.4   6.0   7.1   5.8   4.4   2.2   0.3   0.2   0.3   0.2   0.2   0.2   0.3   0.3   0.2   9.6  10.1   9.2   9.0   7.9   8.2   7.3   6.0   5.1   2.4   0.3   0.2   0.2   0.2   0.3   0.3   0.3   0.2   0.2   0.2   0.2   0.2   0.3   2.0  10.5   9.8  10.1   9.1   9.0   8.1   8.5   7.8   7.4   1.9   0.3   0.2   0.2   0.2   0.2   0.2   0.3   0.3   2.1  10.6  10.0   9.6   8.9   9.0   8.2   8.2   6.5   5.2   1.3   0.3   0.2   0.2   0.2   0.3   0.3   0.3   0.3   0.2   0.2   0.2   0.3   0.2   4.0  10.4   9.7   9.7   9.2   9.0   8.6   8.4   7.5   7.4   0.6   0.2   0.2   0.2   0.3   0.2   0.3   0.2   0.3   3.9  10.2   9.8  10.1   9.1   8.6   7.7   7.6   6.8   5.4   0.7   0.3   0.2   0.2   0.2   0.2   0.2   0.3   0.2   4.5   9.9   9.7   8.7   8.7   7.4   7.7   6.4   5.8   4.2   0.5   0.2   0.2   0.3   0.2   0.2   0.2   0.3   0.2   0.2   0.2   0.3   0.3   0.2   6.6  10.4   9.4   9.8   9.0   8.5   8.0   7.8   7.0   5.7   0.2   0.3   0.2   0.2   0.2   0.3   0.2   0.2   0.3   6.3   9.8   9.9   9.4   8.8   7.9   7.9   6.8   5.6   4.6   0.2   0.2   0.3   0.2   0.3   0.2   0.3   0.3   0.2   0.2   0.2   0.3   0.2   0.2   9.1   9.5  10.1   9.7   8.7   9.2   7.7   8.3   7.4   4.4   0.3   0.2   0.2 
B: 41.8 42.0 41.3 38.7 36.7 34.1 32.3 26.6 24.7 27.7 28.4 28.5 24.9 26.1 27.4 29.3 41.4 42.2 41.8 42.0 41.1 38.9 36.7 34.6 31.5 31.0 27.1 23.9 25.5 24.1 26.5 25.0 26.2 25.0 24.5 26.8 24.5 24.7 27.4 42.2 41.0 40.9 42.0 41.5 41.7 40.4 40.6 38.5 36.4 33.9 27.5 25.4 25.6 27.0 28.6 27.5 25.5 26.8 41.1 42.3 42.2 40.9 41.0 42.1 40.2 38.3 36.1 32.4 31.0 27.1 27.5 25.7 25.0 24.9 27.7 25.5 26.7 26.5 26.6 27.3 26.3 26.2 42.9 42.0 42.0 41.5 41.8 42.4 41.2 39.8 38.9 37.1 34.3 26.6 26.0 26.2 25.2 26.3 27.9 26.0 25.5 41.1 41.7 43.1 43.4 42.0 40.6 38.8 37.1 35.5 33.2 33.7 26.4 26.1 27.8 27.0 25.7 26.5 25.2 26.4 42.9 42.0 42.5 42.3 41.9 39.8 38.5 35.1 32.7 30.6 31.0 26.1 26.4 25.8 25.1 23.9 24.7 26.8 27.2 23.9 24.5 24.8 26.8 25.6 44.5 43.0 40.8 41.2 41.9 42.3 41.6 38.8 37.6 35.8 30.0 25.4 25.5 25.6 26.0 26.5 25.0 27.8 25.5 41.2 41.7 42.9 42.3 41.6 40.0 38.8 36.8 33.0 33.6 29.2 25.5 27.4 27.0 25.6 26.9 26.5 26.7 26.7 26.1 26.3 26.4 24.3 26.8 41.3 41.5 42.4 42.5 41.3 42.1 41.3 40.2 38.2 35.8 28.1 26.1 25.6 
Direction:  {45 135} {46 134} {42 138} {45 135} {44 136} {44 136} n n n n n n n n n n {46 134} {45 135} {45 135} {45 135} {46 134} {45 135} {47 133} {41 139} {47 133} n n n n n n n n n n n n n n n {45 135} {45 135} {45 135} {44 136} {46 134} {45 135} {46 134} {47 133} {42 138} n n n n n n n n n n {46 134} {46 134} {47 133} {44 136} {46 134} {45 135} {43 137} {44 136} {43 137} n n n n n n n n n n n n n n {47 133} {44 136} {45 135} {45 135} {44 136} {44 136} {47 133} {47 133} {45 135} {44 136} n n n n n n n n n {45 135} {45 135} {45 135} {45 135} {46 134} {44 136} {45 135} {46 134} {44 136} {45 135} n n n n n n n n n {43 137} {45 135} {44 136} {45 135} {45 135} {45 135} {46 134} {45 135} {44 136} {42 138} n n n n n n n n n n n n n n {46 134} {46 134} {43 137} {46 134} {45 135} {45 135} {43 137} {44 136} {42 138} {45 135} n n n n n n n n n {46 134} {46 134} {44 136} {44 136} {45 135} {43 137} {44 136} {43 137} {43 137} {44 136} n n n n n n n n n n n n n n {44 136} {45 135} {44 136} {45 135} {45 135} {45 135} {45 135} {47 133} {44 136} {45 135} n n n

55.1: Count:   4.3 (  4.5) A:  20.9 [15-54] B:  40.7 [15-115] Phase: 100% 140 (13.3) Direction:  {45 135}
Phase: {0,0,2,0,1,0,0,0,0,0,0,0,0,0,0,0,0,0,0,0,0,0,0,0,0,0,0,0,0,0,0,0,0,0,0,0,0,0,0,0,1,1,0,0,0,0,3,0,2,1,5,2,2,1,3,7,1,6,12,0,4,5,1,8,5,16,10,7,7,12,16,3,2,13,15,17,15,32,26,46,49,43,41,43,42,62,86,67,69,69,133,116,122,158,170,167,179,255,255,327,289,385,464,440,471,581,608,672,770,776,877,1039,1195,1261,1326,1524,1513,1931,2013,2066,2400,2611,2897,3011,3255,3648,3908,4359,4470,4702,5115,5306,5343,6102,6106,6644,6572,7072,7043,7185,7382,7374,7335,7081,7002,6773,6192,6121,6063,5582,5232,4767,4663,4383,3773,3646,3406,3226,2910,2594,2348,2076,2146,1851,1762,1574,1345,1256,1005,944,875,717,758,728,642,546,487,429,372,309,364,282,253,197,209,163,141,135,95,118,83,69,69,58,54,44,40,33,26,31,31,30,28,12,10,7,6,13,9,5,8,10,6,3,3,4,7,3,5,2,2,1,0,4,1,0,3,3,2,2,1,0,0,0,2,1,1,0,0,0,0,0,3,0,0,0,0,0,0,0,1,0,0,0,0,0,0,0,0,0,0,0,0,0,0,0,0,0,0,0,0,0,0,0,0,0,0,0,0,0,0,0,0,0,0,0,0,0,0,0,0,0,0,0,0,0,0,0,0,0,0,0,0,0,0,0,0,0,0,0,0,0,0,0,0,0,0,0,0,0,0,0,0,0,0,0,0,0,0,0,0,0,0,0,0,0,0,0,0,0,0,0,0,0,0,0,0,0,0,0,0,0,0,0,0,0,0,0,0,0}
Count:   9.8   8.2   7.2   7.9   6.9   5.4   2.4   0.3   0.2   0.2   0.2   0.2   0.2   0.3   0.3   0.2  10.2  11.2  10.2  10.3   9.2   8.8   7.9   6.9   5.9   2.7   0.4   0.2   0.2   0.2   0.3   0.2   0.3   0.3   0.3   0.2   0.2   0.2   0.3   2.4  11.3  10.9  11.2  10.0  10.1   9.2   9.1   8.8   8.3   2.2   0.3   0.3   0.3   0.2   0.3   0.2   0.2   0.2   2.2  11.7  10.9  10.2   9.9   9.7   9.1   8.6   7.3   6.0   1.5   0.3   0.2   0.2   0.2   0.2   0.2   0.2   0.2   0.3   0.2   0.2   0.2   0.3   4.6  11.7  10.9  11.1   9.8  10.2   9.5   9.2   8.3   8.2   0.7   0.3   0.2   0.2   0.2   0.2   0.2   0.2   0.2   4.2  10.9  10.9  10.8   9.8   9.3   8.6   8.3   7.3   6.2   0.6   0.3   0.3   0.2   0.2   0.2   0.2   0.2   0.2   4.8  11.2  10.9   9.6   9.5   8.6   8.6   7.5   6.4   4.7   0.6   0.3   0.2   0.3   0.2   0.3   0.2   0.2   0.3   0.2   0.2   0.2   0.3   0.3   7.0  11.5  10.9  10.3  10.0   9.7   9.1   8.7   8.1   6.2   0.2   0.3   0.2   0.2   0.2   0.2   0.2   0.2   0.3   6.5  10.8  10.6  10.2  10.2   8.4   8.5   7.8   6.4   5.0   0.3   0.2   0.3   0.2   0.2   0.3   0.2   0.2   0.2   0.2   0.3   0.2   0.2   0.2  10.0  10.7  11.0  10.4   9.9   9.8   8.6   9.0   8.1   5.2   0.3   0.2   0.2 
A: 21.2 20.2 19.4 19.3 19.1 18.0 17.8 16.7 17.1 16.6 16.6 16.8 17.2 17.2 17.0 17.0 21.3 21.7 21.5 22.1 21.3 20.3 19.7 19.1 18.0 18.0 17.1 16.4 16.7 16.4 16.6 17.3 17.0 17.3 16.8 16.9 17.4 16.4 16.7 22.6 21.3 21.5 21.6 21.5 21.7 21.1 20.9 20.9 19.9 18.4 16.8 16.9 16.9 17.3 16.7 17.1 16.8 17.2 21.0 22.1 21.6 21.1 21.4 21.6 20.7 20.2 19.4 18.3 17.6 16.9 16.8 17.0 16.3 16.6 16.8 16.7 17.0 16.3 16.6 16.8 16.8 16.8 21.6 22.0 21.6 21.5 21.8 22.1 21.7 21.2 20.5 19.6 18.7 16.8 17.0 16.6 16.2 17.2 17.7 17.1 17.1 21.0 21.6 22.0 22.0 21.4 21.3 20.3 19.8 19.1 18.6 18.3 17.5 16.8 17.1 16.5 16.4 17.5 17.0 16.9 21.3 21.8 22.2 21.7 21.3 20.5 20.1 19.4 18.9 18.1 17.9 17.1 17.1 17.1 16.6 16.4 16.4 16.9 16.7 16.7 16.4 16.6 16.5 16.9 22.2 21.7 21.3 21.4 21.6 21.2 21.2 20.5 19.9 19.3 17.0 16.8 16.4 16.5 17.0 16.6 16.6 17.0 16.7 21.2 21.4 21.6 21.7 21.8 21.0 20.1 19.6 18.6 18.7 16.9 16.8 16.9 17.1 16.6 16.9 16.9 16.6 16.9 16.9 16.3 16.6 16.5 16.4 21.3 21.4 22.1 22.1 21.1 21.4 21.1 20.8 20.0 19.5 16.7 17.1 16.7 
B: 43.2 42.6 41.8 39.9 37.9 35.1 31.8 26.1 27.1 27.3 25.5 27.1 24.0 24.5 26.0 27.2 41.7 43.3 42.0 43.4 42.3 39.6 37.9 35.4 32.5 31.3 28.2 25.8 26.9 24.1 25.5 25.6 24.7 25.5 24.8 24.8 25.2 23.6 24.5 43.9 42.3 42.3 42.8 42.0 42.5 41.4 40.6 40.8 38.3 34.6 28.1 25.6 24.5 25.3 24.9 25.6 24.0 25.6 40.9 43.7 42.7 41.2 42.2 42.3 40.7 39.4 37.0 33.2 30.2 26.3 25.9 24.3 24.3 24.3 25.3 24.5 26.7 25.2 24.4 25.8 25.7 25.7 43.0 43.5 42.5 42.8 42.9 43.9 43.1 41.5 40.3 37.9 33.4 25.9 26.1 24.0 25.6 25.8 28.2 24.8 25.8 41.2 43.0 43.4 43.7 42.4 41.5 39.7 38.5 36.7 34.1 35.3 27.7 22.6 27.4 24.8 22.7 25.4 25.4 27.4 42.6 43.1 44.0 42.5 41.9 40.5 39.2 36.9 34.1 31.5 30.5 27.0 26.5 25.0 25.4 23.0 23.1 26.0 24.3 24.2 24.6 24.9 25.6 24.2 44.1 43.0 42.1 42.2 42.4 42.1 41.8 41.1 39.2 37.0 26.6 24.5 29.1 23.7 24.0 25.2 24.1 25.0 24.6 41.4 42.2 43.4 43.0 43.4 41.8 39.8 37.7 34.5 33.9 28.5 27.1 24.8 25.5 24.9 26.1 25.6 26.6 24.0 25.9 24.4 24.7 26.0 23.4 42.2 42.4 43.5 43.4 41.3 42.2 42.0 40.7 38.8 37.4 25.0 25.5 24.5 
Direction:  {44 136} {45 135} {44 136} {45 135} {46 134} {44 136} n n n n n n n n n n {45 135} {46 134} {45 135} {45 135} {45 135} {46 134} {46 134} {45 135} {45 135} n n n n n n n n n n n n n n {47 133} {44 136} {45 135} {46 134} {46 134} {44 136} {44 136} {45 135} {45 135} {44 136} n n n n n n n n n n {45 135} {46 134} {44 136} {44 136} {45 135} {44 136} {44 136} {45 135} {46 134} n n n n n n n n n n n n n n {45 135} {45 135} {45 135} {44 136} {46 134} {44 136} {44 136} {46 134} {44 136} {44 136} n n n n n n n n n {46 134} {46 134} {44 136} {46 134} {45 135} {43 137} {46 134} {46 134} {44 136} {42 138} n n n n n n n n n {44 136} {46 134} {44 136} {44 136} {47 133} {44 136} {46 134} {46 134} {46 134} {42 138} n n n n n n n n n n n n n n {45 135} {45 135} {46 134} {46 134} {46 134} {45 135} {46 134} {45 135} {44 136} {43 137} n n n n n n n n n {43 137} {46 134} {44 136} {45 135} {45 135} {46 134} {44 136} {45 135} {45 135} {42 138} n n n n n n n n n n n n n n {46 134} {44 136} {46 134} {45 135} {46 134} {45 135} {45 135} {46 134} {46 134} {45 135} n n n

55.2: Count:   4.7 (  4.8) A:  21.4 [15-55] B:  40.8 [15-113] Phase: 100% 140 (16.5) Direction:  {45 135}
Phase: {0,0,0,0,0,0,0,2,0,0,0,1,0,0,0,0,3,2,0,0,0,1,2,1,0,1,0,1,2,1,1,0,1,0,3,4,1,1,5,8,7,8,3,8,10,16,8,9,5,16,15,14,13,20,17,18,26,13,12,27,19,15,33,39,19,26,40,45,31,24,46,40,51,66,46,48,50,78,74,84,67,83,89,126,108,137,154,172,174,152,283,143,246,264,307,340,350,407,439,535,497,554,581,689,676,809,857,926,1087,1122,1237,1445,1639,1776,1895,2075,2151,2514,2731,2719,3047,3194,3648,3701,3973,4217,4640,4798,5015,5249,5497,5666,5692,5982,5873,6366,6133,6487,6417,6598,6465,6286,6300,6424,6316,5985,5925,5640,5616,5207,5174,4897,5011,4578,4151,4118,3731,3516,3515,3207,3008,2582,2632,2360,2086,2063,1832,1676,1478,1408,1154,1114,994,977,820,795,687,625,537,533,542,387,375,354,301,241,230,227,203,170,155,137,131,125,106,89,95,68,75,71,50,41,51,46,39,21,36,34,21,12,18,17,18,11,13,5,7,15,4,3,10,2,0,5,5,6,6,3,3,3,4,1,0,3,0,5,8,7,1,3,0,0,0,2,2,1,0,1,2,0,3,0,0,0,1,0,0,0,0,0,1,0,0,0,0,0,0,1,0,0,0,0,0,0,0,0,0,0,0,0,0,0,0,0,0,0,0,0,0,0,0,0,0,0,0,0,0,0,1,0,0,0,0,0,0,0,0,0,0,0,0,0,0,0,0,0,0,0,0,0,0,0,0,0,0,0,0,0,0,0,0,0,0,0,0,0,0,0,0,0,0,0,0,0,0,0,1,0,0,0,0,0,0,0,0,1,1,0,0,0}
Count:  10.6   8.6   8.1   8.4   7.4   6.0   2.5   0.4   0.3   0.3   0.3   0.3   0.2   0.3   0.2   0.3  11.1  11.9  11.4  10.8   9.9   9.2   8.3   7.3   6.0   2.9   0.4   0.3   0.3   0.3   0.3   0.3   0.3   0.4   0.3   0.2   0.3   0.3   0.3   2.5  12.4  12.2  11.9  11.0  11.0  10.1   9.8   9.1   8.8   2.4   0.3   0.3   0.3   0.3   0.3   0.4   0.3   0.3   2.5  12.7  12.2  11.2  10.9  10.0   9.6   8.6   7.6   6.5   1.8   0.3   0.3   0.3   0.3   0.3   0.3   0.2   0.3   0.3   0.3   0.3   0.2   0.3   4.9  12.6  11.7  12.0  10.8  11.0  10.2  10.1   8.7   8.6   0.6   0.3   0.4   0.3   0.3   0.3   0.2   0.4   0.3   4.5  11.9  12.0  11.4  10.8  10.1   9.5   8.6   8.1   6.7   0.8   0.4   0.2   0.3   0.3   0.4   0.3   0.3   0.3   4.9  12.0  11.8  10.5  10.1   9.2   9.1   8.2   6.8   5.1   0.8   0.4   0.3   0.4   0.3   0.3   0.3   0.4   0.3   0.2   0.3   0.3   0.3   0.3   7.9  12.4  11.9  11.2  10.4  10.4   9.9   9.7   8.3   6.4   0.3   0.3   0.3   0.2   0.2   0.3   0.3   0.3   0.3   7.0  11.5  11.4  11.0  10.8   9.4   9.3   8.0   7.0   5.5   0.3   0.2   0.3   0.3   0.3   0.3   0.3   0.4   0.3   0.4   0.3   0.3   0.3   0.2  10.4  11.5  12.1  11.2  11.1  10.7   9.7   9.6   8.6   5.3   0.3   0.3   0.4 
A: 22.5 20.7 20.1 20.2 19.8 18.7 18.0 16.6 16.6 16.4 16.7 17.0 16.9 16.9 17.7 16.5 21.5 22.1 21.9 21.9 21.6 21.2 20.3 19.6 18.7 18.1 17.2 16.6 16.9 16.2 16.8 17.4 17.3 17.0 17.1 17.0 16.4 16.3 16.8 23.2 22.1 22.0 22.3 21.9 22.3 21.7 21.6 21.3 20.8 19.1 17.1 16.7 16.7 16.7 17.1 16.6 16.6 16.6 21.1 22.8 22.4 21.9 21.8 21.8 21.6 20.9 19.7 19.2 18.1 17.1 16.6 17.0 17.2 16.9 16.4 17.6 16.5 16.5 16.7 16.3 17.2 17.0 22.6 22.6 22.0 21.8 22.1 22.2 22.2 21.7 21.1 20.4 18.9 16.8 16.2 16.9 16.9 17.2 18.1 17.2 16.7 21.5 21.9 22.4 22.5 22.0 21.6 21.2 20.5 19.7 19.1 18.9 17.0 17.0 16.7 17.2 16.7 17.5 17.0 16.6 21.7 22.2 22.6 22.1 21.8 21.1 20.8 20.0 19.6 18.8 17.9 17.6 16.5 17.1 17.3 16.9 16.5 16.6 16.8 17.0 16.7 16.6 16.7 17.1 22.6 22.3 21.9 21.6 21.7 22.1 21.9 21.2 20.6 20.1 17.7 17.1 16.3 17.5 17.0 16.5 17.1 16.8 17.4 21.7 22.0 22.0 22.2 22.2 21.7 21.1 20.3 19.3 19.0 17.0 16.4 16.7 16.7 17.0 17.4 16.9 16.7 16.6 16.9 17.0 16.9 17.0 17.0 21.7 22.2 22.5 22.4 21.6 21.9 21.7 21.4 20.8 20.4 17.0 16.9 17.4 
B: 44.9 42.8 41.6 40.7 38.2 35.5 30.3 24.1 23.6 23.9 23.9 23.8 23.0 22.3 24.8 22.5 41.4 43.2 42.1 42.6 41.8 40.3 38.0 35.0 32.5 30.3 24.6 23.8 23.3 23.3 23.6 23.2 23.1 23.3 21.7 25.2 23.3 23.2 22.0 44.7 43.5 42.6 43.3 41.9 43.2 42.1 41.1 40.4 39.0 34.5 24.3 24.0 22.8 24.6 25.4 21.8 22.2 23.0 40.5 44.6 43.4 42.4 42.1 41.9 41.3 39.4 36.7 33.5 29.7 24.2 23.0 22.5 20.8 22.7 24.4 25.7 23.3 24.3 23.0 23.8 23.7 24.5 43.8 44.1 42.8 42.2 42.9 43.2 43.4 42.0 40.0 38.2 30.8 24.6 24.1 23.8 23.4 23.6 25.7 23.9 25.6 41.1 42.5 43.6 43.9 43.4 41.9 41.2 39.2 37.3 33.4 32.0 24.6 23.0 23.9 23.9 23.3 24.9 23.2 22.6 41.8 43.1 43.7 42.6 42.0 40.7 40.2 37.3 34.6 31.6 28.3 24.8 23.2 22.2 25.0 22.6 22.6 23.3 22.2 22.3 23.3 24.4 24.8 23.1 44.0 43.3 42.5 41.7 41.4 43.0 42.4 41.4 39.4 37.0 25.5 23.5 24.7 24.4 23.0 24.1 24.8 22.8 23.8 41.6 42.5 43.0 43.3 43.7 42.0 40.5 38.6 34.6 32.7 25.3 24.5 22.5 22.6 24.5 24.7 23.5 22.4 22.8 23.4 23.1 21.8 23.6 22.1 42.1 43.2 43.8 43.0 41.5 42.4 42.2 41.2 39.5 37.7 25.2 24.7 23.7 
Direction:  {44 136} {44 136} {44 136} {44 136} {46 134} {46 134} n n n n n n n n n n {44 136} {43 137} {46 134} {45 135} {44 136} {42 138} {44 136} {45 135} {40 140} n n n n n n n n n n n n n n n {46 134} {46 134} {44 136} {43 137} {43 137} {45 135} {45 135} {44 136} {43 137} n n n n n n n n n n {45 135} {45 135} {46 134} {46 134} {43 137} {44 136} {44 136} {43 137} {44 136} n n n n n n n n n n n n n n {46 134} {45 135} {43 137} {44 136} {46 134} {43 137} {43 137} {46 134} {46 134} {42 138} n n n n n n n n n {44 136} {46 134} {46 134} {44 136} {45 135} {43 137} {47 133} {46 134} {46 134} {47 133} n n n n n n n n n {45 135} {46 134} {44 136} {44 136} {43 137} {43 137} {42 138} {47 133} {44 136} {43 137} n n n n n n n n n n n n n n {44 136} {45 135} {44 136} {46 134} {46 134} {44 136} {46 134} {46 134} {44 136} {42 138} n n n n n n n n n {46 134} {46 134} {45 135} {44 136} {46 134} {44 136} {42 138} {42 138} {43 137} {44 136} n n n n n n n n n n n n n n {43 137} {46 134} {46 134} {45 135} {44 136} {44 136} {45 135} {45 135} {44 136} {47 133} n n n

55.3: Count:   4.7 (  4.9) A:  21.6 [15-50] B:  40.9 [15-103] Phase: 100% 139 (18.5) Direction:  {44 136}
Phase: {0,0,0,0,0,0,0,0,0,0,0,0,0,0,0,0,0,0,0,0,0,0,0,0,0,0,0,0,0,0,0,1,0,0,1,0,0,1,2,2,3,2,1,6,0,6,1,1,2,1,3,8,5,22,2,4,7,2,12,7,11,13,12,11,19,17,17,10,18,10,31,26,37,27,35,36,44,58,56,60,61,60,83,108,94,116,103,120,143,120,255,172,229,261,290,346,337,357,463,509,549,625,658,818,815,888,1050,1161,1378,1373,1618,1695,1871,2234,2268,2465,2571,2939,3282,3527,3545,3834,4136,4298,4306,4803,4883,5034,4796,5159,5401,5355,5367,5560,5625,5696,5585,5969,5807,5931,6104,5796,5956,5798,5787,5650,5448,5042,5174,4972,4707,4681,4658,4394,4017,3918,3773,3792,3721,3554,3110,2969,2961,2837,2595,2411,2146,2047,1738,1741,1476,1356,1258,1181,1009,860,797,694,710,590,648,401,481,322,354,255,277,231,207,178,203,140,125,109,101,73,81,67,74,49,51,46,54,38,27,30,16,17,19,17,20,6,16,10,8,5,6,14,6,0,0,2,1,2,4,0,2,2,0,4,2,7,0,0,0,0,0,3,0,0,0,0,0,2,0,0,2,0,0,0,0,0,0,0,0,0,0,0,0,0,0,0,0,0,0,0,0,0,0,0,0,0,0,0,0,0,0,0,0,0,0,0,0,0,0,0,0,0,0,0,0,0,0,0,0,0,0,0,0,0,0,0,0,0,0,0,0,0,0,0,0,0,0,0,0,0,0,0,0,0,0,0,0,0,0,0,0,0,0,0,0,0,0,0,0,0,0,0,0,0,0,0,0,0,0,0,0,0,0,0,0,0,0,0,0,0,0,0,0,0}
Count:  11.0   8.7   8.2   8.2   7.0   5.7   2.3   0.3   0.3   0.3   0.3   0.3   0.2   0.4   0.3   0.3  11.6  12.5  11.7  10.9   9.7   9.1   7.9   7.4   5.5   2.8   0.4   0.4   0.3   0.3   0.3   0.3   0.3   0.3   0.3   0.3   0.3   0.3   0.3   2.8  12.7  12.8  12.2  11.2  11.8  10.6  10.0   9.0   8.2   2.0   0.3   0.3   0.3   0.3   0.3   0.2   0.3   0.3   2.6  12.7  12.6  11.6  11.4   9.7   9.2   8.4   7.2   6.0   1.8   0.4   0.3   0.4   0.3   0.3   0.3   0.3   0.3   0.3   0.3   0.2   0.2   0.3   5.1  13.1  11.9  12.1  11.5  11.6  10.9  10.2   8.7   7.9   0.6   0.3   0.3   0.3   0.3   0.4   0.3   0.4   0.3   5.0  12.6  12.3  11.5  11.5  10.2   9.3   8.2   7.6   6.2   0.8   0.3   0.2   0.3   0.3   0.3   0.3   0.3   0.4   5.3  12.5  12.1  10.8  10.7   9.1   9.0   7.5   6.9   4.5   0.7   0.3   0.3   0.4   0.4   0.3   0.3   0.3   0.2   0.2   0.3   0.3   0.3   0.3   7.9  12.4  12.2  11.4  10.8  10.0  10.0   9.4   8.5   6.3   0.3   0.4   0.3   0.2   0.3   0.3   0.4   0.3   0.3   7.7  12.0  11.8  11.2  10.7   9.6   9.6   8.0   6.7   5.1   0.3   0.3   0.3   0.4   0.2   0.3   0.3   0.2   0.3   0.3   0.3   0.3   0.3   0.3  11.2  12.4  11.9  11.6  11.5  10.7   9.5   9.8   8.5   5.5   0.3   0.3   0.3 
A: 22.4 20.7 20.5 20.5 20.0 19.0 18.4 17.5 16.9 16.9 16.6 17.3 16.6 16.7 16.4 16.6 22.3 22.5 22.2 22.4 22.0 20.9 20.7 19.6 18.9 18.5 17.1 17.0 16.8 16.9 16.8 17.0 16.6 17.5 17.1 17.0 16.8 16.5 16.6 23.0 22.7 22.1 22.5 22.1 22.4 21.8 21.7 21.5 20.9 19.8 16.9 16.5 16.7 17.0 16.8 16.5 16.8 16.8 21.9 23.0 23.0 22.3 21.9 22.2 21.5 21.4 20.2 19.4 18.6 17.5 16.7 16.6 16.6 16.6 17.0 17.6 16.9 17.0 17.0 16.5 16.7 17.2 22.4 22.4 22.3 22.1 22.2 22.5 22.5 21.9 21.1 20.8 19.2 17.4 16.4 16.8 17.0 16.8 17.0 17.3 17.0 21.8 21.8 22.5 22.7 22.3 22.0 21.6 20.8 20.3 19.0 18.5 17.4 16.5 17.1 16.8 16.9 17.1 17.3 17.1 22.0 22.3 22.7 21.8 22.1 21.4 21.3 20.6 19.6 18.5 17.7 17.0 17.0 17.5 16.7 17.1 17.0 17.6 16.8 16.6 16.8 16.9 16.6 16.7 22.6 22.4 22.0 21.8 21.8 22.4 22.2 21.6 20.9 20.2 17.3 17.2 16.3 16.5 16.8 16.4 16.9 17.0 16.9 21.6 22.1 22.0 22.4 22.0 21.7 21.3 20.6 19.6 19.3 16.8 16.4 16.2 16.5 17.3 17.7 16.3 16.9 16.9 17.2 17.6 16.7 17.1 17.2 22.1 22.6 22.9 22.7 22.0 22.3 21.8 21.5 21.0 20.5 16.7 16.7 17.7 
B: 44.2 42.3 42.6 40.6 37.7 35.5 30.4 24.1 22.1 25.1 24.9 22.8 24.0 23.3 21.7 22.2 42.5 43.8 42.4 43.2 41.8 39.6 38.3 34.4 31.8 28.9 24.7 22.4 21.3 22.1 22.5 24.0 23.2 23.5 24.4 23.5 22.0 21.5 22.8 44.7 44.2 42.2 43.7 42.2 43.0 41.6 41.2 40.3 39.0 35.0 22.8 21.1 23.2 23.2 24.4 24.2 22.7 23.9 42.3 44.7 44.6 42.9 41.7 42.4 40.4 40.2 36.2 33.7 30.4 23.9 23.3 21.9 24.4 21.9 23.1 24.5 22.3 22.8 25.0 23.5 23.2 24.1 43.0 43.4 43.2 42.1 42.8 43.8 43.7 42.4 40.2 38.7 33.3 24.3 22.5 23.0 22.9 24.0 23.0 24.8 24.8 40.6 42.2 43.6 43.7 44.3 42.4 41.8 39.5 37.4 32.4 29.7 24.7 21.1 22.6 22.7 22.3 23.2 23.6 22.5 42.5 43.1 44.2 41.7 42.8 41.1 40.4 37.3 34.5 29.7 27.9 22.9 23.5 23.6 22.2 22.6 23.7 23.6 22.9 23.4 21.8 21.8 22.6 22.9 43.9 43.3 42.7 42.3 42.1 43.1 43.0 41.3 39.5 36.8 24.4 23.7 23.4 22.1 22.1 21.5 22.8 22.9 25.2 41.3 42.3 42.4 43.3 43.7 41.5 40.5 39.1 34.4 32.2 23.4 21.8 23.8 22.6 23.0 25.3 22.7 23.1 23.1 24.3 23.1 23.0 22.4 22.4 42.3 44.0 44.3 43.7 42.4 43.2 42.3 40.9 39.9 37.9 23.8 23.4 24.0 
Direction:  {45 135} {46 134} {47 133} {46 134} {45 135} {44 136} n n n n n n n n n n {44 136} {42 138} {44 136} {46 134} {43 137} {44 136} {40 140} {44 136} {46 134} n n n n n n n n n n n n n n {43 137} {45 135} {43 137} {44 136} {45 135} {44 136} {44 136} {41 139} {45 135} {42 138} n n n n n n n n n n {43 137} {46 134} {43 137} {43 137} {45 135} {45 135} {43 137} {45 135} {43 137} n n n n n n n n n n n n n n {40 140} {46 134} {44 136} {46 134} {45 135} {44 136} {43 137} {44 136} {45 135} {45 135} n n n n n n n n n {44 136} {48 132} {45 135} {45 135} {46 134} {44 136} {45 135} {42 138} {46 134} {39 141} n n n n n n n n n {44 136} {44 136} {44 136} {44 136} {46 134} {46 134} {43 137} {47 133} {43 137} {43 137} n n n n n n n n n n n n n n {47 133} {46 134} {41 139} {43 137} {44 136} {44 136} {44 136} {45 135} {43 137} {41 139} n n n n n n n n n {45 135} {44 136} {44 136} {47 133} {46 134} {43 137} {46 134} {42 138} {44 136} {44 136} n n n n n n n n n n n n n n {43 137} {45 135} {44 136} {46 134} {44 136} {47 133} {44 136} {44 136} {42 138} {43 137} n n n

55.4: Count:   4.4 (  4.7) A:  21.5 [15-54] B:  42.0 [15-109] Phase: 100% 140 (16.0) Direction:  {44 136}
Phase: {0,0,0,0,0,0,0,0,0,0,0,0,0,0,0,0,0,0,0,0,0,0,0,0,0,0,0,0,0,1,0,0,0,0,0,0,0,1,0,0,2,2,3,0,1,0,2,4,0,4,0,0,0,1,3,5,4,3,5,1,5,7,7,6,8,7,13,6,20,15,9,11,15,9,14,14,18,15,20,22,33,36,40,37,41,50,48,78,67,73,131,71,109,141,179,178,229,219,233,258,331,374,352,424,479,549,625,694,804,839,1067,1138,1332,1404,1663,1820,1872,2329,2477,2675,2997,3285,3446,3647,3899,4289,4688,4689,5066,5319,5455,5890,5847,6412,6145,6470,6073,6548,6264,6277,6348,6324,6285,6134,6096,6044,5929,5579,5774,5427,5175,4906,4863,4791,4028,4183,3807,3685,3334,3196,2912,2504,2598,2198,1950,1793,1642,1580,1287,1169,1071,931,775,720,660,587,541,449,386,292,383,212,222,199,187,179,136,120,124,100,66,70,66,50,53,29,43,26,38,15,21,30,22,6,10,10,5,11,4,8,7,1,5,1,2,5,1,6,0,1,2,1,0,1,1,2,0,4,2,0,0,2,0,0,0,0,2,0,0,0,0,0,0,0,0,0,0,0,0,0,0,0,0,0,0,0,0,0,0,0,0,0,0,0,0,0,0,0,0,0,0,0,0,0,0,0,0,0,0,0,0,0,0,0,0,0,0,0,0,0,0,0,0,0,0,0,0,0,0,0,0,0,0,0,0,0,0,0,0,0,0,0,0,0,0,0,0,0,0,0,0,0,0,0,0,0,0,0,0,0,0,0,0,0,0,0,0,0,0,0,0,0,0,0,0,0,0,0,0,0,0,0,0,0,0,0,0,0,0,0}
Count:  10.2   7.8   7.8   7.3   6.4   4.8   1.8   0.2   0.2   0.1   0.2   0.2   0.2   0.2   0.2   0.2  12.0  12.3  11.4  10.6   9.4   8.2   7.3   6.9   4.9   2.3   0.3   0.2   0.2   0.2   0.2   0.2   0.2   0.3   0.2   0.2   0.2   0.2   0.2   2.7  12.7  12.4  12.0  10.3  10.7  10.4   9.1   8.1   7.4   1.7   0.2   0.2   0.2   0.2   0.2   0.2   0.1   0.2   2.6  12.3  12.4  11.1  10.9   9.1   8.7   7.5   6.5   4.9   1.5   0.3   0.2   0.2   0.2   0.1   0.2   0.2   0.3   0.2   0.2   0.2   0.2   0.2   5.2  12.3  11.6  11.8  10.9  11.1  10.0   9.4   8.5   7.3   0.5   0.3   0.3   0.2   0.2   0.2   0.2   0.3   0.2   4.9  12.3  11.7  10.6  11.0   9.6   9.0   7.3   7.1   5.7   0.6   0.2   0.2   0.2   0.2   0.2   0.2   0.2   0.2   5.1  12.3  11.6  10.5  10.0   8.7   8.1   7.2   6.0   3.3   0.5   0.2   0.2   0.2   0.2   0.2   0.2   0.3   0.2   0.2   0.2   0.2   0.2   0.3   8.1  12.0  12.3  10.8  10.4   9.3  10.0   8.6   8.1   5.6   0.2   0.2   0.2   0.2   0.2   0.1   0.2   0.2   0.2   7.8  11.7  11.1  10.4  10.4   9.3   8.8   7.2   6.5   4.7   0.3   0.1   0.2   0.3   0.2   0.2   0.2   0.2   0.2   0.1   0.3   0.2   0.3   0.2  11.0  12.3  11.8  11.1  11.4  10.2   9.4   8.8   7.9   5.0   0.2   0.2   0.1 
A: 22.1 20.3 20.3 20.4 19.6 18.6 18.0 16.9 16.8 17.1 16.6 16.3 16.2 16.7 16.1 15.9 22.3 22.3 22.5 22.3 22.0 21.1 20.8 19.3 18.8 17.7 16.5 16.6 16.2 16.8 17.0 17.0 16.4 16.3 16.7 16.5 15.9 16.5 16.8 23.0 22.7 22.0 22.4 21.9 22.2 21.6 21.0 21.2 20.5 19.8 16.9 15.9 16.5 16.6 16.4 16.4 16.4 16.6 22.1 22.7 22.7 22.2 22.1 21.9 21.5 20.8 20.2 19.0 18.3 16.8 17.4 16.7 16.9 17.4 16.6 17.2 16.7 16.4 17.1 15.9 16.6 16.6 22.6 22.4 21.8 22.2 21.6 22.2 22.3 21.7 21.1 20.1 18.6 16.9 16.3 17.0 17.2 16.5 17.0 16.7 17.5 21.6 21.8 22.1 22.1 22.3 22.1 21.8 20.4 19.9 18.5 18.5 17.2 16.6 16.5 16.6 16.2 16.6 17.1 16.6 21.8 22.2 22.4 22.4 21.8 21.3 21.1 20.2 19.3 18.3 17.3 16.7 16.9 16.8 16.3 16.0 16.4 16.5 17.4 16.6 17.0 16.7 16.3 16.4 21.9 22.5 21.8 22.3 21.8 21.9 22.2 21.4 20.8 20.1 16.8 16.4 16.8 16.7 16.7 16.8 16.2 16.8 16.4 21.9 21.9 21.9 22.2 22.1 21.5 21.4 20.5 19.4 18.8 17.0 15.9 16.2 16.6 16.6 17.1 16.7 16.9 16.3 15.9 17.3 16.6 16.5 17.2 21.7 22.2 21.9 22.6 22.4 22.2 21.6 21.1 21.0 19.9 17.4 16.6 16.3 
B: 44.2 42.7 44.0 41.5 38.4 35.3 30.8 23.3 22.8 23.9 25.0 22.4 26.0 21.9 23.5 23.5 44.3 44.6 44.3 44.0 43.1 40.8 39.9 34.8 32.9 29.3 24.3 23.5 22.5 23.5 23.5 22.9 24.8 24.9 24.1 25.3 24.9 21.8 25.2 45.6 45.4 43.2 44.5 43.0 43.8 43.0 41.1 40.7 39.2 36.8 23.1 23.0 25.1 23.3 24.0 24.3 21.2 22.3 43.3 45.1 45.2 44.2 43.6 43.1 42.3 40.2 37.9 34.6 30.6 23.1 25.8 25.0 24.7 22.8 23.4 24.9 25.8 24.9 25.5 21.9 21.6 24.2 44.5 44.3 42.9 43.9 42.8 44.1 44.2 43.5 40.9 38.9 32.5 23.5 22.0 23.4 24.6 23.5 24.8 24.0 24.3 41.7 43.1 44.1 44.3 44.8 43.6 42.3 39.3 37.8 32.9 30.0 24.4 23.3 24.0 24.1 21.2 23.6 26.9 22.7 42.8 44.1 44.0 43.8 42.9 42.1 41.2 37.5 35.4 30.2 27.9 23.8 22.3 24.9 22.0 22.1 25.6 22.6 22.9 24.3 22.2 25.4 21.5 23.7 43.3 44.4 43.3 44.1 43.5 43.2 43.6 41.8 40.9 38.1 21.5 24.0 23.0 24.2 24.4 23.2 22.8 25.1 23.4 43.1 43.1 43.5 43.8 44.3 42.3 41.4 40.4 35.7 33.1 24.3 24.0 22.4 24.0 23.6 23.4 24.7 23.4 22.3 24.5 23.7 26.2 23.7 25.1 42.6 44.3 43.7 44.1 44.3 44.2 42.7 41.7 40.4 38.2 25.2 23.3 22.3 
Direction:  {46 134} {45 135} {45 135} {45 135} {42 138} {44 136} n n n n n n n n n n {44 136} {42 138} {42 138} {46 134} {42 138} {43 137} {46 134} {43 137} {40 140} n n n n n n n n n n n n n n n {44 136} {44 136} {42 138} {46 134} {48 132} {42 138} {46 134} {44 136} {43 137} n n n n n n n n n {43 137} {42 138} {44 136} {43 137} {43 137} {42 138} {45 135} {45 135} {42 138} {44 136} n n n n n n n n n n n n n n {45 135} {43 137} {46 134} {42 138} {44 136} {44 136} {44 136} {46 134} {48 132} {42 138} n n n n n n n n n {44 136} {42 138} {44 136} {44 136} {44 136} {43 137} {44 136} {43 137} {42 138} {39 141} n n n n n n n n n {46 134} {44 136} {42 138} {44 136} {43 137} {43 137} {46 134} {42 138} {41 139} n n n n n n n n n n n n n n n {46 134} {45 135} {42 138} {41 139} {45 135} {43 137} {42 138} {45 135} {47 133} {44 136} n n n n n n n n n {43 137} {43 137} {44 136} {44 136} {46 134} {44 136} {46 134} {47 133} {41 139} {38 142} n n n n n n n n n n n n n n {46 134} {44 136} {44 136} {42 138} {45 135} {46 134} {43 137} {43 137} {45 135} {42 138} n n n

55.5: Count:   4.0 (  4.4) A:  21.2 [15-51] B:  42.9 [15-103] Phase: 100% 140 (11.9) Direction:  {44 136}
Phase: {0,0,0,0,0,0,0,0,0,0,0,0,0,0,0,0,0,0,0,0,0,0,0,0,0,0,0,0,0,0,0,0,0,0,0,0,0,0,0,0,0,0,0,0,0,0,0,0,0,0,0,0,0,0,0,0,0,0,1,0,0,2,0,1,0,5,0,2,0,2,2,0,4,0,0,4,0,0,4,3,5,4,9,12,6,6,14,8,14,17,34,42,27,32,47,48,59,73,86,101,95,135,116,185,198,233,200,294,333,349,379,492,596,762,846,955,1042,1185,1439,1621,1851,2000,2408,2724,3007,3491,3677,4125,4567,4971,5282,5788,6102,6558,6522,7330,7093,7655,7628,7764,7694,7999,7633,7137,7439,7061,6775,6422,6081,5825,5355,5064,4807,4553,3613,3486,3266,2878,2679,2207,2081,1655,1559,1426,1123,952,839,757,635,545,439,353,297,297,241,231,199,144,109,97,100,66,62,51,49,37,22,44,25,20,10,24,18,7,12,8,9,1,2,2,5,2,0,0,0,0,0,1,0,0,0,1,0,0,3,0,0,0,0,0,0,0,0,0,0,0,0,0,0,0,0,0,0,0,0,0,0,0,0,0,0,0,0,0,0,0,0,0,0,0,0,0,0,0,0,0,0,0,0,0,0,0,0,0,0,0,0,0,0,0,0,0,0,0,0,0,0,0,0,0,0,0,0,0,0,0,0,0,0,0,0,0,0,0,0,0,0,0,0,0,0,0,0,0,0,0,0,0,0,0,0,0,0,0,0,0,0,0,0,0,0,0,0,0,0,0,0,0,0,0,0,0,0,0,0,0,0,0,0,0,0,0,0,0,0,0,0,0,0,0,0,0,0,0,0,0,0,0,0,0}
Count:   8.8   7.3   7.2   6.6   5.9   4.1   1.4   0.2   0.1   0.1   0.1   0.1   0.1   0.1   0.1   0.1  11.4  11.9  11.0  10.1   8.8   7.5   6.6   5.9   3.8   1.5   0.1   0.1   0.1   0.2   0.1   0.1   0.1   0.2   0.1   0.1   0.1   0.1   0.1   2.6  12.1  11.6  11.3   9.8   9.9   9.7   8.1   7.7   7.0   1.5   0.2   0.1   0.1   0.1   0.1   0.1   0.1   0.1   2.5  11.2  11.6  10.2   9.7   8.0   8.1   6.6   5.6   4.4   1.1   0.2   0.1   0.1   0.1   0.1   0.1   0.1   0.1   0.1   0.1   0.1   0.1   0.1   5.2  12.0  11.2  11.5   9.9  10.3   9.1   8.6   7.7   7.1   0.3   0.2   0.1   0.1   0.1   0.1   0.1   0.1   0.1   4.8  11.6  11.1   9.6   9.9   8.5   8.3   6.4   6.5   4.7   0.5   0.2   0.1   0.1   0.1   0.1   0.1   0.1   0.1   4.8  11.6  10.5   9.9   9.3   7.8   7.6   6.7   5.3   2.7   0.3   0.0   0.1   0.1   0.1   0.1   0.1   0.1   0.1   0.1   0.1   0.1   0.1   0.1   7.9  10.9  11.5  10.2   9.9   8.5   9.3   7.7   7.0   4.3   0.1   0.2   0.1   0.1   0.1   0.1   0.1   0.1   0.1   7.5  11.3  10.4   9.1   9.4   8.6   7.4   6.4   5.6   3.3   0.1   0.1   0.1   0.1   0.1   0.1   0.1   0.1   0.1   0.1   0.2   0.1   0.1   0.1  10.4  11.2  11.0  10.2  10.7   9.0   8.8   8.0   6.8   4.3   0.1   0.1   0.1 
A: 21.2 19.9 19.9 19.9 18.9 18.2 17.6 16.1 16.3 16.5 16.1 16.5 16.5 16.5 16.4 15.5 21.9 21.6 21.9 22.1 21.3 20.8 20.4 18.9 17.8 17.4 16.6 16.4 16.2 16.6 16.8 16.4 16.2 16.8 16.6 16.2 17.9 16.0 16.1 22.4 22.4 21.7 21.7 21.6 21.8 21.8 21.2 20.1 19.6 18.9 17.0 16.3 15.8 16.6 16.2 17.6 16.4 15.8 21.7 22.1 21.9 21.5 21.9 21.0 21.2 20.3 19.6 18.0 17.5 16.5 16.4 16.2 16.4 16.3 16.8 17.0 16.2 16.2 16.3 16.0 17.2 17.2 22.7 22.3 21.9 22.2 21.5 21.7 22.0 21.4 20.3 19.8 20.0 16.6 15.7 16.1 16.9 16.3 15.8 16.7 17.1 21.7 21.7 21.4 21.7 21.9 21.6 21.3 20.4 19.5 17.8 17.6 16.3 16.0 16.0 16.7 15.6 16.0 16.6 16.1 21.1 22.0 21.8 22.1 21.4 20.9 20.6 19.5 18.5 17.4 16.9 17.2 16.6 16.1 16.0 16.4 16.4 16.1 16.4 16.7 16.3 16.3 15.9 16.0 21.3 22.3 21.8 21.5 21.6 21.6 21.8 20.9 20.0 19.3 16.4 16.2 16.5 16.5 16.2 16.2 16.1 15.9 16.4 21.1 21.8 21.8 21.6 22.0 21.3 20.7 20.3 18.8 18.1 16.4 16.6 16.0 16.7 15.9 16.9 15.7 16.4 16.7 15.5 16.2 16.6 16.3 16.4 21.4 21.4 21.5 21.5 21.8 21.6 21.4 20.8 20.5 19.6 16.9 16.7 16.3 
B: 44.1 44.0 44.8 42.4 38.7 37.4 32.4 24.3 25.5 23.9 26.6 23.3 26.3 24.3 24.2 25.9 45.0 44.4 44.3 45.2 43.4 41.3 40.6 36.0 33.1 29.6 28.2 28.5 22.6 26.6 25.3 25.0 24.9 27.8 26.1 26.6 31.0 26.1 25.6 46.8 45.9 44.4 44.4 43.9 44.8 44.4 43.1 40.0 38.5 36.6 29.3 27.0 24.9 25.6 23.7 25.3 21.2 23.2 44.5 44.9 44.7 44.0 44.4 42.5 43.0 40.6 37.7 33.7 31.2 28.0 25.6 23.4 24.2 24.3 26.6 28.6 25.9 24.8 25.7 22.2 29.2 30.2 46.6 45.9 44.9 45.6 43.8 44.4 45.1 43.7 41.6 39.3 37.2 26.9 23.5 26.1 27.7 23.9 23.5 23.7 26.4 44.8 44.5 44.2 44.5 44.9 44.2 43.1 40.9 39.0 33.0 33.4 26.5 24.7 24.1 26.1 24.0 28.7 26.7 23.8 43.3 45.0 44.5 45.0 43.1 42.6 41.3 38.0 34.9 31.2 29.6 29.5 23.1 24.0 30.4 24.6 23.5 23.5 26.7 23.2 25.8 26.5 25.4 25.0 43.4 45.1 44.4 43.9 44.4 44.2 44.7 42.8 40.2 37.9 25.0 27.4 26.3 26.2 24.1 26.8 23.7 25.6 25.3 43.0 44.8 44.9 43.6 45.3 43.4 41.7 41.2 35.9 34.1 26.3 25.4 25.4 25.5 25.3 24.2 27.0 21.7 24.0 24.8 24.7 25.9 27.2 22.8 43.9 43.7 44.1 43.6 44.7 44.1 43.6 42.7 41.3 38.0 27.6 30.2 24.7 
Direction:  {44 136} {46 134} {45 135} {44 136} {43 137} {46 134} n n n n n n n n n n {44 136} {45 135} {44 136} {45 135} {44 136} {45 135} {45 135} {46 134} {44 136} n n n n n n n n n n n n n n {45 135} {46 134} {44 136} {46 134} {44 136} {45 135} {45 135} {46 134} {44 136} {46 134} n n n n n n n n n {44 136} {44 136} {44 136} {44 136} {44 136} {43 137} {44 136} {43 137} {44 136} {44 136} n n n n n n n n n n n n n n {43 137} {44 136} {45 135} {44 136} {43 137} {44 136} {44 136} {45 135} {44 136} {42 138} n n n n n n n n n {46 134} {44 136} {44 136} {45 135} {45 135} {44 136} {44 136} {46 134} {44 136} {40 140} n n n n n n n n n {44 136} {45 135} {45 135} {44 136} {43 137} {44 136} {43 137} {43 137} {44 136} {42 138} n n n n n n n n n n n n n n {44 136} {46 134} {45 135} {44 136} {44 136} {44 136} {43 137} {44 136} {45 135} {44 136} n n n n n n n n n {45 135} {44 136} {44 136} {46 134} {44 136} {46 134} {44 136} {45 135} {44 136} {45 135} n n n n n n n n n n n n n n {44 136} {44 136} {45 135} {44 136} {45 135} {46 134} {45 135} {45 135} {44 136} {45 135} n n n

55.6: Count:   3.7 (  4.2) A:  20.7 [15-52] B:  42.4 [15-107] Phase: 100% 140 (11.7) Direction:  {44 136}
Phase: {0,0,0,0,0,0,0,0,0,0,0,0,0,0,0,0,0,0,0,0,0,0,0,0,0,0,0,0,0,0,0,0,0,0,0,0,0,0,0,0,0,0,0,0,0,0,0,0,0,0,0,0,0,0,0,0,0,0,0,0,0,0,0,0,0,0,0,0,0,2,0,1,0,0,0,2,5,1,0,1,2,1,0,4,0,4,4,4,9,8,13,6,20,20,23,15,30,31,43,48,49,76,55,82,94,129,179,188,235,289,292,338,474,560,573,751,793,1020,1157,1260,1487,1712,2233,2319,2722,3136,3690,3926,4354,4728,5270,5845,5856,6349,6650,6716,6828,7511,7062,7357,7328,7372,7208,6922,6720,6668,6477,5917,5881,5632,5058,4725,4660,4057,3442,3511,2969,2705,2275,1930,1774,1432,1416,1187,1016,796,685,557,443,430,358,332,198,197,194,117,126,89,87,61,78,33,37,18,31,28,22,11,6,1,9,5,4,2,1,2,3,3,3,0,2,0,0,1,0,1,0,0,0,0,0,0,0,0,0,0,0,0,0,0,0,0,0,0,0,0,0,0,0,0,0,0,0,0,0,0,0,0,0,0,0,0,0,0,0,0,0,0,0,0,0,0,0,0,0,0,0,0,0,0,0,0,0,0,0,0,0,0,0,0,0,0,0,0,0,0,0,0,0,0,0,0,0,0,0,0,0,0,0,0,0,0,0,0,0,0,0,0,0,0,0,0,0,0,0,0,0,0,0,0,0,0,0,0,0,0,0,0,0,0,0,0,0,0,0,0,0,0,0,0,0,0,0,0,0,0,0,0,0,0,0,0,0,0,0,0,0,0,0,0,0,0,0,0,0,0,0,0,0,0}
Count:   7.5   6.9   6.7   5.6   5.1   3.3   1.0   0.1   0.1   0.1   0.1   0.1   0.1   0.1   0.0   0.1  10.9  11.1   9.9   9.3   8.4   6.8   6.0   4.9   2.9   1.0   0.1   0.0   0.1   0.1   0.1   0.1   0.1   0.1   0.1   0.1   0.1   0.1   0.1   2.7  11.4  11.0  10.6   9.5   9.3   9.4   7.8   6.9   6.0   1.3   0.1   0.1   0.1   0.1   0.1   0.1   0.1   0.1   2.5  10.5  10.9   9.3   9.0   7.6   7.4   5.7   5.4   3.8   0.9   0.1   0.1   0.1   0.1   0.0   0.1   0.1   0.1   0.1   0.1   0.1   0.1   0.1   5.4  11.2  10.5  11.0   9.4   9.3   8.4   8.2   7.1   6.1   0.2   0.1   0.1   0.1   0.1   0.0   0.1   0.1   0.1   4.7  10.9  10.5   8.7   9.3   7.8   7.7   5.8   5.7   3.6   0.3   0.1   0.1   0.1   0.1   0.1   0.1   0.1   0.1   5.1  10.8  10.2   9.3   8.4   7.5   6.7   5.7   4.3   1.9   0.2   0.1   0.1   0.1   0.1   0.1   0.1   0.1   0.1   0.1   0.1   0.1   0.1   0.1   7.6  10.2  10.7   9.6   9.3   7.9   8.5   6.9   7.0   3.4   0.1   0.1   0.1   0.0   0.1   0.1   0.0   0.1   0.1   7.0  10.7   9.6   8.6   8.8   8.2   7.1   5.8   4.8   2.4   0.1   0.1   0.1   0.0   0.1   0.1   0.1   0.0   0.1   0.1   0.1   0.1   0.0   0.1  10.1  10.1  10.5   9.5  10.2   8.2   8.0   7.5   6.7   3.7   0.1   0.1   0.1 
A: 20.9 19.6 19.5 19.3 18.7 17.9 17.7 16.3 16.0 16.4 16.0 15.9 16.1 15.7 15.9 16.3 21.2 21.3 21.2 21.3 20.6 19.7 19.7 18.2 17.4 17.4 16.8 16.0 15.5 16.6 16.9 16.0 16.7 16.2 16.4 15.5 15.9 15.6 16.2 23.1 22.0 21.3 21.0 20.5 21.7 21.4 20.4 19.8 19.3 18.8 16.9 16.6 16.0 16.2 16.2 17.0 16.6 16.6 21.3 21.1 21.8 21.4 21.3 20.5 20.3 19.3 18.9 18.0 18.0 16.0 15.6 16.2 16.5 15.6 16.4 16.1 15.7 16.3 16.5 16.3 16.1 16.1 21.9 22.0 21.8 21.7 21.0 21.0 21.8 21.1 20.0 19.5 17.8 16.4 15.7 16.2 16.3 16.0 16.3 16.6 16.4 20.6 21.2 21.1 20.8 21.7 21.1 20.7 20.4 19.1 17.7 17.1 16.3 16.4 15.6 16.2 16.4 17.2 16.2 16.2 20.9 21.0 21.5 21.8 21.0 20.6 20.3 18.9 18.3 16.9 17.0 15.8 16.5 16.8 16.0 16.2 16.1 15.8 16.1 16.0 16.0 16.3 16.1 16.3 21.1 21.6 21.6 20.9 21.1 20.7 21.0 20.3 19.6 18.6 16.7 16.7 16.5 17.0 16.0 16.1 16.7 16.5 15.9 20.5 21.4 21.2 20.9 21.3 20.7 20.1 19.1 18.3 17.7 16.2 16.6 15.6 15.7 16.3 15.7 16.2 16.7 16.1 15.7 16.5 16.1 16.3 15.9 21.2 20.6 21.0 21.6 21.6 20.7 21.0 20.3 19.7 19.0 17.7 16.5 16.0 
B: 44.0 43.5 44.6 40.7 38.2 36.5 32.4 25.1 27.0 27.3 27.0 27.5 26.9 23.8 27.3 26.9 43.8 43.7 43.1 44.2 42.0 39.2 39.9 34.8 31.6 29.4 26.9 29.6 28.4 25.3 24.6 25.2 28.1 28.3 25.7 21.7 25.5 25.4 26.2 48.7 45.6 43.8 43.0 42.0 44.5 43.8 42.0 39.4 37.9 36.5 29.1 25.8 22.8 31.1 27.1 24.3 26.8 24.7 44.7 43.3 44.9 43.8 43.9 41.8 41.2 39.0 37.5 33.7 33.2 26.7 26.3 29.0 27.5 19.4 28.0 29.3 25.8 26.5 25.9 26.4 25.1 26.6 45.5 45.8 45.4 45.4 43.1 43.3 44.8 43.3 41.0 38.7 34.7 27.7 27.3 29.3 26.1 24.7 25.5 26.1 27.9 42.2 43.9 43.7 42.5 45.3 43.7 42.7 41.2 37.9 33.1 32.4 26.1 25.2 24.6 26.3 27.0 29.0 26.1 25.0 43.4 43.3 44.8 44.8 43.0 42.2 41.1 37.4 34.9 30.7 30.8 23.5 27.4 27.8 28.4 25.5 25.3 27.0 27.8 24.8 24.2 27.8 29.5 23.0 43.4 44.5 44.1 43.2 43.8 42.3 43.1 41.5 39.9 36.5 24.7 30.1 28.8 26.7 22.3 25.8 27.4 26.6 27.2 42.6 44.3 43.7 43.1 44.4 42.5 40.4 38.2 35.1 33.6 27.6 30.2 29.3 22.3 24.7 24.9 27.6 26.7 25.6 22.4 25.5 24.0 22.6 28.8 44.0 42.3 43.1 44.8 44.5 43.0 43.3 42.4 40.1 37.5 28.2 26.6 25.5 
Direction:  {44 136} {45 135} {45 135} {44 136} {45 135} {40 140} n n n n n n n n n n {43 137} {43 137} {45 135} {44 136} {45 135} {44 136} {45 135} {42 138} {45 135} n n n n n n n n n n n n n n {46 134} {44 136} {44 136} {43 137} {44 136} {44 136} {43 137} {45 135} {43 137} {43 137} n n n n n n n n n {44 136} {45 135} {46 134} {45 135} {45 135} {45 135} {43 137} {43 137} {44 136} {44 136} n n n n n n n n n n n n n n {43 137} {44 136} {43 137} {42 138} {45 135} {45 135} {44 136} {44 136} {46 134} {46 134} n n n n n n n n n {42 138} {44 136} {44 136} {43 137} {43 137} {44 136} {45 135} {46 134} {43 137} {41 139} n n n n n n n n n {44 136} {43 137} {44 136} {45 135} {44 136} {44 136} {43 137} {41 139} {43 137} n n n n n n n n n n n n n n n {44 136} {45 135} {44 136} {45 135} {45 135} {45 135} {44 136} {43 137} {42 138} {45 135} n n n n n n n n n {45 135} {44 136} {45 135} {44 136} {45 135} {44 136} {42 138} {45 135} {45 135} {42 138} n n n n n n n n n n n n n n {43 137} {43 137} {43 137} {45 135} {43 137} {44 136} {46 134} {44 136} {45 135} {43 137} n n n

55.7: Count:   3.4 (  3.8) A:  20.3 [15-49] B:  41.0 [15-105] Phase: 100% 140 (11.9) Direction:  {44 136}
Phase: {0,0,0,0,0,0,0,0,0,0,0,0,0,0,0,0,0,0,0,0,0,0,0,0,0,0,0,0,0,0,0,0,3,0,0,0,0,0,0,1,0,0,0,0,0,0,0,0,0,0,1,0,0,1,1,0,0,2,0,1,0,1,0,1,0,1,1,0,2,0,5,8,2,6,6,5,8,8,8,8,14,5,15,10,12,28,37,25,32,14,62,54,54,67,68,64,92,118,115,132,145,158,156,262,196,251,332,335,431,443,540,532,682,750,926,937,1003,1314,1449,1388,1684,1966,2134,2157,2527,2875,3147,3514,3911,3989,4498,4601,5069,5501,5566,6176,6333,6522,6446,6615,6670,6474,6394,6153,6316,5847,5562,5323,5309,4791,4392,3877,3870,3291,2813,2803,2503,2262,1939,1725,1544,1311,1311,1120,1024,891,795,771,548,482,406,417,357,330,279,213,206,229,163,143,169,112,108,122,85,58,59,67,57,20,30,30,14,28,25,10,12,5,11,10,2,0,3,8,1,5,0,0,0,2,5,1,0,0,1,0,0,0,0,0,0,0,0,0,0,0,0,0,0,0,0,0,0,0,0,0,0,0,0,0,0,0,0,0,0,0,0,0,0,0,0,0,0,0,0,0,0,0,0,0,0,0,0,0,0,0,0,0,0,0,0,0,0,0,0,0,0,0,0,0,0,0,0,0,0,0,0,0,0,0,0,0,0,0,0,0,0,0,0,0,0,0,0,0,0,0,0,0,0,0,0,0,0,0,0,0,0,0,0,0,0,0,0,0,0,0,0,0,0,0,0,0,0,0,0,0,0,0,0,0,0,0,0,0,0,0,0,0,0,0,0,0,0,0,0,0,0,0,0,0}
Count:   6.9   6.2   6.2   5.2   4.2   2.8   0.9   0.1   0.1   0.1   0.1   0.1   0.1   0.1   0.1   0.1   9.8   9.9   9.3   8.5   7.8   6.1   5.4   4.2   2.2   1.0   0.1   0.0   0.1   0.1   0.0   0.1   0.1   0.1   0.0   0.1   0.1   0.1   0.1   2.8  10.7  10.2   9.6   8.6   8.9   8.4   7.0   6.1   5.5   1.4   0.1   0.1   0.1   0.1   0.1   0.1   0.0   0.0   2.2   9.6   9.5   9.3   8.6   7.1   6.8   4.7   4.6   3.2   0.8   0.1   0.1   0.1   0.1   0.1   0.1   0.1   0.1   0.1   0.1   0.1   0.1   0.1   5.3  10.6   9.9  10.0   9.2   8.6   7.6   7.2   6.2   5.6   0.2   0.1   0.1   0.1   0.1   0.0   0.1   0.1   0.1   4.5  10.4   9.8   8.3   8.6   7.3   6.9   5.4   4.8   3.0   0.2   0.1   0.1   0.1   0.1   0.1   0.1   0.1   0.1   4.9  10.0   9.5   8.8   8.2   7.4   6.1   5.0   3.3   1.6   0.2   0.1   0.1   0.1   0.1   0.1   0.1   0.1   0.1   0.0   0.1   0.1   0.1   0.1   7.2   9.3  10.1   9.1   8.7   7.6   7.6   5.8   6.6   3.1   0.1   0.1   0.1   0.1   0.0   0.1   0.1   0.1   0.1   6.8   9.7   9.4   8.1   7.8   7.6   6.4   5.0   3.8   1.8   0.1   0.1   0.1   0.1   0.1   0.1   0.1   0.1   0.1   0.1   0.1   0.1   0.1   0.1   9.8   9.4   9.6   9.2   9.4   7.5   7.7   7.2   5.9   3.2   0.1   0.1   0.1 
B: 42.1 42.9 42.9 39.3 37.7 34.2 31.6 21.5 20.5 25.3 26.7 25.3 22.5 23.1 26.1 23.7 43.1 42.2 41.4 42.2 40.1 38.1 37.2 33.7 31.8 27.7 27.8 25.7 26.3 25.9 24.3 23.9 24.8 24.0 28.0 24.0 22.8 21.6 24.8 48.5 44.1 42.5 42.2 41.7 44.0 42.7 41.2 38.7 36.1 35.1 25.2 23.9 21.0 25.3 24.0 22.4 25.0 25.1 44.2 41.6 43.9 43.0 42.5 40.4 39.0 37.3 35.3 33.5 32.8 23.6 23.3 25.5 26.3 23.5 24.0 25.7 24.9 27.0 23.6 23.9 20.3 25.9 44.5 43.6 43.3 41.9 42.6 41.6 42.0 41.2 39.4 37.4 30.0 22.3 24.3 27.0 21.2 24.0 26.4 23.9 26.6 41.8 43.1 42.5 41.6 43.2 40.9 40.1 38.6 36.6 32.5 34.0 23.0 22.9 26.2 22.6 26.4 28.9 20.5 25.5 42.5 41.9 43.0 43.5 42.0 40.5 38.5 35.4 33.2 29.0 28.5 23.7 22.6 26.1 24.2 24.0 22.7 27.6 25.6 23.6 25.3 26.8 25.3 22.4 42.7 42.7 44.0 43.1 42.4 40.9 40.3 39.7 39.2 34.4 22.9 25.4 27.2 25.3 26.9 27.6 20.2 25.6 24.2 42.0 42.8 43.2 41.7 42.3 40.7 40.1 37.5 33.6 31.0 26.4 23.9 24.4 21.4 23.6 24.3 26.2 23.2 26.3 24.3 22.5 25.3 22.0 26.4 43.4 41.3 42.1 43.1 43.6 42.3 41.4 41.2 39.1 35.3 28.2 23.9 20.7 
Direction:  {44 136} {45 135} {45 135} {45 135} {43 137} {43 137} n n n n n n n n n n {43 137} {44 136} {44 136} {43 137} {42 138} {43 137} {44 136} {43 137} n n n n n n n n n n n n n n n {44 136} {44 136} {44 136} {44 136} {43 137} {44 136} {44 136} {44 136} {44 136} {44 136} n n n n n n n n n {46 134} {44 136} {44 136} {44 136} {43 137} {45 135} {45 135} {43 137} {43 137} {42 138} n n n n n n n n n n n n n n {44 136} {43 137} {43 137} {45 135} {45 135} {43 137} {44 136} {45 135} {43 137} {44 136} n n n n n n n n n {43 137} {43 137} {44 136} {43 137} {43 137} {45 135} {43 137} {43 137} {44 136} {42 138} n n n n n n n n n {44 136} {43 137} {44 136} {45 135} {43 137} {43 137} {44 136} {42 138} {43 137} n n n n n n n n n n n n n n n {44 136} {44 136} {45 135} {44 136} {45 135} {44 136} {46 134} {44 136} {43 137} {44 136} n n n n n n n n n {44 136} {44 136} {43 137} {44 136} {45 135} {43 137} {44 136} {44 136} {41 139} n n n n n n n n n n n n n n n {45 135} {45 135} {43 137} {44 136} {43 137} {43 137} {43 137} {44 136} {44 136} {45 135} n n n

55.8: Count:   3.2 (  3.6) A:  19.9 [15-50] B:  38.9 [15-107] Phase: 100% 139 (14.4) Direction:  {44 136}
Phase: {0,0,0,0,0,0,0,0,0,0,0,0,1,0,0,0,0,0,0,0,0,0,0,5,0,0,0,1,0,2,2,0,0,0,1,6,2,4,6,1,2,10,9,3,9,15,14,4,10,13,17,8,12,16,8,12,20,21,15,12,26,15,31,20,20,25,27,40,33,40,37,33,51,56,52,47,50,54,71,64,67,53,85,92,98,102,130,115,126,135,166,133,149,187,222,218,243,230,257,271,346,387,391,438,473,503,624,581,692,676,842,900,975,1075,1038,1378,1282,1662,1835,1945,2144,2320,2460,2391,2948,3135,3201,3444,3625,3658,4217,4397,4374,4616,4637,5084,4672,5260,4846,5012,5209,4959,4932,4837,4794,4584,4322,4120,4010,3924,3731,3256,3298,3091,2571,2570,2335,2213,1967,1910,1744,1484,1390,1314,1163,1005,941,795,710,649,622,533,484,480,400,353,387,301,262,221,273,200,170,212,149,143,109,98,70,75,99,67,54,44,76,42,45,55,45,27,29,20,18,19,19,25,14,23,10,18,15,4,4,3,5,13,4,1,6,7,8,2,6,2,4,0,2,2,0,0,0,1,1,0,0,0,0,0,0,1,0,0,0,0,0,1,0,0,0,0,0,0,0,0,0,0,0,0,0,0,1,0,0,0,1,0,0,0,0,0,0,0,0,0,0,0,0,0,0,0,0,0,0,0,0,0,0,0,0,0,0,0,0,0,0,0,0,0,0,0,0,0,0,0,0,0,0,0,0,0,0,0,0,0,0,0,0,0,0,0,0,0,0,0,0,0,0,0,0,0,0,0,0,0,0,0,0,0,0,0,0,0,0,0,0,0,0,0,0,0,0,0,0,0,0,0,0,0,0,0}
Count:   6.7   5.8   5.7   4.3   3.3   2.3   0.7   0.1   0.1   0.1   0.1   0.1   0.1   0.1   0.1   0.1   9.3   9.2   9.1   7.7   7.2   5.7   4.7   3.9   2.2   0.8   0.1   0.2   0.1   0.1   0.1   0.1   0.1   0.1   0.1   0.1   0.1   0.1   0.1   2.7  10.2   9.6   9.2   8.2   8.1   7.8   6.7   5.5   4.9   1.3   0.1   0.1   0.1   0.1   0.1   0.1   0.1   0.1   2.2   8.9   8.9   8.5   8.1   7.0   6.4   4.4   3.8   3.1   0.9   0.1   0.1   0.1   0.1   0.1   0.1   0.1   0.1   0.1   0.1   0.1   0.1   0.1   5.3  10.0   9.4   9.6   8.8   8.1   7.0   7.3   5.9   4.9   0.3   0.1   0.1   0.1   0.2   0.1   0.1   0.1   0.1   4.1   9.5   9.1   8.0   7.9   6.8   6.8   4.9   3.9   2.4   0.3   0.1   0.1   0.1   0.1   0.1   0.1   0.1   0.1   4.6   9.8   8.9   8.8   7.4   7.0   5.2   4.3   3.2   1.9   0.3   0.1   0.1   0.1   0.1   0.1   0.1   0.1   0.1   0.1   0.1   0.1   0.1   0.1   6.9   8.6   9.4   8.8   7.8   7.0   6.9   5.5   6.1   3.1   0.1   0.1   0.1   0.1   0.1   0.1   0.1   0.1   0.1   6.5   9.0   8.7   7.8   7.3   6.9   5.9   4.6   3.7   1.8   0.1   0.1   0.1   0.1   0.1   0.1   0.1   0.1   0.1   0.1   0.1   0.1   0.1   0.1   8.8   9.1   8.9   8.5   8.8   7.2   7.5   6.6   5.2   2.7   0.2   0.1   0.1 
B: 40.8 41.2 39.9 35.4 34.9 32.1 29.1 21.8 22.1 23.8 19.4 23.1 21.3 22.5 23.0 22.4 41.7 39.9 39.2 40.1 38.7 36.8 35.5 32.5 27.4 25.3 22.5 24.8 23.6 23.6 20.7 21.2 22.4 21.9 23.2 22.7 22.5 21.9 21.2 43.7 41.5 41.4 39.7 39.6 41.0 40.0 39.6 36.9 35.0 33.9 22.2 20.3 21.9 21.6 22.2 20.6 24.9 21.7 42.1 39.5 40.9 41.0 40.9 38.7 38.0 35.6 33.2 32.1 30.1 22.3 22.2 26.3 23.3 21.5 23.0 23.9 20.8 23.8 23.0 22.3 20.2 24.8 43.3 41.3 42.5 40.3 40.4 38.6 39.7 39.4 37.8 35.0 27.7 23.1 24.1 23.8 21.3 22.9 26.0 19.9 23.5 40.8 40.4 39.0 39.0 40.1 38.9 39.0 35.8 34.4 30.4 28.0 25.7 22.5 21.8 20.8 22.4 23.3 21.7 21.5 41.5 40.1 39.4 40.6 40.6 39.0 36.5 34.1 31.5 27.7 28.0 25.4 23.0 22.4 23.3 22.1 23.2 22.7 20.3 22.4 24.2 23.0 21.6 23.2 40.9 40.6 41.0 41.1 40.9 39.3 38.9 39.1 37.3 33.0 22.0 23.8 21.9 23.7 22.5 21.0 24.2 22.7 22.4 42.4 41.3 40.7 38.1 40.8 38.8 38.4 35.8 31.4 30.0 23.8 23.0 22.2 22.0 20.6 24.1 20.9 21.6 21.2 22.2 20.8 21.0 21.6 21.7 41.2 39.1 39.8 40.1 41.8 39.4 40.6 39.5 36.2 33.1 23.8 21.1 19.5 
Direction:  {44 136} {44 136} {42 138} {42 138} {44 136} n n n n n n n n n n n {44 136} {45 135} {43 137} {43 137} {45 135} {44 136} {42 138} {45 135} n n n n n n n n n n n n n n n {44 136} {44 136} {42 138} {42 138} {46 134} {43 137} {44 136} {42 138} {42 138} {43 137} n n n n n n n n n n {44 136} {43 137} {45 135} {45 135} {43 137} {44 136} {41 139} {41 139} {42 138} n n n n n n n n n n n n n n {45 135} {46 134} {44 136} {44 136} {45 135} {41 139} {43 137} {42 138} {43 137} {43 137} n n n n n n n n n {43 137} {43 137} {45 135} {45 135} {44 136} {44 136} {44 136} {44 136} {42 138} n n n n n n n n n n {43 137} {43 137} {44 136} {43 137} {44 136} {43 137} {43 137} {45 135} {42 138} n n n n n n n n n n n n n n n {42 138} {43 137} {43 137} {42 138} {44 136} {42 138} {43 137} {41 139} {44 136} {42 138} n n n n n n n n n {43 137} {43 137} {44 136} {44 136} {44 136} {45 135} {44 136} {46 134} {42 138} n n n n n n n n n n n n n n n {42 138} {45 135} {43 137} {44 136} {45 135} {45 135} {44 136} {42 138} {45 135} n n n n

55.9: Count:   3.0 (  3.3) A:  19.6 [15-50] B:  36.7 [15-108] Phase: 100% 138 (16.6) Direction:  {43 137}
Phase: {5,4,4,3,2,3,0,2,5,0,1,7,2,5,5,6,6,2,3,4,6,6,8,12,3,1,7,11,11,5,7,4,6,10,14,13,9,28,22,28,25,35,29,29,33,51,27,46,54,53,51,51,72,66,86,70,77,45,94,80,74,79,90,102,58,105,82,105,96,108,135,102,143,116,170,149,149,156,173,178,179,208,192,264,235,227,296,259,301,291,450,349,389,421,494,494,535,597,567,642,660,668,736,814,805,859,1013,1034,1111,1082,1170,1150,1352,1320,1360,1484,1500,1793,1734,1896,1936,1946,2310,2381,2478,2786,2926,3007,3305,3385,3616,3719,3651,3895,3847,4151,4131,4006,3873,3897,3976,3751,3859,3578,3864,3707,3383,3358,3327,3119,2972,2705,2848,2618,2202,2318,1989,1933,1673,1527,1367,1173,1244,1073,1008,1000,834,892,683,647,667,593,538,591,517,441,508,505,422,367,465,292,327,349,266,269,275,251,212,187,172,171,150,149,143,131,129,117,102,87,83,56,57,73,47,57,43,56,51,40,30,26,42,35,15,17,15,12,18,12,13,2,8,14,9,11,1,9,3,6,3,6,3,0,1,0,4,2,2,0,0,0,0,0,0,1,2,0,0,0,1,0,0,0,1,0,0,0,0,0,0,0,0,0,0,0,0,0,0,0,0,0,0,0,0,0,0,0,0,0,0,0,0,0,0,0,0,0,0,0,0,0,0,0,0,0,0,0,0,0,0,0,0,0,0,0,0,0,0,0,0,0,0,0,0,0,0,0,0,0,0,0,0,0,0,0,0,0,0,0,0,0,0,0,0,0,0,0,0,0,0,0,0,0,0,0,1,0,0,0,0,0,0,0,3,1,1,2,0,0}
Count:   6.6   5.8   5.2   4.6   3.6   2.1   1.0   0.1   0.1   0.1   0.1   0.1   0.1   0.1   0.2   0.1   8.7   8.5   8.4   7.1   6.6   5.7   4.5   3.4   2.2   0.9   0.2   0.2   0.1   0.1   0.1   0.1   0.1   0.1   0.2   0.2   0.1   0.1   0.1   2.7   8.8   8.9   8.3   7.6   7.5   7.6   6.5   5.6   4.2   1.2   0.2   0.2   0.1   0.1   0.1   0.1   0.1   0.1   2.1   8.8   8.2   8.2   7.8   6.8   6.0   4.2   3.9   3.0   0.6   0.2   0.1   0.1   0.1   0.1   0.2   0.2   0.1   0.2   0.1   0.1   0.1   0.1   4.8   8.5   9.0   8.3   8.4   7.8   6.4   6.6   5.5   5.1   0.3   0.1   0.1   0.2   0.2   0.2   0.1   0.2   0.1   4.2   8.9   8.3   7.9   7.3   6.4   6.8   4.8   4.0   2.5   0.3   0.2   0.2   0.1   0.1   0.2   0.1   0.1   0.1   4.4   9.1   7.7   8.0   7.0   6.7   5.3   3.8   2.8   1.6   0.3   0.2   0.1   0.1   0.2   0.1   0.1   0.1   0.2   0.1   0.1   0.2   0.1   0.1   6.4   8.2   8.6   8.0   7.6   6.7   6.4   5.3   5.1   2.9   0.2   0.1   0.1   0.2   0.1   0.2   0.1   0.1   0.1   6.0   8.9   8.2   7.3   6.3   6.3   5.8   4.2   3.4   1.7   0.2   0.1   0.2   0.1   0.1   0.2   0.1   0.2   0.2   0.1   0.2   0.1   0.2   0.2   8.3   8.4   7.8   8.2   8.0   6.7   7.3   6.0   5.4   2.6   0.2   0.1   0.1 
B: 38.9 38.5 37.6 34.0 32.9 30.2 26.8 21.3 20.1 20.1 21.2 19.4 19.4 21.5 21.8 21.9 37.9 38.1 37.5 38.1 37.2 35.3 33.2 30.6 26.7 25.7 21.4 22.3 21.8 22.7 19.0 20.4 21.6 19.6 22.0 21.2 20.5 20.2 21.8 43.5 38.0 39.3 37.9 36.7 37.2 38.5 37.0 35.3 33.0 30.4 21.3 21.4 20.6 21.0 20.3 19.4 21.5 19.2 42.7 37.5 37.6 38.7 39.2 37.7 36.4 33.2 32.2 28.8 27.0 20.7 20.3 19.3 20.4 20.8 21.8 21.2 20.1 20.2 21.4 21.6 20.3 22.0 42.2 38.7 39.2 38.1 38.5 36.2 37.0 37.4 35.9 34.1 26.2 23.7 22.3 20.7 22.6 21.4 21.0 22.9 23.0 40.0 38.7 38.1 37.3 37.3 37.4 37.3 34.4 31.9 29.4 24.8 21.6 23.0 19.7 21.7 21.4 20.9 23.3 21.9 41.1 38.3 36.7 38.3 37.4 37.4 35.2 31.8 29.3 26.6 26.2 19.8 20.8 21.3 21.7 21.6 21.8 19.6 21.8 20.8 19.6 20.9 19.0 19.9 38.4 38.0 39.0 38.3 38.5 36.9 36.1 36.3 34.9 31.3 24.9 20.6 20.8 22.9 21.9 19.1 21.0 23.3 22.4 37.9 39.6 37.7 36.7 36.9 37.3 36.7 32.7 29.7 28.4 22.3 20.0 22.9 20.0 22.6 20.1 22.0 18.7 22.0 23.0 20.4 19.9 20.5 21.1 39.6 37.9 37.6 38.0 39.5 37.3 38.2 36.7 34.5 32.0 23.0 21.4 21.5 
Direction:  {42 138} {45 135} {42 138} {39 141} n n n n n n n n n n n n {43 137} {42 138} {45 135} {44 136} {46 134} {41 139} {43 137} {43 137} n n n n n n n n n n n n n n n {44 136} {44 136} {42 138} {46 134} {43 137} {42 138} {42 138} {41 139} {42 138} {42 138} n n n n n n n n n n {45 135} {43 137} {42 138} {42 138} {43 137} {42 138} {42 138} {42 138} n n n n n n n n n n n n n n n {43 137} {42 138} {42 138} {44 136} {42 138} {41 139} {43 137} {42 138} {41 139} {43 137} n n n n n n n n n {42 138} {42 138} {43 137} {43 137} {44 136} {45 135} {41 139} {44 136} {43 137} n n n n n n n n n n {43 137} {42 138} {42 138} {41 139} {46 134} {43 137} {42 138} n n n n n n n n n n n n n n n n n {45 135} {42 138} {45 135} {41 139} {42 138} {43 137} {40 140} {44 136} {42 138} n n n n n n n n n n {43 137} {42 138} {42 138} {44 136} {42 138} {41 139} {46 134} {42 138} n n n n n n n n n n n n n n n n {43 137} {43 137} {43 137} {41 139} {46 134} {43 137} {42 138} {42 138} {42 138} n n n n

56.0: Count:   2.9 (  3.1) A:  19.3 [15-48] B:  35.3 [15-109] Phase: 100% 136 (20.0) Direction:  {42 138}
Phase: {0,0,1,0,2,1,3,1,2,0,0,0,0,0,1,0,0,0,0,2,5,2,4,0,3,5,2,9,3,1,1,6,9,4,17,13,13,18,2,10,9,7,11,10,22,15,2,24,20,27,13,21,17,37,24,30,35,35,33,45,22,32,68,94,40,49,53,76,56,48,72,67,74,81,96,87,117,127,101,126,146,156,113,239,195,228,240,250,266,281,433,312,413,470,490,498,616,632,628,652,754,818,871,892,927,1035,1072,1192,1333,1238,1374,1502,1620,1652,1707,1892,1754,2142,2184,2104,2351,2373,2476,2567,2650,2819,2926,2890,2947,3058,3215,3320,3121,3426,3152,3436,3053,3363,3108,3399,3058,3165,3149,3019,2853,2916,2768,2670,2684,2521,2433,2479,2360,2247,1830,1989,1860,1650,1660,1568,1482,1314,1396,1239,1208,1087,1046,1049,844,958,800,789,681,611,628,533,509,489,482,401,531,314,308,373,257,265,251,215,205,209,161,157,100,152,109,106,103,100,62,75,84,62,70,61,38,49,28,34,42,27,19,10,17,14,8,17,12,7,9,10,7,9,5,0,4,5,4,1,0,1,4,3,3,0,1,0,0,0,0,0,1,0,1,0,0,0,0,1,0,0,0,1,0,2,0,0,0,0,0,0,0,0,0,0,0,0,0,0,0,0,0,0,0,0,0,0,0,0,3,0,0,0,0,0,0,0,0,0,0,0,0,0,0,0,0,0,0,0,0,0,0,0,0,0,0,0,0,0,0,0,0,0,0,0,0,0,0,0,0,0,0,0,0,0,0,1,0,0,0,0,0,0,0,0,0,0,0,0,0,0,0,0,0,0,0,0,0,0,0,0,0,0,0,0,0,0,0,0,0,0}
Count:   6.2   5.5   4.8   4.3   3.1   2.0   1.0   0.1   0.1   0.1   0.1   0.1   0.1   0.2   0.1   0.1   7.9   8.1   7.8   6.6   6.1   5.5   4.4   3.5   1.9   0.9   0.1   0.1   0.1   0.1   0.1   0.1   0.1   0.2   0.1   0.1   0.1   0.1   0.1   2.3   8.1   8.4   8.0   7.4   7.0   7.0   6.1   5.4   4.5   1.2   0.1   0.1   0.1   0.1   0.1   0.1   0.1   0.1   2.2   8.0   7.5   7.5   7.7   6.4   5.9   4.2   3.7   3.0   0.7   0.1   0.1   0.1   0.1   0.1   0.1   0.1   0.1   0.1   0.1   0.1   0.1   0.1   4.4   8.2   8.6   7.8   8.1   6.9   6.1   5.9   5.6   4.9   0.4   0.2   0.1   0.1   0.1   0.1   0.1   0.1   0.1   3.6   8.5   8.1   7.3   6.3   5.9   6.1   4.6   3.8   2.3   0.2   0.1   0.1   0.1   0.2   0.1   0.1   0.1   0.1   4.0   7.7   7.3   6.9   6.4   6.6   5.1   4.1   2.5   1.6   0.3   0.1   0.1   0.1   0.1   0.1   0.1   0.1   0.1   0.1   0.1   0.1   0.1   0.1   6.2   7.7   7.8   7.7   7.7   6.7   6.1   5.3   4.7   3.3   0.1   0.1   0.1   0.2   0.1   0.1   0.1   0.1   0.1   5.3   8.6   7.9   6.9   6.0   6.0   5.6   4.3   3.4   1.8   0.1   0.1   0.2   0.2   0.1   0.1   0.1   0.1   0.1   0.1   0.1   0.1   0.1   0.1   7.9   8.0   7.2   7.8   7.5   6.8   6.6   5.2   5.1   2.3   0.1   0.1   0.1 
B: 36.4 37.9 36.4 32.7 31.2 29.3 29.0 21.7 21.3 20.0 20.1 22.6 21.1 20.5 20.0 19.6 35.9 36.3 35.9 36.0 35.5 35.0 31.8 29.6 27.2 23.6 22.2 19.2 23.6 21.6 22.1 20.5 20.2 21.5 20.1 20.6 21.0 21.8 22.1 42.3 36.4 37.3 36.7 36.9 35.7 36.9 36.0 34.0 31.8 30.2 22.2 20.2 18.3 22.6 21.6 20.4 19.4 21.2 40.7 35.0 35.8 36.2 37.3 37.3 35.2 32.6 31.8 27.8 27.6 21.7 24.1 20.7 22.1 21.8 22.2 19.8 21.5 21.2 22.1 18.7 20.3 21.0 38.9 36.2 37.9 37.2 37.5 34.7 35.2 35.8 36.1 33.4 28.3 20.6 20.8 23.4 22.2 19.8 19.7 20.9 22.3 40.0 37.3 36.3 35.3 35.4 35.8 35.4 33.7 30.3 28.3 24.2 22.9 23.4 21.8 20.3 21.2 19.9 23.7 20.8 39.9 36.1 34.7 35.2 36.1 37.2 33.1 31.0 27.4 25.2 24.4 20.9 19.7 20.1 20.5 19.3 22.1 20.4 21.5 22.8 19.7 22.9 21.0 21.5 38.1 35.2 36.6 37.7 37.8 36.0 34.4 34.4 33.4 31.1 21.4 21.0 20.3 20.9 21.5 23.3 21.1 22.2 20.2 35.5 38.8 36.6 37.0 34.2 35.1 35.2 32.0 29.5 28.7 22.0 19.3 22.0 21.2 20.5 20.7 20.0 20.1 21.7 20.7 20.9 21.5 23.8 19.4 38.3 35.2 35.8 36.6 36.1 37.0 36.0 35.5 33.6 31.3 21.9 21.3 19.2 
Direction:  {42 138} {43 137} {44 136} {38 142} n n n n n n n n n n n n {40 140} {44 136} {40 140} {45 135} {41 139} {43 137} {44 136} n n n n n n n n n n n n n n n n n {43 137} {45 135} {41 139} {41 139} {42 138} {41 139} {41 139} {43 137} {41 139} n n n n n n n n n n {42 138} {43 137} {41 139} {41 139} {40 140} {42 138} {41 139} {41 139} n n n n n n n n n n n n n n n {44 136} {44 136} {41 139} {42 138} {42 138} {41 139} {40 140} {43 137} {43 137} {43 137} n n n n n n n n n {43 137} {42 138} {43 137} {41 139} {40 140} {43 137} {42 138} {43 137} n n n n n n n n n n n {44 136} {42 138} {42 138} {42 138} {42 138} {41 139} {42 138} n n n n n n n n n n n n n n n n n {43 137} {40 140} {43 137} {44 136} {44 136} {43 137} {39 141} {42 138} {41 139} n n n n n n n n n n {44 136} {41 139} {42 138} {47 133} {42 138} {42 138} {43 137} {42 138} n n n n n n n n n n n n n n n n {41 139} {42 138} {40 140} {42 138} {43 137} {40 140} {43 137} {39 141} {42 138} n n n n

