54.0: Count:   6.2 (  3.1) A:  14.7 [12-52] B:  29.0 [12-122] Phase: 98% 277 (37.6) Direction:  {304 236}  37% 69 (35.4) Direction:  {43 137}
Phase: {823,510,569,617,636,555,580,533,629,618,568,576,549,605,588,599,551,595,677,506,652,600,605,606,592,617,567,674,603,616,612,689,661,607,647,705,650,710,676,726,673,624,747,695,635,785,690,662,830,727,728,797,725,812,812,774,739,715,797,813,784,859,773,916,753,905,839,900,806,887,899,760,901,843,843,823,861,919,823,787,833,848,860,835,775,766,791,800,716,722,992,666,790,717,799,753,689,718,681,693,617,656,609,638,640,631,573,579,620,467,570,582,517,530,527,560,457,536,456,493,435,485,478,415,423,448,425,390,381,416,392,401,406,319,345,411,326,381,365,317,362,384,316,300,330,356,325,290,346,341,323,343,305,356,284,307,340,327,306,315,353,267,353,327,287,293,326,325,305,276,303,399,362,301,332,326,372,339,342,300,510,283,344,350,401,399,390,388,405,462,408,397,393,434,518,459,472,514,545,444,610,487,561,590,615,614,532,673,686,645,642,815,766,655,736,854,822,841,882,911,925,900,1094,917,878,1189,984,1100,1229,1098,1122,1272,1239,1264,1312,1422,1325,1335,1493,1603,1497,1505,1598,1769,1426,1725,1744,1791,1749,1795,1947,1663,2030,1889,1934,1914,2054,2085,1930,2162,2069,2328,2392,2176,2244,2272,2463,2285,2228,2169,3266,2099,2300,2456,2740,2396,2383,2392,2474,2679,2396,2474,2291,2485,2632,2340,2436,2368,2640,2121,2489,2282,2321,2466,2275,2276,1874,2397,2248,2056,2062,2244,2152,1776,1876,2052,1918,1757,1694,1830,1574,1546,1760,1629,1413,1780,1270,1413,1561,1330,1221,1333,1177,1124,1129,1163,1060,896,1034,1128,967,998,918,1025,735,869,863,878,784,756,849,666,801,738,693,663,750,750,613,671,659,730,659,605,582,650,658,579,599,537}
Count:  23.9  22.7  18.7  17.9  17.7  16.4  16.0  14.7  13.5  12.1  11.5  12.5  13.0  12.2  11.5  10.4  10.0   9.4   9.0   8.4   8.3   7.8   7.5   7.1   6.7   6.7   6.3   6.4   6.1   5.9   5.3   4.9   4.8   4.7   4.6   4.9   4.4   4.4   4.6   4.6   6.8   7.1   6.6   6.5   6.2   6.4   5.9   5.9   5.9   5.5   5.7   5.6   5.3   5.4   5.3   5.2   5.2   5.1   5.3   5.0   5.3   5.1   5.2   4.8   4.2   4.0   4.3   4.0   4.4   4.0   4.3   4.2   4.0   6.0   6.5   6.3   6.4   6.2   6.2   5.8   5.8   5.5   5.8   5.4   5.4   5.2   5.2   4.9   5.1   4.9   5.1   5.1   4.3   4.1   4.0   4.1   4.0   3.8   3.9   4.1   4.0   4.8   6.5   6.5   6.0   5.9   5.9   5.9   5.9   5.7   5.7   5.4   5.6   5.5   5.4   5.4   5.0   5.1   4.9   5.2   4.6   3.8   3.9   4.0   4.3   4.2   4.1   4.1   4.1   4.2   6.0   6.3   6.2   6.3   6.2   6.3   5.8   5.7   5.5   5.6   5.5   5.5   5.2   5.3   5.0   5.1   5.4   5.5   5.2   4.7   4.2   4.1   4.0   4.0   4.2   4.2   4.3   3.9   4.6   6.6   6.3   6.2   6.2   6.0   6.2   5.9   5.8   5.4   5.6   5.4   5.3   5.1   5.4   5.2   5.4   5.2   5.2   5.0   4.3   4.0   4.2   4.3   4.2   3.9   4.1   3.9   4.3   5.8   6.7   5.9   6.1   6.0   5.9   5.8   5.5   5.5   5.4   5.5   5.3   5.6 
Direction:  {312 228} n n {306 234} {316 224} {297 243} n n {310 230} {307 233} n {287 253} n n n n n n n n n n n n n n n n n n n n n n n n n n n n n n n n n n n n n n n n n n n n n n n n n n n n n n n n n n n n n n n n n n n n n n n n n n n n n n n n n n n n n n n n n n n n n n n n n n n n n n n n n n n n n n n n n n n n n n n n n n n n n n n n n n n n n n n n n n n n n n n n n n n n n n n n n n n n n n n n n n n n n n n n n n n n n n n n n n n n n n n n n n n n

54.1: Count:   7.2 (  3.3) A:  14.6 [12-56] B:  27.9 [12-128] Phase: 102% 278 (31.0) Direction:  {305 235}  35% 63 (34.3) Direction:  {38 142}
Phase: {979,625,657,698,688,677,600,644,663,777,657,726,621,728,728,692,697,726,747,622,727,719,707,710,697,748,647,837,798,752,741,744,790,710,791,787,776,799,774,844,829,836,939,826,784,988,807,930,943,884,868,939,900,883,948,951,962,889,1003,1039,953,948,1017,1036,815,992,940,1023,969,927,954,833,1018,957,916,893,937,961,839,945,885,974,878,838,814,842,922,846,838,754,1111,766,813,804,850,832,739,730,762,777,737,742,727,781,770,621,665,725,763,607,703,581,621,618,584,566,526,662,622,531,568,594,560,489,481,559,516,488,483,532,449,431,456,465,387,450,359,452,446,398,382,339,398,393,367,406,392,380,372,379,368,351,360,401,264,348,338,364,330,347,383,304,373,335,306,317,375,379,312,361,321,398,387,345,321,333,377,350,347,316,529,306,379,377,419,384,393,405,352,434,408,416,429,473,478,423,478,467,564,455,546,511,561,548,613,604,467,693,664,705,667,767,767,669,730,849,785,868,842,903,880,903,1055,1036,967,1229,1025,1158,1317,1163,1134,1334,1339,1301,1369,1558,1531,1500,1694,1874,1626,1771,1833,2088,1639,1935,2014,2129,2110,2114,2379,1899,2540,2367,2317,2414,2528,2620,2514,2548,2593,3032,2843,2867,2819,2885,3313,3009,2749,2665,4261,2588,2898,3001,3523,3169,3083,3050,3206,3512,3123,3093,2964,3164,3189,2861,3080,3113,3366,2557,3243,2806,2897,3089,2959,2813,2397,3118,2686,2602,2398,2728,2479,2177,2268,2467,2219,2167,2008,2225,1960,1911,2145,2005,1630,2024,1472,1634,1795,1436,1410,1556,1361,1234,1359,1429,1224,1094,1205,1282,1132,1109,1083,1135,806,971,1000,967,901,810,931,719,934,808,748,741,843,782,726,727,748,804,736,741,673,663,750,685,654,567}
Count:  25.2  24.3  20.1  19.4  18.9  17.9  17.4  16.3  15.4  14.1  13.6  14.1  15.1  13.9  13.6  12.7  12.3  11.0  10.6  10.3   9.8   9.4   9.0   8.7   8.2   8.0   8.0   8.0   7.5   7.3   6.7   5.9   5.5   5.9   5.4   5.6   5.2   5.5   5.3   5.4   7.6   7.9   7.9   7.7   7.2   7.7   7.2   6.9   7.0   6.7   6.6   6.7   6.5   6.4   6.3   6.6   6.5   6.1   6.2   6.0   6.2   6.4   6.1   5.7   4.9   4.6   4.9   4.6   4.8   4.6   4.9   4.7   4.9   6.7   7.7   7.1   7.4   7.1   7.3   6.8   6.8   6.6   6.9   6.6   6.6   6.1   6.4   6.0   6.1   5.8   6.2   5.9   5.0   4.8   4.8   4.5   4.7   4.6   4.7   4.7   4.7   5.4   7.6   7.6   7.0   7.0   7.0   7.0   6.9   6.8   6.4   6.7   6.3   6.6   6.5   6.5   5.9   5.9   6.1   6.2   5.6   4.6   4.6   4.9   4.9   4.5   4.8   4.6   4.7   4.8   6.8   7.6   7.2   7.5   7.2   7.3   7.0   6.8   6.8   7.0   6.9   6.5   6.2   6.2   6.1   6.3   6.5   6.5   6.1   5.4   4.8   4.7   4.7   4.4   4.7   4.7   4.9   4.5   5.4   7.8   7.3   7.1   7.2   7.3   7.2   7.1   7.0   6.4   6.5   6.5   6.3   6.0   6.5   6.1   6.3   6.3   6.4   5.9   4.8   4.6   4.8   4.8   4.9   4.4   4.8   4.7   4.7   6.7   7.5   7.5   7.5   6.9   7.0   6.9   6.8   6.7   6.8   6.6   6.3   6.5 
Direction:  {292 248} {313 227} {298 242} {283 257} {302 238} n {306 234} {303 237} {307 233} {295 245} {279 261} {285 255} {298 242} {310 230} {300 240} {303 237} {305 235} {295 245} n {302 238} n n {288 252} n n n n n n n n {307 233} n {298 242} n n n n {287 253} n n n n n n n n n n n n n n n n n n n n n n n n n n n n n n n n n n n n n n n n n n n n n n n n n n n n n n n n n n n n n n n n n n n n n n n n n n n n n n n n n n n n n n n n n n n n n n n n n n n n n n n n n n n n n n n n n n n n n n n n n n n n n n n n n n n n n n n n n n n n n n n n n n n n n n n n n n n n n n n n n

54.2: Count:   6.1 (  3.0) A:  14.5 [12-50] B:  28.9 [12-120] Phase: 100% 274 (30.1) Direction:  {301 239}
Phase: {752,505,578,547,631,558,518,556,579,659,598,589,572,694,648,665,682,705,717,606,728,692,735,733,780,755,699,804,759,792,835,838,877,800,854,876,896,854,918,915,903,917,1051,960,818,1097,878,986,1031,932,959,1037,1011,1051,1076,1084,1065,978,1081,1081,1029,1013,1046,1104,903,1004,1035,1047,1045,990,1009,972,1053,1004,944,988,1063,1015,933,968,915,1074,953,933,934,958,969,944,904,794,1197,864,863,842,864,935,837,812,884,886,830,815,707,834,809,727,782,792,813,616,790,695,683,731,722,715,534,718,728,627,655,644,648,588,540,559,523,543,520,508,505,545,559,479,426,565,418,459,418,421,389,441,383,365,388,390,369,361,394,341,325,348,330,363,222,338,347,293,300,290,303,248,301,233,277,253,266,274,270,296,236,273,269,259,269,286,309,289,265,244,387,217,247,294,299,282,253,238,279,323,251,297,267,318,344,322,325,348,373,289,338,340,397,358,371,410,329,452,391,420,383,501,476,395,457,562,512,559,525,590,629,587,701,663,608,776,698,792,811,837,897,1014,962,958,1069,1192,1148,1123,1200,1403,1312,1388,1467,1621,1366,1568,1785,1771,1764,1847,2026,1821,2220,2151,1993,2120,2399,2355,2225,2365,2283,2730,2591,2501,2625,2832,2986,2666,2794,2549,3942,2405,2671,2710,3062,2857,2761,2836,2896,3155,2620,2679,2495,2755,2750,2466,2484,2525,2663,2129,2334,2089,2175,2168,2144,1996,1656,2123,1799,1721,1700,1810,1607,1478,1445,1508,1312,1344,1159,1336,1135,1077,1214,1023,907,1113,826,942,922,774,777,864,788,744,728,763,667,608,691,698,616,553,616,635,523,572,589,591,504,525,575,380,607,622,553,491,569,504,514,503,471,554,485,552,510,538,595,538,583,474}
Count:  23.0  22.1  16.2  16.1  16.2  15.1  14.4  13.6  13.2  11.5  11.0  12.8  13.9  12.5  12.4  11.3  11.0   9.7   9.7   8.8   8.8   8.0   7.9   7.6   7.1   6.8   6.9   6.8   6.4   6.3   5.1   4.3   4.0   4.1   4.0   4.1   3.8   4.2   3.8   4.2   6.8   6.7   6.6   6.5   6.5   6.6   6.2   6.1   5.8   6.1   5.9   5.7   5.4   5.6   5.4   5.7   5.2   5.4   5.2   5.2   5.5   5.2   5.2   4.6   3.7   3.4   3.6   3.3   3.7   3.6   3.9   3.6   3.6   5.8   6.5   6.6   6.5   6.2   6.1   6.0   5.9   6.0   5.9   5.4   5.6   5.5   5.2   5.0   5.2   4.8   5.2   4.9   3.8   3.5   3.4   3.5   3.6   3.5   3.3   3.2   3.4   4.2   6.5   6.6   6.5   6.2   6.2   6.0   6.0   5.8   5.9   5.6   5.6   5.6   5.8   5.4   5.1   5.0   5.5   4.9   4.7   3.5   3.4   3.5   3.6   3.4   3.4   3.5   3.5   3.5   5.8   6.7   6.7   6.4   6.3   6.3   5.7   5.8   5.9   6.2   5.6   5.8   5.6   5.6   5.3   5.6   5.4   5.4   5.2   4.0   3.6   3.4   3.2   3.5   3.6   3.4   3.8   3.3   4.2   6.9   6.5   6.5   6.7   6.1   6.2   6.4   6.3   5.7   5.9   5.6   5.4   5.2   5.7   5.0   5.3   5.0   5.3   5.1   3.6   3.3   3.6   3.5   3.8   3.4   3.4   3.6   3.5   5.5   6.3   6.2   6.5   6.1   6.2   5.8   6.1   5.9   5.9   5.5   5.3   5.4 
B: 22.6 22.4 23.0 22.9 23.4 23.1 23.9 23.2 24.0 23.7 24.6 27.3 28.2 27.8 28.2 27.4 27.7 27.9 27.9 27.1 27.8 26.7 27.6 27.1 27.6 27.1 27.4 27.6 26.6 26.8 27.7 28.7 29.3 28.3 29.8 28.8 28.9 29.6 29.8 29.2 32.7 31.8 31.4 31.4 30.5 31.3 30.5 30.0 29.9 29.9 28.4 29.2 28.6 28.6 28.1 28.6 28.3 27.9 28.8 28.2 27.9 27.4 27.7 28.1 30.3 30.5 30.0 29.7 30.4 29.7 30.8 30.5 30.4 33.1 32.9 32.2 31.7 30.9 31.7 30.5 30.5 30.2 30.4 29.3 29.2 29.2 29.3 29.0 28.2 28.3 28.3 28.7 30.5 30.5 31.0 30.5 30.0 30.0 29.9 30.5 30.9 32.2 32.9 32.4 32.4 31.8 32.1 31.1 30.6 30.4 29.7 30.0 29.6 29.0 28.7 28.8 28.4 28.4 27.7 28.3 28.8 30.4 30.6 30.6 29.8 30.3 30.0 30.3 29.9 30.0 33.8 32.1 32.9 32.4 31.8 31.5 31.1 31.1 29.7 30.2 29.6 29.7 29.0 28.7 28.7 28.7 27.5 28.6 28.1 29.9 30.4 29.8 30.7 30.3 30.2 29.9 30.4 30.5 34.3 34.1 32.7 33.0 31.9 31.6 31.5 31.2 29.9 29.9 30.1 29.5 29.0 29.2 28.9 28.4 28.8 28.8 28.0 28.8 31.2 30.5 30.4 30.3 30.4 30.4 29.7 30.1 30.5 32.6 33.3 32.0 31.9 31.2 31.9 30.5 31.4 30.4 30.3 29.5 29.8 29.4 
Direction:  n {302 238} {295 245} {295 245} {290 250} {293 247} n {308 232} {298 242} {306 234} {299 241} {287 253} {306 234} {285 255} n n {296 244} n n n n n n n n n n n n n n n n n n n n n n n n n n n n n n n n n n n n n n n n n n n n n n n n n n n n n n n n n n n n n n n n n n n n n n n n n n n n n n n n n n n n n n n n n n n n n n n n n n n n n n n n n n n n n n n n n n n n n n n n n n n n n n n n n n n n n n n n n n n n n n n n n n n n n n n n n n n n n n n n n n n n n n n n n n n n n n n n n n n n n n n

54.3: Count:   4.0 (  2.4) A:  14.3 [12-50] B:  29.6 [12-106] Phase: 66% 71 (43.5) Direction:  {44 136}  79% 271 (28.5) Direction:  {298 242}  12% 293 (27.4) Direction:  {318 222}
Phase: {490,344,406,426,390,351,382,382,409,437,411,417,379,427,427,430,465,447,468,409,476,489,450,553,471,503,498,599,569,613,630,626,686,623,705,699,728,773,722,775,712,771,873,907,806,949,857,865,976,958,918,1034,992,987,1062,1132,1039,1038,1178,1149,1140,1172,1089,1214,1012,1102,1137,1175,1113,1156,1231,1003,1222,1191,1175,1094,1146,1133,1063,1107,1116,1209,1113,1065,995,906,1081,1046,1078,833,1355,869,969,928,977,905,889,903,911,909,818,816,734,835,784,768,706,796,761,594,686,655,637,639,654,606,504,567,614,485,454,476,481,446,455,446,423,378,391,411,322,352,380,337,288,361,269,281,284,279,279,280,268,252,245,279,225,231,238,244,246,214,224,215,165,232,235,201,179,181,179,174,192,192,194,190,188,202,196,190,156,197,159,141,178,140,157,173,158,137,250,154,153,156,196,178,162,152,179,223,153,207,193,204,176,188,185,195,187,189,211,202,217,232,232,230,190,241,257,254,276,275,285,262,280,297,317,314,275,305,337,333,371,362,335,460,328,375,443,421,434,521,465,513,531,565,528,468,575,665,656,658,666,782,639,766,842,811,858,838,969,808,1129,1094,1058,1147,1207,1241,1099,1239,1235,1402,1233,1353,1439,1454,1509,1447,1554,1363,2018,1304,1605,1474,1645,1543,1540,1553,1528,1769,1457,1445,1320,1568,1563,1390,1304,1480,1399,1082,1248,1158,1164,1298,1177,1052,904,1104,924,1007,869,919,876,722,804,805,727,659,630,621,556,563,625,518,500,548,436,490,472,431,399,472,391,396,387,373,366,317,364,365,345,337,350,383,272,356,337,336,322,318,389,290,342,332,335,328,375,380,343,352,356,377,372,353,405,377,396,371,323,290}
Count:  19.0  17.9  12.0  11.3  11.2  10.7  10.2   8.7   8.5   7.1   7.0   8.8  10.2   9.3   8.7   8.0   7.7   7.0   7.0   6.3   5.9   5.5   5.3   4.9   4.8   4.5   4.6   4.6   4.4   3.9   3.1   2.3   2.3   2.2   2.1   2.3   2.0   2.0   1.9   2.0   5.0   4.8   4.9   4.8   4.9   4.7   4.2   4.2   4.1   3.9   3.9   3.8   3.8   3.6   3.3   3.6   3.3   3.6   3.2   3.4   3.4   3.3   3.2   2.8   2.0   2.0   1.9   1.7   1.9   1.7   1.8   1.7   1.7   4.0   4.6   5.1   4.8   4.7   4.6   4.4   4.3   4.2   4.1   3.7   3.7   3.8   3.5   3.5   3.5   3.2   3.3   3.4   2.0   1.8   1.8   1.9   1.9   1.7   1.6   1.7   1.8   2.3   4.9   4.7   5.0   4.7   4.5   4.2   4.4   4.0   4.2   3.9   4.0   3.7   4.0   3.4   3.5   3.2   3.6   3.4   2.8   2.0   1.8   1.8   1.6   1.9   1.9   1.8   1.6   1.9   4.0   4.7   4.7   4.7   4.6   4.5   4.2   4.3   4.3   4.2   3.8   3.9   3.8   3.8   3.6   3.6   3.5   3.4   3.4   2.4   1.8   1.8   1.7   1.9   1.8   1.8   1.8   1.7   2.3   5.1   4.4   4.6   4.5   4.6   4.4   4.6   4.2   4.1   4.2   3.9   3.6   3.9   3.8   3.5   3.6   3.2   3.1   3.1   1.7   1.8   1.7   1.8   2.1   1.8   1.9   1.9   1.9   3.8   4.8   4.6   4.8   4.3   4.3   4.3   4.2   4.0   4.0   3.6   3.9   3.5 
B: 23.1 22.8 23.1 23.5 24.1 23.9 24.0 24.0 24.4 24.5 24.7 29.6 30.0 30.2 29.9 30.1 29.6 29.7 29.7 29.4 29.6 28.1 29.1 28.3 28.3 28.1 27.4 27.2 27.4 27.2 28.3 29.1 28.7 29.1 29.8 30.0 29.4 29.0 29.9 29.6 35.2 32.8 33.2 32.6 32.1 32.3 32.0 31.1 31.0 30.0 30.0 29.4 28.7 28.8 29.1 28.4 28.3 27.9 27.7 27.8 27.8 27.6 27.7 28.3 29.8 30.4 30.3 29.3 29.8 30.1 29.7 29.6 30.3 35.1 33.9 34.3 33.2 32.0 32.7 31.5 31.6 31.6 31.7 30.4 29.8 28.7 28.9 28.8 28.3 28.4 28.2 28.1 30.0 30.1 29.9 30.1 29.8 30.3 29.3 30.0 30.9 31.7 34.7 34.0 34.2 33.3 34.0 31.4 32.0 31.4 31.5 30.6 31.0 30.6 28.8 28.6 28.8 28.0 28.3 27.7 28.5 29.6 30.6 29.9 29.8 30.6 29.9 30.3 29.6 30.2 37.5 33.9 34.3 34.7 33.8 32.7 31.9 31.7 30.8 30.5 30.3 30.3 29.4 29.4 29.5 28.6 27.8 28.0 28.4 29.6 30.0 30.5 29.7 29.9 30.2 30.0 29.4 29.8 34.6 35.2 34.3 34.5 33.8 32.9 33.2 33.0 31.8 30.9 30.7 30.2 29.8 29.1 29.5 28.2 28.9 28.2 27.7 28.0 30.3 29.6 30.4 30.3 30.1 30.7 29.7 28.9 30.3 35.1 35.1 33.7 34.1 33.0 33.0 32.8 32.2 31.3 30.3 29.7 30.5 30.0 
Direction:  n n n n {304 236} {287 253} n n {295 245} n n n n n n n n n n n n n n n n n n n n n n n n n n n n n n n n n n n n n n n n n n n n n n n n n n n n n n n n n n n n n n n n n n n n n n n n n n n n n n n n n n n n n n n n n n n n n n n n n n n n n n n n n n n n n n n n n n n n n n n n n n n n n n n n n n n n n n n n n n n n n n n n n n n n n n n n n n n n n n n n n n n n n n n n n n n n n n n n n n n n n n n n n n n n n n n

54.4: Count:   3.5 (  2.4) A:  14.3 [12-51] B:  30.0 [12-115] Phase: 44% 281 (43.3) Direction:  {309 231}  92% 72 (33.4) Direction:  {45 135}  10% 283 (34.5) Direction:  {310 230}
Phase: {464,318,356,339,418,385,363,349,377,373,389,319,398,381,428,401,382,407,439,385,463,440,451,512,511,567,469,554,511,563,541,599,612,627,640,677,679,693,695,757,807,794,821,875,878,1027,953,1014,1141,1050,1051,1149,1085,1246,1187,1261,1379,1237,1394,1342,1379,1293,1395,1460,1233,1545,1468,1503,1473,1452,1417,1256,1467,1464,1440,1305,1406,1359,1308,1402,1277,1367,1391,1279,1360,1319,1199,1209,1273,1132,1445,1094,1127,1066,1145,1027,1014,1018,1007,991,922,903,873,893,830,759,740,780,778,587,741,647,614,574,532,508,458,528,461,402,355,462,410,333,346,376,343,279,297,322,255,278,280,273,215,274,204,204,209,206,207,233,198,181,216,179,183,183,194,204,151,151,156,191,127,168,176,164,157,146,158,120,175,152,132,152,149,140,130,128,118,165,138,140,130,133,154,135,116,126,187,117,120,98,128,135,124,136,130,177,132,139,128,176,141,140,168,136,142,135,152,178,175,207,172,176,149,208,210,221,203,203,188,205,225,226,252,239,217,256,244,247,261,265,215,247,224,267,313,263,308,352,307,327,342,387,300,323,366,395,395,406,460,480,345,460,448,454,513,493,595,479,602,610,574,593,682,625,611,641,621,744,721,743,703,796,808,820,842,719,1134,740,897,871,917,910,853,937,971,1030,838,917,902,960,930,921,909,925,965,799,993,889,897,841,802,825,693,909,781,789,706,813,731,592,651,702,646,628,627,568,532,491,565,554,465,518,421,458,450,414,445,422,349,398,366,353,363,336,398,363,340,331,366,367,220,279,279,309,282,294,316,246,344,344,326,331,360,302,295,307,327,344,316,316,325,312,414,324,340,323}
Count:  19.1  18.0  11.2  10.9  10.0   9.4   8.8   7.4   7.0   5.9   5.3   7.3   9.0   8.4   7.9   7.2   6.7   6.3   6.0   5.6   5.4   4.8   4.7   4.6   4.5   3.8   4.0   3.6   3.6   3.3   2.3   1.4   1.6   1.5   1.5   1.4   1.6   1.4   1.5   1.4   4.5   4.0   4.4   4.3   4.3   4.0   4.0   3.7   3.4   3.5   3.3   3.3   3.2   3.2   3.0   2.9   2.8   3.2   2.7   2.7   2.8   3.0   2.6   2.2   1.2   1.5   1.3   1.3   1.2   1.1   1.4   1.2   1.1   3.3   4.3   4.6   4.1   4.0   4.0   3.7   4.3   3.8   3.7   3.6   3.4   3.4   3.4   3.1   3.0   2.9   2.9   2.8   1.7   1.1   1.2   1.2   1.3   1.2   1.3   1.2   1.2   1.7   4.5   4.4   4.6   4.3   4.7   3.9   4.0   3.8   3.8   3.4   3.8   3.2   3.4   2.8   3.2   2.6   2.8   3.1   2.6   1.2   1.3   1.2   1.2   1.1   1.2   1.2   1.2   1.1   3.5   4.5   4.2   4.2   4.6   4.0   3.8   4.0   4.0   3.6   3.3   3.5   3.4   3.3   3.0   3.0   3.0   3.0   2.7   1.7   1.2   1.3   1.3   1.4   1.2   1.2   1.1   1.2   1.6   4.9   3.9   4.6   4.2   4.3   4.0   4.2   3.7   4.0   3.4   3.6   3.4   3.6   3.3   3.1   2.9   2.8   2.6   2.6   1.2   1.3   1.4   1.3   1.4   1.2   1.4   1.2   1.3   3.2   4.5   4.3   4.3   4.1   4.1   4.0   3.9   3.8   3.7   3.3   3.7   3.3 
B: 23.0 22.9 22.0 22.2 22.6 22.5 22.9 23.2 23.1 23.6 23.7 29.9 31.3 31.5 31.1 31.4 30.6 30.9 31.2 30.6 30.3 29.7 30.0 28.9 28.5 27.8 28.3 26.6 28.0 26.6 27.4 27.3 27.8 27.1 27.3 27.4 27.3 27.1 27.5 28.2 36.4 34.6 35.5 33.8 34.0 33.2 34.1 31.2 30.7 31.4 31.2 29.7 29.9 29.1 29.2 28.8 28.5 28.0 27.3 27.4 26.9 27.8 27.3 27.3 27.2 27.8 27.9 27.8 28.3 29.2 28.4 27.4 27.1 35.3 35.9 35.9 35.1 33.2 33.8 32.8 34.6 32.8 33.3 31.6 31.6 29.5 29.6 28.7 28.8 28.6 28.5 27.9 28.5 27.0 28.2 28.5 27.9 28.5 28.2 28.9 28.9 31.5 36.4 35.5 35.3 35.1 35.6 32.9 32.5 33.0 32.9 30.9 31.0 30.1 29.8 29.6 29.7 28.5 27.3 28.3 27.4 28.5 27.1 27.9 27.7 27.7 28.2 28.7 27.3 27.6 38.5 36.7 36.2 35.6 35.5 33.9 33.6 33.0 32.9 31.7 30.7 30.6 30.7 29.6 29.2 29.8 29.1 28.8 28.3 28.6 27.2 27.4 27.2 27.8 27.8 27.7 28.4 28.1 33.9 36.5 36.0 37.5 35.4 34.5 35.3 34.0 33.0 32.2 31.6 31.2 30.6 30.1 29.6 29.2 29.5 28.7 28.1 28.4 28.2 28.3 27.5 28.1 28.1 27.4 28.1 28.0 29.2 35.0 35.0 36.2 35.7 34.6 34.3 34.4 33.3 32.2 31.7 31.4 30.9 30.5 
Direction:  {81 99} n n n n n n n n n n n {38 142} n {50 130} n n n n n n n n n n n n n n n n n n n n n n n n n n n n n n n n n n n n n n n n n n n n n n n n n n n n n n n n n n n n n n n n n n n n n n n n n n n n n n n n n n n n n n n n n n n n n n n n n n n n n n n n n n n n n n n n n n n n n n n n n n n n n n n n n n n n n n n n n n n n n n n n n n n n n n n n n n n n n n n n n n n n n n n n n n n n n n n n n n n n n n n n n

54.5: Count:   3.8 (  2.6) A:  14.4 [12-51] B:  30.2 [12-111] Phase: 108% 71 (22.6) Direction:  {44 136}  48% 290 (30.5) Direction:  {316 224}
Phase: {443,367,363,386,368,396,372,390,432,456,432,453,416,466,458,444,461,507,572,487,502,498,496,562,545,512,510,636,686,701,627,663,775,724,787,778,796,830,812,893,924,995,1041,975,1006,1189,1124,1212,1330,1367,1328,1394,1374,1478,1502,1630,1518,1471,1675,1628,1716,1795,1709,1841,1564,1666,1734,1834,1723,1937,1769,1546,1884,1881,1714,1720,1721,1747,1667,1712,1672,1788,1663,1513,1633,1502,1583,1455,1563,1321,1825,1230,1292,1378,1289,1235,1201,1105,1111,1153,1080,1024,959,1008,912,870,805,819,860,664,667,660,650,639,583,539,476,589,484,435,444,467,428,352,400,389,382,354,307,325,302,285,254,261,275,292,230,231,291,198,200,242,187,229,199,164,176,190,191,172,164,157,185,165,142,175,161,168,142,132,132,141,135,127,164,150,146,112,119,149,136,136,141,130,140,145,145,133,118,91,164,92,125,149,115,135,122,140,130,157,127,145,106,170,137,154,129,165,155,117,153,153,143,146,168,165,158,174,178,194,183,190,188,191,183,212,179,199,218,183,184,178,237,240,196,277,218,243,309,263,289,288,286,284,337,310,312,279,332,347,349,323,374,440,313,383,419,447,390,389,472,424,568,461,504,506,584,514,522,554,543,657,621,625,559,639,646,652,649,532,1004,616,736,664,723,751,716,761,802,874,760,745,792,852,894,815,783,839,899,693,885,775,815,856,810,847,765,880,829,845,678,825,781,646,779,815,756,678,695,717,610,573,672,650,559,637,508,550,649,532,505,569,481,382,484,486,444,386,446,454,406,355,404,403,306,362,367,361,375,364,360,307,386,356,352,303,336,363,334,362,349,407,381,386,359,372,398,411,357,355}
Count:  20.4  18.5  11.6  11.3  10.5   9.7   9.2   8.0   6.9   5.8   5.1   8.2   9.1   9.3   8.2   7.9   7.3   6.8   6.4   6.1   6.3   5.3   5.3   4.8   5.0   4.5   4.4   3.7   3.9   3.9   2.6   1.5   1.6   1.4   1.5   1.4   1.6   1.3   1.3   1.4   4.9   4.9   5.2   4.8   4.7   4.3   4.3   3.9   4.4   3.8   3.9   3.7   3.5   3.6   3.3   3.4   3.1   3.4   2.9   3.1   3.1   3.1   2.7   2.8   1.3   1.4   1.3   1.2   1.3   1.1   1.2   1.3   1.1   3.9   4.7   5.2   4.5   4.6   4.2   4.3   4.5   4.8   4.0   4.0   3.7   3.8   3.7   3.5   3.4   3.3   3.1   3.2   1.8   1.1   1.3   1.0   1.3   1.1   1.2   1.2   1.1   1.9   5.1   4.8   4.7   4.8   4.9   4.4   4.2   4.1   4.4   3.7   4.0   3.6   3.8   3.3   3.6   3.0   3.6   3.3   3.0   1.2   1.1   1.2   1.1   1.1   1.2   1.2   1.2   1.3   4.0   4.8   4.7   4.6   5.0   4.3   4.4   4.4   4.2   3.8   3.8   3.8   4.0   3.6   3.3   3.6   3.8   3.7   3.2   2.1   1.2   1.2   1.3   1.4   1.2   1.1   1.2   1.1   1.6   5.2   4.6   5.0   4.9   4.4   4.4   4.6   4.0   4.5   3.8   4.0   3.8   4.1   3.5   3.7   3.3   3.3   3.2   3.3   1.2   1.2   1.4   1.2   1.3   1.2   1.1   1.2   1.3   3.3   5.1   5.0   4.9   4.6   4.6   4.5   4.5   4.5   4.0   3.6   4.1   3.7 
B: 22.6 22.6 20.5 21.1 20.9 21.1 20.9 21.6 21.6 21.8 22.3 30.1 31.6 32.0 31.6 32.0 30.9 31.4 31.1 31.0 29.9 30.0 30.2 29.2 28.7 28.2 28.9 27.3 27.6 27.2 26.3 25.6 25.5 25.0 25.6 25.5 25.7 25.4 25.0 25.8 36.8 36.2 36.3 35.5 35.6 33.8 34.7 32.3 30.9 31.6 31.1 29.5 30.0 30.1 29.4 28.9 28.3 28.6 28.5 27.4 28.5 28.0 27.1 26.7 25.8 24.9 26.9 26.0 24.9 25.3 26.4 25.2 25.6 37.8 36.0 37.6 35.1 34.9 34.2 34.1 35.0 32.8 32.8 31.6 31.6 30.5 30.8 30.0 29.8 29.3 28.0 28.7 27.5 25.4 27.2 26.6 26.3 26.8 25.6 25.1 25.5 28.5 37.5 36.2 36.1 36.0 36.2 34.7 34.4 33.5 33.4 30.9 31.6 30.7 29.7 30.0 29.7 29.6 28.6 28.1 27.7 26.4 26.3 26.1 26.3 25.1 25.7 25.6 25.9 26.6 36.9 37.0 36.2 36.5 37.0 34.8 34.6 34.3 33.9 31.5 32.2 31.5 31.2 29.8 30.2 29.8 28.3 29.1 28.8 27.7 25.6 25.4 26.8 25.7 25.3 25.5 25.5 25.6 30.6 37.6 37.1 37.7 36.2 34.8 34.5 35.1 33.4 32.7 32.8 32.2 30.8 30.3 30.2 29.8 29.3 28.5 28.1 28.7 25.9 25.7 26.2 25.8 25.0 24.8 25.9 26.1 26.3 35.5 36.3 37.7 36.6 35.6 35.1 34.1 33.8 33.6 32.4 31.9 31.6 31.6 
Direction:  {61 119} {58 122} n n n n n n n n n n n {41 139} {50 130} {52 128} n {37 143} n n n n n n n n n n n n n n n n n n n n n n n n n n n n n n n n n n n n n n n n n n n n n n n n n n n n n n n n n n n n n n n n n n n n n n n n n n n n n n n n n n n n n n n n n n n n n n n n n n n n n n n n n n n n n n n n n n n n n n n n n n n n n n n n n n n n n n n n n n n n n n n n n n n n n n n n n n n n n n n n n n n n n n n n n n n n n n n n n n n n n n

54.6: Count:   3.9 (  2.6) A:  14.5 [12-50] B:  30.5 [12-117] Phase: 97% 71 (29.7) Direction:  {44 136}  44% 288 (24.8) Direction:  {315 225}
Phase: {567,360,341,366,437,380,373,454,416,442,464,390,465,454,502,492,480,468,605,452,556,575,600,597,645,690,582,758,723,753,778,805,815,847,853,895,946,945,1033,1096,1036,1099,1182,1075,1146,1291,1121,1321,1419,1366,1471,1440,1426,1623,1676,1686,1696,1592,1844,1740,1830,1736,1890,2111,1725,1976,1852,2012,1959,2042,2014,1814,2149,1971,1877,1960,2012,1996,1833,1895,1862,2026,1815,1838,1749,1739,1787,1649,1604,1481,1953,1413,1530,1454,1464,1352,1298,1299,1183,1184,1040,1114,1015,962,962,982,861,895,924,672,807,762,742,727,642,650,568,610,557,499,552,489,519,446,436,398,395,370,391,322,358,360,312,306,297,289,248,250,302,250,249,231,228,237,189,201,175,184,229,228,182,143,164,167,112,165,170,146,148,156,133,116,149,123,98,143,160,142,97,122,110,155,115,126,111,95,126,116,112,82,197,90,105,148,98,106,148,103,107,114,110,127,124,102,110,116,111,136,170,118,147,149,140,129,150,113,127,172,158,151,131,178,172,145,207,168,197,172,159,206,164,174,208,192,202,247,183,261,263,253,257,303,241,226,269,259,260,267,273,313,298,314,351,370,267,399,349,405,391,404,433,421,527,436,450,421,493,507,451,491,470,590,491,539,542,596,662,527,693,605,908,591,700,696,800,794,650,724,761,882,725,795,717,808,874,737,813,806,904,708,819,742,813,844,783,786,659,890,708,791,668,839,728,635,616,760,671,643,601,647,588,541,662,568,464,631,482,485,574,461,409,468,422,410,363,527,386,350,389,397,331,351,316,397,289,320,368,368,297,262,358,269,330,315,302,284,352,314,309,289,280,338,339,323,360,348,396,356,344,300}
Count:  20.0  18.1  10.9  11.1   9.6   9.4   8.3   7.8   6.8   5.8   5.0   8.0   9.5   9.4   8.5   8.4   7.7   7.1   7.1   6.5   6.3   5.6   5.8   5.4   5.1   4.8   4.7   4.4   4.3   3.9   2.6   1.4   1.4   1.3   1.3   1.3   1.2   1.1   1.1   1.3   5.3   5.3   5.8   5.1   5.1   4.6   5.0   4.2   4.2   4.2   4.3   3.9   3.9   3.9   3.7   3.7   3.2   3.7   3.2   3.3   3.1   3.3   3.0   2.6   1.2   1.0   1.2   1.1   1.1   1.1   1.2   1.1   1.2   4.2   5.0   5.3   4.9   5.0   4.7   4.7   4.5   4.7   4.2   4.5   4.2   3.9   3.8   3.8   3.3   3.5   3.0   3.4   1.6   1.0   1.2   1.0   1.3   1.1   1.2   1.0   1.0   1.6   5.3   5.2   5.1   4.9   5.3   4.5   4.7   4.4   4.6   4.1   4.4   4.0   3.9   3.4   4.0   3.5   3.7   3.3   3.0   0.9   1.1   1.2   1.1   1.0   1.1   1.0   1.0   1.3   4.1   5.0   5.3   4.9   5.3   4.6   4.9   4.7   4.6   4.2   4.4   4.2   4.2   4.3   3.9   3.8   3.7   3.7   3.6   2.0   1.1   1.1   1.2   1.1   1.1   1.1   1.1   1.0   1.7   5.7   5.0   5.4   5.0   4.8   4.8   5.0   4.4   4.9   3.9   4.5   4.1   4.1   3.8   3.9   3.7   3.5   3.5   3.3   1.0   1.1   1.1   1.2   1.1   1.0   1.0   1.1   1.1   3.3   5.4   5.3   5.3   4.9   4.7   4.8   4.8   4.6   4.2   3.9   4.3   3.9 
B: 22.5 22.5 19.9 20.6 20.3 20.3 20.4 20.9 20.5 21.1 21.3 30.4 31.8 32.4 31.4 32.5 31.9 31.9 31.3 31.2 30.7 30.5 30.0 29.7 28.9 28.7 28.5 27.4 27.6 26.5 26.7 23.7 25.9 24.2 26.2 23.9 24.9 25.2 24.3 25.3 36.2 36.5 36.8 35.9 36.5 35.0 34.9 33.4 32.1 31.6 31.3 30.9 29.8 29.6 29.3 29.4 28.6 28.1 28.2 27.5 28.4 26.7 27.4 27.5 25.0 24.4 24.9 24.8 25.1 24.8 24.5 24.8 25.7 38.0 36.1 37.5 36.1 36.4 34.9 35.1 35.4 33.8 32.7 31.4 31.2 30.7 30.3 29.7 29.1 28.4 28.3 28.0 27.0 25.6 26.6 24.7 25.0 25.9 24.5 25.1 24.5 30.2 38.1 37.7 35.6 36.3 36.4 34.9 34.4 34.2 33.7 32.4 32.2 31.5 31.1 30.2 29.1 29.1 28.2 28.9 28.0 25.1 25.0 25.9 26.4 23.7 25.3 24.9 25.2 25.3 38.3 37.0 36.9 36.6 37.5 36.3 35.4 35.1 34.1 31.2 32.3 31.1 31.6 30.6 30.2 29.7 28.8 29.3 28.9 27.4 25.1 25.5 25.7 24.8 26.2 24.8 25.5 25.1 31.0 38.3 37.1 37.9 36.6 36.3 35.3 35.1 34.2 33.9 32.7 31.6 31.1 30.5 31.0 30.6 29.5 28.1 28.7 30.3 25.4 24.6 24.3 25.1 24.8 25.0 25.7 25.2 25.0 35.6 37.7 37.8 37.2 36.2 35.7 35.0 34.3 34.9 33.2 32.6 31.9 31.6 
Direction:  {40 140} {44 136} n n n n n n n n n n {43 137} {46 134} {48 132} {54 126} {46 134} {40 140} n n n n n n n n n n n n n n n n n n n n n n {49 131} {46 134} {43 137} n n n {43 137} n n n n n n n n n n n n n n n n n n n n n n n n n n n n n {37 143} {42 138} n n n n n n n n n n n n n n n n n n n n n n n n {47 133} {37 143} n n {40 140} n n n n n n n n n n n n n n n n n n n n n n n n n n n {41 139} n n n n n n n n n n n n n n n n n n n n n n n n {40 140} n {43 137} n {45 135} n n n n n n n n n n n n n n n n n n n n n n n n {40 140} {43 137} n n n n n n n n n n

54.7: Count:   4.3 (  2.7) A:  14.6 [12-50] B:  30.2 [12-105] Phase: 102% 71 (31.2) Direction:  {44 136}  44% 284 (27.8) Direction:  {312 228}
Phase: {483,318,370,403,364,380,423,409,488,492,443,435,451,488,568,606,529,537,601,484,642,612,626,706,699,725,693,948,845,895,849,927,1018,893,1052,1127,1061,1204,1177,1187,1203,1363,1363,1423,1369,1550,1469,1575,1640,1649,1596,1776,1840,1820,1870,1869,1905,1832,2020,2012,2026,1896,2200,2257,1852,2085,2085,2142,2049,1988,2141,1802,2111,2095,2010,2023,2029,1955,1855,1894,1970,1987,1927,1935,1867,1838,1922,1742,1792,1638,2205,1457,1754,1558,1699,1578,1569,1503,1491,1474,1337,1289,1288,1301,1276,1170,1116,1108,1135,930,1062,899,920,849,825,830,615,831,739,636,576,621,613,468,553,534,494,467,447,436,385,383,432,327,282,361,256,308,328,261,265,236,250,238,223,211,186,179,234,213,167,170,207,178,147,174,138,133,149,138,151,129,142,131,138,120,121,151,116,119,92,118,127,128,93,125,105,106,114,109,160,96,101,99,91,113,118,106,116,97,102,123,107,123,127,126,111,145,100,106,142,129,123,138,134,131,85,158,161,143,163,177,177,123,144,177,162,124,148,193,163,183,186,191,180,213,184,197,245,245,248,268,242,264,253,295,258,278,294,305,323,327,340,395,295,392,335,402,336,454,468,372,517,471,553,509,579,535,579,552,565,712,610,627,640,786,716,686,767,615,1210,721,891,851,907,821,841,944,867,1049,895,937,900,950,1039,942,952,935,972,812,951,862,891,890,892,768,676,892,833,808,659,838,742,628,577,689,629,563,616,549,519,485,570,500,421,486,382,419,470,335,359,406,396,314,317,358,306,272,313,381,273,311,340,340,234,274,316,286,284,309,338,252,313,305,324,289,329,313,266,319,278,406,355,327,355,334,322,333,349,320}
Count:  19.6  18.0  10.5  10.0   9.7   9.4   8.6   8.2   6.3   5.8   5.1   8.9  10.0  10.5   9.0   8.7   7.9   8.1   7.3   6.9   6.7   6.4   6.2   6.0   5.8   5.5   5.3   4.7   5.0   4.6   2.6   1.3   1.3   1.4   1.4   1.3   1.2   1.1   1.3   1.0   6.4   5.8   6.1   5.7   5.9   5.2   5.4   4.9   4.7   4.3   4.8   4.6   4.7   4.4   4.5   3.9   3.8   3.9   3.9   3.7   3.9   3.6   3.5   3.0   0.9   1.2   1.3   1.1   1.1   1.2   1.1   1.2   1.1   4.4   5.5   5.9   5.6   5.4   4.9   5.1   5.1   5.7   4.6   5.1   4.6   4.5   4.2   4.4   4.1   4.0   3.9   3.6   1.8   1.2   1.1   0.9   1.3   1.1   1.2   1.0   1.2   2.3   5.5   6.1   5.5   5.6   5.6   5.5   5.3   5.1   5.4   4.6   4.5   4.3   4.5   4.0   4.5   4.2   3.7   3.8   3.3   1.1   1.2   1.0   1.2   1.0   1.0   1.0   1.1   1.0   4.3   5.7   5.8   5.4   5.8   5.4   5.3   5.1   5.2   4.7   4.8   4.4   4.7   4.4   4.3   3.9   4.3   4.2   4.1   1.8   1.1   1.1   1.1   1.0   1.1   1.2   1.3   1.1   1.7   6.1   5.8   5.9   5.6   5.8   5.1   5.4   5.1   5.2   4.7   5.0   4.7   4.2   4.6   4.7   4.1   3.8   3.9   3.5   1.0   1.3   1.1   1.3   1.0   1.2   1.1   1.0   1.0   3.6   5.7   5.9   5.6   5.7   5.3   5.7   5.0   5.1   4.7   4.8   4.1   4.3 
B: 23.0 22.6 19.3 20.0 20.0 19.6 20.1 19.9 20.3 20.3 20.3 29.9 31.9 31.5 31.4 32.7 32.0 31.1 30.7 31.4 30.2 30.2 29.3 28.6 28.2 28.2 27.4 27.2 26.8 26.9 27.3 23.5 24.0 23.8 24.4 24.3 24.2 24.4 25.1 24.3 35.7 36.0 36.8 34.4 34.9 33.9 33.6 32.6 32.0 31.6 31.1 30.2 30.6 28.5 28.8 28.7 27.7 27.1 27.2 27.2 27.3 27.0 26.4 27.1 24.8 25.0 24.6 24.9 23.5 23.8 24.3 24.9 24.5 35.1 36.1 36.7 36.2 35.9 33.9 33.4 34.3 34.1 32.6 32.3 30.5 30.5 29.5 29.2 29.8 27.7 27.5 27.7 26.6 24.9 25.5 25.4 25.2 24.9 24.6 24.0 24.3 31.8 36.7 38.2 35.2 35.2 35.4 34.5 33.1 33.2 32.9 31.8 30.8 31.5 30.0 29.6 29.5 27.7 27.9 28.1 27.1 24.6 25.0 25.3 25.1 24.5 24.7 25.3 24.5 25.0 36.5 35.8 36.6 36.5 36.2 34.9 35.5 34.0 33.4 31.1 32.3 31.4 30.9 30.5 29.3 29.6 29.5 28.5 28.0 27.1 25.5 25.0 25.2 25.3 24.3 25.4 25.3 24.7 32.3 36.8 35.9 37.1 36.4 35.8 35.6 34.9 33.6 33.9 31.3 31.9 30.1 30.5 29.7 30.6 28.7 28.1 28.4 28.4 24.9 25.1 25.6 23.9 25.2 25.6 23.6 25.5 24.5 35.7 37.4 37.0 36.1 35.4 35.6 34.4 34.2 32.7 32.1 32.0 30.5 30.1 
Direction:  {39 141} n {295 245} n {296 244} {312 228} {294 246} n n n n n {43 137} {59 121} {43 137} {36 144} {40 140} {42 138} n n n n n n n n n n n n n n n n n n n n n n {39 141} n {50 130} n n n n n n n n n n n n n n n n n n n n n n n n n n n n n n n n {34 146} n n n n n n n n n n n n n n n n n n n n n n n n n n n {43 137} n {40 140} {39 141} {37 143} n n n n n n n n n n n n n n n n n n n n n n n {38 142} n n {46 134} {48 132} n n n n n n n n n n n n n n n n n n n n n n n n {38 142} {43 137} n n n {51 129} n n n n n n n n n n n n n n n n n n n n n n {46 134} {38 142} {33 147} {50 130} n n n n n n n n

54.8: Count:   4.5 (  2.8) A:  14.7 [12-59] B:  30.3 [12-121] Phase: 100% 71 (35.0) Direction:  {44 136}
Phase: {502,346,388,394,406,388,438,449,419,512,433,494,486,543,565,562,577,555,681,510,699,678,704,799,757,756,661,908,878,969,952,986,1051,1052,1102,1151,1207,1173,1265,1364,1281,1384,1579,1457,1510,1735,1621,1713,1791,1681,1825,1934,1895,1965,2061,2068,2056,2186,2238,2423,2338,2237,2234,2420,1900,2194,2298,2350,2151,2275,2299,2083,2435,2190,2083,2083,2092,2144,2067,2043,1898,2262,2063,1876,1870,2059,2072,1954,1909,1814,2340,1725,1921,1856,1975,1719,1648,1737,1605,1583,1535,1553,1445,1407,1357,1300,1238,1242,1228,1025,1090,1012,917,1039,894,875,723,887,816,729,685,680,639,585,623,572,599,489,537,468,440,407,355,376,308,355,337,319,344,320,283,264,284,241,238,257,212,204,186,188,186,189,169,168,129,164,153,125,155,139,128,118,127,113,82,135,99,158,117,105,102,125,128,111,108,103,118,110,89,89,161,103,72,89,159,91,104,105,99,111,89,120,80,122,104,119,101,113,125,93,129,132,116,142,132,130,95,145,131,125,112,143,130,136,149,124,162,178,157,185,157,169,203,201,163,238,178,199,227,180,232,258,204,251,272,306,259,245,307,369,312,358,322,353,311,369,425,437,410,441,499,318,528,476,488,485,585,580,474,560,624,699,676,676,641,760,812,688,807,599,1191,676,802,799,956,934,788,864,880,1022,947,869,882,954,956,889,907,878,1033,742,924,860,840,840,883,820,670,934,824,797,710,795,674,553,599,691,642,544,579,605,490,513,507,471,380,510,304,341,457,327,318,356,342,355,335,328,296,284,332,322,266,292,263,320,238,257,276,298,267,258,297,251,306,283,310,255,325,309,255,315,319,333,309,329,314,332,319,345,327,296}
Count:  19.6  17.3   9.7  10.0   9.5   9.0   8.9   7.7   6.5   5.7   5.1   9.0  11.0  10.8   9.5   9.6   8.5   8.3   8.0   7.3   7.3   6.9   6.8   6.3   6.1   5.6   5.1   5.1   5.1   4.5   2.9   1.3   1.4   1.2   1.3   1.1   1.3   1.1   1.1   1.2   6.3   6.3   6.5   5.7   6.5   5.5   5.8   5.4   5.1   5.1   5.4   4.7   5.1   4.5   4.9   4.2   4.1   4.1   3.9   4.1   4.0   3.9   3.8   2.9   1.0   1.1   1.1   1.1   1.0   1.0   1.0   1.0   1.0   4.7   6.1   6.3   6.3   6.1   5.3   5.5   6.0   6.0   4.9   5.5   4.6   4.9   4.7   4.8   4.2   4.3   4.4   4.0   2.0   1.1   1.2   1.2   1.2   1.0   1.1   1.1   1.0   2.3   6.1   6.6   5.8   5.6   5.8   5.8   5.7   5.6   5.5   5.0   5.0   4.7   5.1   4.1   5.2   4.3   4.0   4.1   3.1   1.0   1.2   1.0   1.2   1.0   1.0   1.1   1.2   1.0   4.5   6.1   6.3   5.6   6.3   5.6   5.8   5.7   5.7   5.3   5.1   5.2   5.4   4.7   4.8   4.1   4.5   4.3   4.4   1.9   1.1   1.1   1.1   1.1   1.1   1.1   1.1   1.1   1.8   6.2   6.3   6.3   6.2   6.2   5.6   6.0   5.4   5.2   5.4   5.3   4.9   5.2   4.7   4.8   4.4   4.4   3.8   3.4   0.9   1.1   1.1   1.1   1.0   1.0   1.0   1.2   1.1   3.6   6.2   6.3   5.7   6.3   5.6   5.9   5.3   5.5   5.0   5.4   4.6   4.5 
B: 22.7 22.6 18.6 19.0 19.0 19.2 19.1 19.7 19.5 19.6 19.9 30.3 32.0 31.5 31.9 32.6 31.9 31.4 30.9 31.6 29.9 30.3 29.4 29.1 28.2 28.2 27.8 27.3 26.3 26.8 26.1 22.8 22.8 23.1 23.5 22.9 23.4 24.0 24.2 23.5 35.6 36.8 36.1 35.2 34.2 33.0 33.9 32.7 32.2 30.6 31.8 30.5 30.5 29.1 29.2 28.7 28.1 27.5 27.7 27.0 26.7 26.5 26.2 26.9 24.1 23.9 23.3 23.8 24.3 24.4 22.9 24.2 23.3 36.4 36.4 36.2 36.1 35.2 34.3 32.9 34.3 34.5 32.7 33.6 31.8 30.7 29.6 29.2 29.1 28.7 28.0 27.2 26.2 24.1 24.0 25.0 24.4 24.6 24.5 24.4 25.1 32.5 37.5 38.0 35.3 35.6 34.5 35.1 34.7 32.7 33.0 31.7 31.0 31.8 30.3 30.4 28.8 28.3 28.1 28.2 26.6 24.1 23.5 23.5 24.3 24.5 23.8 24.2 24.0 23.4 36.3 36.1 36.9 36.5 36.0 36.5 34.7 34.5 33.7 32.1 31.6 31.3 31.0 31.2 29.9 28.9 28.9 28.3 28.7 25.4 23.9 24.2 23.3 24.1 23.7 24.1 23.9 24.2 32.8 36.8 37.0 37.0 36.8 36.3 35.4 34.6 33.8 33.2 31.9 32.5 30.6 30.8 30.3 30.5 29.2 27.6 28.5 27.8 24.0 24.0 24.2 23.3 24.6 23.9 24.1 24.2 23.7 35.5 37.7 37.0 36.3 35.6 35.6 35.0 33.4 32.6 32.8 31.7 30.6 31.4 
Direction:  {61 119} {65 115} {299 241} {300 240} {307 233} {293 247} {291 249} {294 246} {299 241} n n n {44 136} {36 144} {48 132} {56 124} {35 145} {53 127} {42 138} {48 132} {61 119} n {36 144} n n n n n n n n n n n n n n n n n {35 145} {44 136} {54 126} n {40 140} n n n n n n n n n n n n n n n n n n n n n n n n n n n n n {39 141} {53 127} {40 140} {35 145} n n n n n n n n n n n n n n n n n n n n n n n n {43 137} {39 141} n {36 144} {39 141} {40 140} {44 136} n n n n n n n n n n n n n n n n n n n n n n {36 144} {61 119} {36 144} {48 132} n n n {51 129} n n n n n n n n n n n n n n n n n n n n {36 144} {39 141} {36 144} {41 139} {61 119} n {37 143} n n n n n n n n n n n n n n n n n n n n n n {45 135} {45 135} n {44 136} n {35 145} n n n n n n

54.9: Count:   4.2 (  2.7) A:  14.8 [12-61] B:  31.8 [12-110] Phase: 100% 72 (29.5) Direction:  {45 135}
Phase: {416,293,301,286,337,358,299,339,399,402,350,374,353,395,453,435,415,455,570,453,551,545,546,656,608,644,620,809,717,796,854,920,949,914,971,1127,1093,1112,1237,1278,1309,1370,1479,1514,1488,1636,1712,1827,1939,1909,1895,2123,2092,2146,2095,2214,2299,2211,2489,2391,2414,2288,2414,2618,2179,2421,2418,2508,2634,2544,2568,2320,2686,2563,2449,2486,2552,2572,2531,2526,2349,2552,2339,2304,2285,2250,2370,2220,2197,2003,2431,1871,2013,1855,2017,1749,1771,1803,1800,1738,1555,1534,1508,1431,1400,1406,1236,1257,1306,977,1133,1006,940,988,909,858,630,780,705,658,583,612,532,479,418,422,449,410,359,373,325,299,331,276,232,303,207,275,241,229,204,216,173,185,178,191,165,168,151,136,130,131,113,150,105,104,115,122,116,92,123,74,99,109,97,99,121,102,87,76,77,96,106,107,93,79,79,93,83,68,156,86,59,94,82,94,75,86,103,93,79,77,102,98,91,75,82,104,104,73,128,116,107,116,96,95,78,136,125,120,132,127,121,125,103,143,156,134,128,133,138,136,134,140,136,155,124,153,164,170,160,191,152,184,196,209,189,134,192,227,148,244,230,229,166,281,260,302,223,265,296,214,303,280,272,286,311,339,273,322,319,363,317,375,357,347,367,361,374,331,706,395,440,454,511,461,452,519,489,552,443,484,460,510,580,548,456,512,631,434,595,464,550,532,557,523,462,538,521,546,500,552,517,416,448,516,493,388,413,450,394,423,445,421,360,453,382,331,433,323,311,375,336,312,300,343,255,295,278,282,265,288,291,317,196,276,272,269,263,260,272,214,245,281,250,204,275,275,263,257,241,270,282,243,278,288,317,282,278,269}
Count:  18.7  16.0   8.5   8.8   8.4   7.5   7.6   6.4   5.7   4.8   3.9   7.9  10.1   9.8   9.1   9.2   8.2   8.2   7.3   7.6   7.0   6.4   6.2   6.1   5.5   5.5   4.8   4.7   4.5   4.4   2.5   0.9   1.2   0.8   1.0   0.8   1.0   0.7   0.9   0.7   6.2   6.6   6.2   5.8   6.0   5.2   5.7   4.9   4.9   4.8   4.9   4.4   4.8   4.1   4.6   4.0   4.0   3.7   3.7   3.6   3.6   3.6   3.4   2.5   0.8   0.8   0.8   0.7   0.6   0.7   0.7   0.8   0.8   4.2   6.1   5.8   5.9   6.0   5.2   5.1   5.5   5.7   5.0   4.9   4.7   5.0   4.2   4.4   3.7   4.0   4.0   3.8   1.6   0.7   0.9   0.8   0.7   0.8   0.8   0.9   0.6   2.1   6.2   6.5   5.5   5.7   5.6   5.6   5.6   5.0   5.0   5.0   4.7   4.4   4.6   3.7   4.9   3.8   3.9   4.0   3.0   0.6   0.8   0.6   0.7   0.7   0.7   0.7   0.8   0.8   4.4   6.2   5.9   5.6   6.1   5.4   5.7   5.5   5.5   4.9   5.3   5.0   4.6   4.5   4.3   3.6   4.2   4.0   4.2   1.4   0.8   0.7   0.7   0.8   0.6   0.7   0.7   0.7   1.4   5.6   5.9   6.0   6.4   6.2   5.5   5.5   5.4   5.1   5.1   5.2   4.7   4.8   4.5   4.6   4.3   3.8   3.6   3.3   0.7   0.8   0.7   0.8   0.7   0.7   0.7   0.7   0.6   3.4   6.4   6.3   5.8   6.1   5.4   5.8   5.2   5.2   5.2   5.1   4.4   4.3 
B: 22.8 22.9 18.5 18.5 18.9 18.9 18.9 19.2 19.1 19.0 19.9 32.8 33.3 33.1 32.9 33.7 34.2 32.6 32.5 33.1 31.5 31.5 30.2 30.6 29.5 29.7 29.1 28.5 28.5 27.8 27.3 23.0 22.2 20.9 21.6 21.5 21.8 22.1 21.5 21.8 37.9 38.4 37.2 37.6 36.8 35.9 34.9 34.5 33.6 33.1 32.6 31.9 31.5 31.0 31.5 29.6 29.4 28.6 29.5 28.6 27.6 28.0 27.1 27.6 22.9 21.7 22.6 22.6 23.9 21.8 22.1 22.9 22.4 37.1 39.3 38.2 38.4 36.8 35.7 34.8 35.9 35.6 33.5 33.8 32.7 32.4 30.8 30.9 30.7 30.1 29.0 29.2 27.6 21.9 23.3 22.2 22.5 23.2 22.5 22.5 22.2 37.1 39.2 38.5 38.7 37.1 36.3 37.7 35.7 34.2 34.9 34.0 33.5 31.8 31.6 30.6 30.3 30.6 29.8 30.1 28.4 22.9 22.4 21.8 22.7 23.3 22.1 21.9 22.9 22.8 37.1 38.1 37.8 38.0 37.3 37.6 36.5 36.2 35.6 34.0 33.3 32.8 32.3 32.3 31.6 30.0 30.0 30.3 30.3 26.3 22.4 23.0 22.5 22.7 23.1 23.2 23.6 21.8 33.7 37.7 38.1 38.6 38.3 37.7 37.6 36.3 35.8 34.3 33.6 32.6 33.0 31.8 31.7 31.4 30.8 29.0 29.8 29.5 22.2 22.2 21.9 23.0 23.1 22.5 22.8 22.0 23.1 38.7 38.9 38.4 37.4 36.9 37.6 37.5 34.9 34.5 34.9 32.7 32.4 31.8 
Direction:  {45 135} n n n n n n n n n n n {39 141} {50 130} {42 138} {50 130} {42 138} {41 139} {46 134} {52 128} {42 138} {48 132} {43 137} {45 135} n n n n n n n n n n n n n n n n {44 136} {48 132} {50 130} {45 135} {42 138} {48 132} {32 148} {48 132} n n n n n n n n n n n n n n n n n n n n n n n n n n {48 132} {50 130} {43 137} {51 129} {42 138} n {59 121} n {48 132} {39 141} n {42 138} n n n n n n n n n n n n n n n n {42 138} {42 138} {52 128} {48 132} {47 133} {53 127} {41 139} n {48 132} {35 145} n n n n n n n n n n n n n n n n n n n {42 138} {48 132} {51 129} {41 139} {33 147} {48 132} {40 140} {58 122} n n n n n n n n n n n n n n n n n n n n {44 136} {37 143} {42 138} {44 136} {44 136} {47 133} {45 135} {42 138} n {45 135} n n n n n n n n n n n n n n n n n n n {48 132} {45 135} {45 135} {38 142} {44 136} {47 133} n {51 129} n n n n

55.0: Count:   3.9 (  2.6) A:  14.8 [12-49] B:  33.1 [12-108] Phase: 100% 73 (25.5) Direction:  {45 135}
Phase: {368,226,245,253,326,290,287,291,325,316,266,339,306,341,361,339,346,396,409,382,451,528,482,541,527,564,530,687,660,670,649,733,891,850,856,925,869,1046,1115,1176,1181,1305,1401,1418,1376,1596,1420,1701,1748,1760,1726,1976,1879,2008,2070,2082,2274,2133,2374,2518,2432,2486,2526,2785,2433,2697,2807,2874,2830,2760,2833,2691,3041,2941,2907,2846,2990,2907,2903,2885,2621,2799,2702,2625,2555,2652,2643,2417,2325,2173,2646,1971,2027,1980,1999,1769,1743,1621,1590,1553,1424,1457,1353,1438,1233,1177,1174,1112,1149,942,931,907,862,780,785,696,599,687,591,540,533,502,493,405,378,343,409,315,356,313,295,232,301,243,239,237,185,201,183,163,154,172,155,159,130,130,137,128,120,125,115,138,139,90,86,111,101,90,108,65,92,89,92,93,86,103,96,106,85,56,64,79,79,69,62,71,88,63,73,79,124,78,70,79,82,77,63,72,91,113,87,76,67,85,94,89,95,107,90,71,103,76,84,76,92,105,73,87,96,104,85,104,112,94,94,118,83,85,124,117,101,108,92,119,109,131,103,149,131,116,116,154,117,141,137,152,119,97,119,156,139,132,146,163,99,138,164,160,165,166,205,161,190,200,176,146,212,185,196,207,199,246,187,217,194,222,297,225,241,199,462,195,242,238,254,296,237,281,252,333,289,292,269,263,328,281,277,340,388,284,354,281,326,363,333,351,291,387,372,306,315,463,315,299,339,340,323,323,289,344,303,322,353,332,271,339,210,259,309,257,236,261,243,229,276,296,233,223,273,273,229,258,219,232,169,215,257,243,199,178,241,166,217,220,199,205,250,235,263,233,222,248,226,233,185,219,250,248,266,229}
Count:  16.9  14.8   8.2   8.1   7.0   7.0   6.5   5.3   4.5   3.8   3.3   7.3   9.5   9.2   8.5   8.3   7.6   7.7   6.8   7.0   6.4   6.3   5.5   5.9   4.9   5.1   4.3   4.1   3.9   3.9   2.1   0.6   0.6   0.7   0.6   0.6   0.6   0.6   0.6   0.7   6.1   6.3   6.1   5.9   5.7   5.1   5.3   4.6   4.9   4.3   4.6   4.0   4.6   4.0   4.2   3.6   3.7   3.1   3.7   3.7   3.3   3.2   2.8   2.2   0.6   0.6   0.5   0.6   0.5   0.5   0.5   0.6   0.6   4.6   5.8   5.7   5.7   5.6   5.3   5.3   5.0   5.6   4.5   4.7   4.7   4.4   3.8   4.2   3.3   3.8   3.3   3.3   1.4   0.6   0.5   0.5   0.5   0.5   0.6   0.5   0.6   1.9   6.1   6.3   5.8   5.7   4.9   5.7   5.1   4.9   4.9   4.9   4.3   4.5   4.1   3.8   3.9   3.8   3.4   3.5   2.8   0.5   0.6   0.4   0.5   0.5   0.6   0.5   0.4   0.5   4.4   5.9   5.9   5.5   5.9   5.3   5.6   5.2   5.4   4.2   4.9   4.5   4.3   4.1   4.0   3.6   4.0   3.5   4.1   1.1   0.6   0.6   0.5   0.6   0.5   0.5   0.5   0.5   1.3   5.8   6.1   5.7   6.1   6.2   5.3   5.1   5.1   5.0   4.5   5.0   4.7   4.3   4.1   4.0   3.7   3.7   3.2   2.9   0.5   0.6   0.5   0.6   0.6   0.5   0.5   0.6   0.5   3.7   6.3   6.1   5.4   5.8   5.3   5.5   5.0   5.0   4.6   4.9   4.3   3.8 
B: 22.9 22.9 18.1 18.2 18.1 18.6 18.0 18.6 18.7 19.2 19.2 34.7 35.3 34.6 34.4 35.1 34.9 33.9 34.0 34.4 33.1 32.4 31.9 33.0 30.9 30.5 30.4 29.6 28.8 30.0 28.1 21.2 22.7 21.8 21.7 22.2 21.8 21.1 21.8 22.1 39.7 40.0 38.8 38.4 37.9 37.0 36.0 34.8 35.3 34.5 33.4 32.7 33.2 31.5 32.2 30.9 29.6 30.0 30.4 30.4 30.0 29.0 29.1 27.2 22.0 22.2 20.6 21.0 23.7 22.4 20.6 21.6 22.5 38.3 41.6 38.3 39.0 38.1 36.9 37.0 37.5 37.0 35.1 34.2 34.0 32.8 32.9 32.2 30.9 31.0 29.7 30.7 29.4 22.7 21.7 22.0 21.6 21.3 21.6 21.9 21.4 37.5 39.5 40.2 39.5 38.0 37.8 38.3 37.3 35.8 36.0 35.9 34.2 33.9 32.5 32.0 30.7 30.9 31.7 31.1 30.0 23.5 22.6 21.5 22.2 21.8 21.1 20.3 22.6 21.1 39.2 39.9 39.6 38.1 38.8 38.2 38.0 37.1 36.3 35.2 34.8 34.3 33.4 32.6 32.6 31.7 31.9 31.2 31.5 26.9 21.8 21.9 21.5 21.1 23.0 22.3 21.6 22.7 36.4 40.5 38.7 39.5 38.4 38.9 38.2 37.1 38.0 35.2 35.3 33.8 33.7 32.6 32.5 31.8 31.2 31.0 30.8 30.7 22.3 22.7 22.2 21.2 23.0 20.0 22.2 21.3 24.3 38.7 39.5 38.9 38.5 39.2 38.6 37.2 35.9 35.6 35.9 35.6 33.7 33.4 
Direction:  {55 125} {48 132} n n n n n n n n n {44 136} {47 133} {44 136} {47 133} {35 145} {48 132} {43 137} {45 135} {48 132} {38 142} {56 124} n {42 138} n n n n n n n n n n n n n n n n {45 135} {44 136} {34 146} {48 132} {48 132} {47 133} {38 142} n {51 129} {53 127} n n n n n n n n n n n n n n n n n n n n n n n {46 134} {42 138} {50 130} {42 138} {50 130} {41 139} {43 137} {50 130} {44 136} {48 132} n n n n n n n n n n n n n n n n n n n {40 140} {48 132} {48 132} {47 133} {46 134} {56 124} {47 133} {41 139} {37 143} {42 138} n n n n n n n n n n n n n n n n n n {44 136} {45 135} {44 136} {42 138} {50 130} {55 125} {46 134} {55 125} {47 133} n {50 130} n n n n n n n n n n n n n n n n n n {48 132} {40 140} {48 132} {45 135} {45 135} {41 139} {48 132} {32 148} {41 139} {54 126} {46 134} n n n n n n n n n n n n n n n n n n {44 136} {41 139} {35 145} {48 132} {41 139} {50 130} {40 140} {57 123} n {48 132} n n

55.1: Count:   4.0 (  2.6) A:  14.9 [12-56] B:  31.8 [12-100] Phase: 87% 72 (25.6) Direction:  {44 136}  12% 79 (13.1) Direction:  {50 130}
Phase: {391,231,297,271,324,338,333,338,345,375,310,341,347,387,404,401,419,438,486,480,538,539,561,579,600,627,587,770,749,748,755,847,861,836,916,1028,967,1039,1040,1184,1256,1256,1390,1305,1354,1548,1532,1548,1704,1655,1709,1791,1794,1828,2018,2055,2082,2033,2258,2219,2291,2225,2554,2736,2243,2435,2382,2722,2678,2610,2765,2630,2805,2947,2752,2802,2799,2812,2701,2660,2613,2787,2613,2527,2468,2376,2429,2180,2256,2038,2468,1884,2001,1835,1952,1693,1610,1525,1681,1685,1330,1354,1262,1334,1242,1115,1123,1112,1079,828,904,903,876,829,707,694,598,713,694,606,571,585,529,475,477,418,428,407,379,376,337,358,311,331,268,308,226,259,285,183,193,205,181,188,195,186,153,145,118,140,138,144,145,134,98,94,133,93,128,111,115,74,107,103,105,83,94,78,78,87,98,78,79,75,55,88,99,86,68,76,127,69,63,79,92,77,64,79,82,84,80,90,74,89,108,80,97,114,129,84,120,76,84,114,115,122,81,118,114,113,114,132,109,94,88,141,109,99,129,136,121,125,140,156,105,166,120,169,153,144,127,153,142,167,175,161,178,150,144,222,144,210,177,198,138,209,219,251,206,224,249,164,247,263,226,245,290,261,210,263,267,341,328,316,283,341,344,305,312,278,605,269,338,353,454,411,388,380,371,505,399,441,374,438,481,446,398,412,481,408,567,465,483,421,510,450,314,468,474,385,430,535,454,381,424,491,409,377,411,415,332,371,421,349,314,468,285,350,372,329,315,328,285,319,263,296,266,240,282,334,253,263,241,269,185,221,266,230,218,219,261,175,285,236,207,214,245,246,207,205,214,268,236,213,258,265,286,236,240,247}
Count:  16.6  15.6   8.1   8.5   7.5   7.7   7.2   5.9   4.9   4.4   3.6   7.9  10.1   9.4   8.9   8.9   8.1   7.4   6.9   7.0   6.4   6.3   5.5   5.8   4.9   5.4   4.6   4.3   3.9   4.0   2.3   0.8   0.7   0.7   0.8   0.7   0.8   0.7   0.5   0.8   6.3   6.3   5.9   5.8   5.6   5.3   5.1   4.8   5.2   4.1   4.5   4.3   4.3   4.1   4.2   3.5   3.6   3.7   3.9   3.3   3.4   2.9   2.7   2.3   0.5   0.7   0.7   0.8   0.6   0.6   0.6   0.7   0.6   4.8   6.3   5.7   5.8   5.7   5.5   5.1   5.3   5.5   5.0   4.7   4.8   4.5   3.8   4.0   3.7   3.8   3.2   3.3   1.5   0.7   0.7   0.7   0.6   0.6   0.6   0.7   0.7   2.3   6.2   6.9   5.9   5.9   5.0   5.7   5.5   5.2   4.9   5.0   4.2   4.7   4.1   3.9   4.0   3.5   3.5   3.7   2.8   0.6   0.7   0.5   0.7   0.5   0.6   0.6   0.6   0.7   4.9   5.9   6.0   5.5   5.6   5.3   5.5   5.3   5.5   4.5   4.8   4.2   4.3   4.0   4.0   3.7   3.9   3.3   4.0   1.1   0.8   0.6   0.6   0.8   0.6   0.6   0.7   0.5   1.5   5.9   6.5   5.8   6.2   5.8   5.6   5.4   5.2   5.0   4.8   4.9   4.6   4.2   4.1   4.0   4.0   3.4   3.2   2.9   0.6   0.6   0.6   0.6   0.6   0.6   0.7   0.5   0.6   3.8   6.2   6.0   5.6   5.9   5.4   5.6   4.9   4.9   4.7   5.0   4.3   4.1 
B: 22.1 21.5 17.6 17.9 17.6 17.7 17.6 17.8 18.2 18.3 17.9 33.6 32.5 33.1 33.2 34.1 33.5 32.4 32.1 33.0 31.6 31.3 31.1 31.7 29.6 29.6 28.7 28.5 27.6 28.4 26.5 20.3 20.7 20.8 20.5 21.2 20.3 21.0 20.1 20.3 38.0 38.6 38.2 37.0 35.3 36.6 36.0 33.6 34.3 33.4 31.5 31.6 33.2 30.0 31.4 29.2 29.9 29.1 29.7 29.5 28.1 28.6 27.4 27.0 19.8 22.0 20.4 22.2 21.7 22.2 21.4 21.7 21.2 38.6 39.5 36.6 38.2 37.3 36.4 36.2 36.1 36.1 34.8 33.1 32.8 32.4 31.0 30.7 30.7 30.1 28.5 29.4 28.1 22.1 20.8 20.6 21.1 22.2 22.3 21.0 22.1 37.0 38.3 39.3 37.9 37.0 36.1 36.3 35.4 33.8 35.2 34.8 32.0 31.5 31.8 31.7 30.8 29.5 30.0 29.8 29.2 22.6 22.4 21.6 21.2 20.8 22.5 20.2 21.1 20.9 38.5 38.4 37.8 36.7 36.8 36.6 36.0 35.4 36.0 33.6 34.6 32.9 32.6 31.4 31.6 31.0 30.8 29.8 29.6 26.1 21.1 21.3 20.7 20.5 19.8 20.7 20.5 21.9 35.9 38.9 38.4 37.5 38.1 38.1 37.5 35.8 36.4 33.7 34.7 33.2 32.9 31.0 31.9 31.4 30.8 29.6 29.6 28.8 21.7 20.4 22.3 22.5 21.0 20.0 21.6 20.9 21.3 36.8 38.7 37.9 37.2 38.2 37.1 37.0 34.2 33.7 34.8 34.0 33.0 32.0 
Direction:  n {73 107} n n n n n n n n n {24 156} {47 133} {40 140} {49 131} {45 135} {43 137} {47 133} {41 139} {40 140} {53 127} {51 129} n {49 131} n {46 134} n n n n n n n n n n n n n n {45 135} {47 133} {48 132} {41 139} {44 136} {43 137} {42 138} {45 135} {45 135} n n n n n n n n n n n n n n n n n n n n n n n n {43 137} {47 133} {46 134} {46 134} {45 135} {46 134} {48 132} {49 131} {47 133} {44 136} n {38 142} n n n n n n n n n n n n n n n n n {48 132} {52 128} {52 128} {41 139} {50 130} {47 133} {51 129} {46 134} n {42 138} n n n n n n n n n n n n n n n n n n {46 134} {43 137} {47 133} {41 139} {44 136} {52 128} {50 130} {43 137} {49 131} n n n n n n n n n n n n n n n n n n n n {48 132} {54 126} {44 136} {43 137} {46 134} {44 136} {44 136} {38 142} {48 132} {51 129} {44 136} {44 136} n n n n n n n n n n n n n n n n n {47 133} {50 130} {44 136} {53 127} {48 132} {47 133} {39 141} {51 129} {45 135} n n n

55.2: Count:   4.5 (  2.8) A:  15.0 [12-60] B:  28.3 [12-105] Phase: 100% 71 (35.0) Direction:  {44 136}
Phase: {518,302,363,352,472,363,388,438,422,529,437,516,431,584,519,586,516,603,699,505,716,695,766,718,787,814,727,896,872,944,983,942,1028,956,1007,1152,1221,1246,1255,1292,1292,1356,1478,1531,1431,1683,1661,1595,1734,1636,1668,1852,1652,1899,1907,2004,1927,1872,2013,2078,1946,1946,1999,2246,1750,2106,2017,2196,2170,2160,2156,1984,2288,2168,2170,2128,2103,2073,1882,1985,2015,1951,1931,2049,1922,1874,1960,1851,1896,1685,2169,1605,1658,1702,1720,1609,1507,1512,1488,1491,1443,1409,1341,1420,1258,1341,1114,1194,1226,1069,1063,1044,1047,952,874,903,742,852,775,812,763,750,711,574,614,629,534,562,503,521,427,477,450,406,313,441,305,302,386,295,301,352,289,247,238,210,235,193,233,194,204,181,167,197,131,185,194,155,119,135,166,122,182,137,110,116,102,94,102,128,86,134,98,79,119,85,106,99,110,97,136,97,79,121,107,86,100,114,110,109,97,89,75,133,113,124,96,114,126,105,126,78,106,131,129,154,102,158,112,149,124,145,151,132,131,198,162,142,144,205,150,156,234,190,166,284,172,197,243,219,249,225,244,241,263,310,276,267,316,368,375,392,429,431,282,449,400,459,437,375,584,372,608,620,562,601,720,654,589,660,633,906,817,691,759,851,964,847,745,654,1668,725,865,903,1205,993,930,865,936,1219,888,918,896,976,1134,916,955,1045,1090,716,1123,813,916,938,897,852,655,915,857,884,714,912,707,540,581,631,632,583,582,627,548,473,626,483,372,539,392,428,456,397,393,421,400,313,380,340,350,258,313,363,306,338,292,379,247,309,345,325,276,311,344,246,329,282,277,289,293,274,293,279,304,322,365,330,246,345,363,289,326,278}
Count:  18.1  16.9  10.0  10.3   9.5   9.8   9.8   8.7   7.3   6.8   5.2   9.9  11.3  11.1  10.6   9.9   8.8   8.4   7.8   7.9   6.9   6.7   6.6   6.4   5.7   5.9   5.4   5.1   4.6   4.6   2.9   1.4   1.3   1.3   1.6   1.3   1.3   1.3   1.1   1.2   6.8   6.7   6.3   6.4   6.3   5.9   5.4   5.5   5.6   4.7   4.9   4.9   4.8   4.6   4.5   3.7   3.9   4.0   4.3   3.6   3.8   3.2   3.3   2.6   1.0   1.2   1.1   1.2   1.2   1.1   1.0   1.0   0.9   5.0   6.6   6.0   5.9   6.0   6.0   5.4   5.5   5.5   5.0   5.0   4.7   4.8   4.3   4.3   4.0   4.3   3.6   3.8   1.8   1.0   1.1   1.1   1.0   1.0   1.1   1.2   1.1   2.4   6.3   6.6   6.2   6.4   5.2   5.8   5.7   5.7   4.8   5.2   4.5   4.8   4.4   4.5   4.3   4.1   3.9   3.8   3.2   1.0   1.1   1.1   1.1   1.0   0.9   1.0   0.9   0.9   5.1   6.2   6.5   5.7   5.8   5.6   5.6   5.4   5.6   5.0   5.2   4.5   4.7   4.5   4.4   3.9   4.1   3.7   4.5   1.5   1.1   0.9   1.1   1.2   1.2   1.0   0.9   0.9   1.9   6.4   6.9   6.0   6.5   6.2   5.9   5.2   5.6   4.8   5.3   4.9   5.1   4.4   4.7   4.3   4.0   3.9   3.3   3.1   0.9   1.0   1.0   1.0   0.9   1.3   1.0   1.1   1.1   4.3   6.6   6.3   6.0   6.2   5.8   5.8   5.1   5.1   4.7   5.2   4.8   4.7 
B: 20.8 20.2 16.9 17.2 17.2 17.2 17.1 17.3 17.0 17.1 17.3 27.5 29.0 28.7 28.6 30.3 29.3 28.3 28.2 29.3 28.9 27.0 27.3 27.5 26.8 25.5 25.7 25.4 24.8 24.6 22.0 19.1 19.3 19.0 19.5 19.5 20.1 19.6 19.4 20.1 34.5 35.0 35.0 34.4 32.7 32.3 31.2 31.4 30.5 29.2 29.3 29.4 28.5 27.7 28.0 26.3 26.5 26.4 26.6 25.7 24.8 26.3 25.0 24.2 19.6 20.7 19.7 20.8 20.1 19.8 20.3 20.5 20.6 35.2 35.5 33.0 34.4 33.8 32.9 32.7 32.5 31.5 31.2 30.5 30.4 30.0 28.6 28.0 26.4 26.2 25.9 27.5 25.3 20.1 19.5 20.2 19.5 20.0 20.5 19.8 19.7 33.1 34.9 35.2 34.6 33.2 32.3 33.1 32.5 30.8 31.5 30.6 29.8 29.2 28.8 28.5 28.1 26.7 27.2 26.3 25.9 20.1 20.5 20.6 20.3 21.1 19.0 20.0 20.2 20.2 34.8 34.0 34.3 34.6 33.9 32.8 33.5 31.9 32.4 30.2 31.4 29.5 29.4 28.0 28.5 28.7 28.0 26.0 26.7 24.0 20.2 20.7 20.0 19.9 20.5 19.9 20.3 20.0 32.9 35.6 36.2 33.5 34.6 34.2 33.7 33.6 33.2 30.8 30.3 30.0 29.6 28.4 28.7 27.7 27.6 27.6 26.8 26.3 19.8 20.5 21.0 20.5 19.4 19.5 20.7 19.1 20.2 33.4 36.0 34.1 34.5 35.6 34.0 33.0 32.3 31.2 30.3 30.7 30.4 28.6 
Direction:  {295 245} {314 226} {307 233} {287 253} {299 241} {299 241} {285 255} {288 252} {292 248} {313 227} n {303 237} {47 133} {37 143} {37 143} {46 134} {53 127} n n {47 133} n n n n n n n n n n n n n n n n n n n n {41 139} {47 133} {45 135} {37 143} {36 144} n n n n n n n n n n n n n n n n n n n n n n n n n n n n n {44 136} n n n {43 137} n n n n n n n n n n n n n n n n n n n n n n n {38 142} {46 134} {42 138} {44 136} n {41 139} {41 139} n n n n n n n n n n n n n n n n n n n n n n {32 148} {49 131} {34 146} {49 131} {44 136} n n n n n n n n n n n n n n n n n n n n n n n {54 126} {37 143} {52 128} {47 133} {61 119} {47 133} {42 138} n n {51 129} n n n n n n n n n n n n n n n n n n n {44 136} {44 136} {47 133} {44 136} {46 134} {41 139} n n n n n n

55.3: Count:   4.9 (  2.9) A:  15.0 [12-48] B:  26.1 [12-100] Phase: 10% 287 (61.1) Direction:  {315 225}  59% 104 (23.2) Direction:  n  92% 54 (26.1) Direction:  {32 148}  38% 286 (38.0) Direction:  {314 226}  10% 287 (34.5) Direction:  {315 225}
Phase: {698,412,439,525,571,543,549,511,587,695,562,644,597,735,702,685,779,817,876,741,844,825,927,987,967,1035,907,1219,1122,1166,1189,1278,1258,1263,1246,1395,1407,1400,1494,1563,1438,1494,1666,1603,1423,1696,1600,1633,1724,1699,1643,1801,1685,1652,1701,1832,1664,1641,1775,1717,1657,1679,1738,1960,1625,1687,1747,1802,1756,1733,1825,1632,1874,1763,1788,1830,1808,1789,1557,1688,1841,1878,1796,1549,1635,1651,1679,1622,1558,1386,2017,1451,1574,1452,1519,1451,1464,1451,1406,1465,1332,1296,1360,1287,1231,1200,1226,1177,1253,1005,1212,1037,1096,1044,1040,1078,854,1091,925,903,841,870,921,781,798,757,761,617,617,659,613,621,592,534,471,573,487,454,508,379,381,394,335,348,295,313,309,280,266,294,234,238,240,279,177,230,211,176,173,190,162,164,184,170,169,162,152,154,136,155,139,158,132,123,138,156,142,117,143,123,188,87,108,111,143,131,117,153,159,143,119,127,127,138,117,129,137,139,163,119,158,162,148,192,180,185,131,159,170,157,151,185,204,190,178,216,179,213,183,245,221,179,227,236,205,311,240,287,351,272,244,367,301,362,351,376,338,326,386,482,394,410,487,474,348,500,536,584,632,508,696,483,706,738,620,631,832,742,586,744,722,985,895,825,803,1016,1130,904,896,715,1871,760,961,1018,1315,1198,945,1026,1211,1466,996,1170,1058,1230,1431,1117,1125,1290,1358,934,1368,1103,1165,1135,1293,1167,883,1181,1109,1073,1034,1202,939,825,908,1032,851,858,848,907,723,748,841,756,609,907,577,619,677,587,589,640,553,530,555,615,557,440,564,545,437,475,508,507,334,395,450,488,430,382,451,326,441,401,369,362,421,397,393,419,436,453,419,412,370,422,518,443,433,491}
Count:  18.3  17.8  11.1  11.2  10.0  10.9  11.0   9.8   9.1   7.9   6.4  10.5  12.7  11.8  10.9  10.3   9.3   9.3   8.7   8.3   7.4   7.2   7.0   6.6   6.4   5.9   5.6   5.3   4.5   4.9   3.1   1.8   1.8   1.7   1.9   1.8   1.6   1.6   1.6   1.7   7.2   6.6   6.4   7.1   6.5   6.0   5.3   5.6   6.0   5.0   5.0   4.9   5.2   4.9   4.7   4.1   4.7   4.3   4.3   4.0   4.0   3.7   3.8   3.2   1.6   1.5   1.6   1.5   1.5   1.3   1.4   1.3   1.3   5.2   6.8   6.1   6.0   6.1   5.9   5.7   5.4   6.0   5.6   5.0   5.2   5.2   4.9   4.6   4.5   4.5   4.1   4.3   2.5   1.4   1.2   1.4   1.3   1.8   1.6   1.5   1.5   3.1   6.1   6.7   6.2   6.9   5.7   6.1   5.9   5.6   4.9   5.6   4.9   5.0   5.0   5.0   4.4   4.6   4.8   4.1   3.4   1.5   1.5   1.5   1.5   1.3   1.4   1.2   1.3   1.4   5.6   6.6   6.8   6.0   6.0   6.1   5.9   6.1   5.9   5.1   5.4   4.9   5.0   4.9   5.1   4.2   4.8   3.9   4.3   2.0   1.3   1.4   1.5   1.6   1.5   1.3   1.3   1.2   2.5   6.3   6.9   6.2   6.8   6.1   6.1   5.7   5.9   5.3   5.5   5.6   5.8   5.0   4.9   4.7   4.3   4.4   3.8   3.5   1.3   1.6   1.3   1.4   1.4   1.5   1.3   1.4   1.5   5.0   6.9   6.7   6.1   6.0   5.9   5.9   5.5   5.9   5.0   5.6   4.9   4.9 
B: 20.0 19.6 16.4 17.0 16.8 16.6 16.6 16.7 16.8 17.0 17.0 25.2 26.6 26.3 26.3 27.5 26.7 25.8 26.0 27.0 26.2 25.6 25.4 25.1 24.6 24.0 23.6 23.8 22.3 23.1 21.1 19.2 18.5 19.4 19.2 18.8 19.4 18.4 18.6 20.9 32.0 32.3 31.8 31.4 29.8 29.8 29.7 29.6 27.7 26.9 27.2 26.2 26.9 25.3 26.1 24.0 24.7 23.6 24.8 24.5 23.1 22.9 22.9 22.5 18.8 19.7 19.3 18.7 19.9 19.1 19.4 19.3 19.2 31.7 32.8 31.5 31.5 30.1 30.1 29.0 31.1 29.9 28.6 28.6 28.2 27.2 25.8 25.5 25.1 24.4 23.8 24.8 23.0 18.9 19.2 19.7 19.2 19.7 19.6 19.3 19.0 30.1 31.6 31.7 32.2 30.7 30.2 30.7 29.9 28.4 29.6 27.8 27.0 26.5 26.3 26.8 25.5 25.5 25.1 24.0 24.0 19.2 19.4 19.4 19.3 19.7 20.2 19.5 19.3 19.6 31.5 31.8 31.6 31.9 31.7 30.5 31.1 30.1 29.6 28.9 28.4 27.5 27.0 26.2 26.4 25.5 25.3 24.2 24.7 22.0 19.3 19.2 19.1 19.2 20.2 19.7 19.4 19.6 28.9 34.0 32.9 30.4 31.1 31.0 31.6 30.6 30.1 28.5 27.8 27.7 28.2 26.1 26.6 25.0 25.3 25.1 24.4 23.3 19.7 19.6 19.5 19.3 19.1 18.9 20.3 19.8 18.7 31.2 31.2 32.3 31.4 31.9 31.0 31.0 29.5 29.5 28.4 29.3 28.0 26.7 
Direction:  {295 245} {296 244} {313 227} {302 238} n {300 240} {297 243} {300 240} {316 224} {297 243} {318 222} {306 234} {42 138} {34 146} {37 143} n n n n n n n n n n n n n n n n n n n n n n n n n {28 152} n n n n n n n n n n n n n n n n n n n n n n n n n n n n n n n n n {29 151} n n n n n n n n n n n n n n n n n n n n n n n n n n n n {42 138} n {58 122} n n n n n n n n n n n n n n n n n n n n n n n n n n {62 118} n n n n n n n n n n n n n n n n n n n n n n n n n n n n n {24 156} n n n n n n n n n n n n n n n n n n n n n n n n n n n n n n n n n n n n n

55.4: Count:   4.8 (  2.6) A:  15.0 [12-49] B:  24.9 [12-102] Phase: 49% 309 (58.7) Direction:  {330 210}  104% 73 (25.1) Direction:  {45 135}
Phase: {831,454,545,584,611,590,534,587,618,679,617,648,641,759,762,779,808,720,865,721,817,814,807,963,946,974,818,1150,1032,1063,1046,1167,1065,1095,1175,1193,1257,1348,1251,1379,1304,1355,1519,1516,1351,1657,1496,1654,1577,1632,1592,1804,1701,1722,1818,1859,1819,1721,1764,1854,1874,1775,1849,1935,1607,1842,1845,1860,1932,1757,1777,1603,1903,1675,1783,1730,1792,1803,1751,1707,1692,1880,1679,1645,1589,1649,1725,1608,1452,1439,1936,1347,1492,1477,1460,1392,1363,1351,1387,1441,1268,1200,1068,1180,1217,1100,1129,1085,1117,863,1053,979,985,919,935,893,663,911,878,730,723,708,675,634,639,664,628,571,527,571,484,480,507,505,430,495,342,418,393,349,356,362,323,337,305,352,264,267,279,274,266,263,269,258,190,245,181,179,218,198,223,117,217,158,173,146,179,183,130,146,124,186,155,145,136,149,165,141,122,123,224,99,125,135,170,128,134,141,136,164,143,138,118,145,149,147,172,168,159,136,203,147,179,174,161,171,88,167,186,178,160,205,193,174,214,199,214,211,192,248,174,192,291,244,189,287,227,240,273,214,259,340,280,263,275,334,263,280,345,382,343,399,390,468,306,477,437,411,480,416,537,404,565,551,531,465,633,634,561,582,509,766,632,634,614,758,856,676,650,552,1443,622,662,805,1073,889,890,830,938,1142,858,914,974,1041,1126,915,1041,1075,1133,823,1240,957,1104,1149,1217,1125,834,1297,1165,1100,984,1331,1190,936,996,1150,1027,982,956,1212,917,911,1211,999,800,1226,812,880,1060,839,832,887,798,787,723,814,667,636,710,784,631,708,682,675,555,639,685,716,600,522,690,469,600,535,552,482,582,621,467,553,470,571,571,480,534,498,605,562,503,475}
Count:  17.6  16.3  10.2  10.4   9.5   9.8   9.4   9.0   7.7   6.8   5.9   9.9  11.5  10.9  10.1   9.7   9.0   8.6   8.2   7.9   7.3   7.1   6.6   6.3   6.1   6.1   5.0   5.2   4.4   4.9   3.3   2.2   2.2   2.0   1.7   1.9   1.9   1.9   2.0   2.0   6.6   6.7   6.2   6.3   5.9   5.8   5.5   5.5   5.7   5.0   5.0   5.1   5.0   4.9   4.7   4.1   4.5   4.4   4.6   4.2   4.2   3.8   4.0   3.2   1.6   1.7   1.8   1.6   1.7   1.6   1.6   1.7   1.6   5.4   7.2   6.3   5.7   5.7   6.1   5.1   5.5   5.7   5.8   4.9   5.1   4.9   4.6   4.6   4.5   4.4   4.1   4.1   2.5   1.8   1.4   1.6   1.6   1.7   1.8   1.8   1.7   3.2   6.0   6.4   6.1   6.7   5.5   5.8   5.7   5.7   5.3   5.5   4.9   4.7   4.6   4.8   4.3   4.6   4.9   4.4   3.7   1.6   1.7   1.6   1.7   1.5   1.6   1.5   1.5   1.6   5.6   6.3   6.6   5.7   6.0   5.4   5.8   5.6   5.3   5.3   5.3   4.6   4.8   5.1   4.7   4.5   4.6   4.1   4.2   2.2   1.7   1.7   1.8   1.8   1.8   1.5   1.5   1.5   2.8   6.5   7.1   6.2   6.5   5.8   5.8   5.5   5.7   4.9   5.3   5.4   5.5   4.7   5.2   4.6   4.7   4.5   4.3   3.5   1.6   1.8   1.4   1.7   1.5   1.8   1.6   1.7   1.7   5.3   6.2   6.2   5.9   5.8   5.7   5.9   5.4   5.8   4.8   5.0   5.1   4.6 
B: 19.2 19.0 16.3 16.6 16.6 16.5 16.5 16.5 16.5 16.6 16.9 24.2 25.9 25.3 25.6 27.0 25.9 25.4 24.8 25.7 25.1 24.4 24.4 24.1 23.2 23.3 22.5 22.9 21.7 22.2 20.9 17.8 17.6 18.3 17.7 17.4 18.0 17.9 17.8 19.1 30.8 30.8 30.0 30.3 29.2 29.0 28.8 28.0 26.8 26.0 25.4 25.8 25.7 24.5 24.3 22.9 23.4 22.9 23.4 22.7 22.6 22.0 21.4 21.8 17.2 17.7 17.8 18.0 18.2 17.8 17.9 18.0 18.3 30.9 31.0 30.2 30.0 29.0 29.8 27.7 29.6 27.8 27.7 26.6 27.3 26.4 24.9 25.0 23.8 23.6 23.4 22.9 21.6 18.7 18.8 18.1 18.4 18.2 17.8 18.2 18.4 28.7 29.9 30.4 30.3 29.8 29.0 29.1 28.7 27.5 28.0 26.4 25.9 25.8 25.6 25.8 24.2 24.4 23.7 22.7 22.3 18.5 18.7 18.3 18.3 17.8 18.3 18.8 18.3 18.2 31.1 30.1 30.5 29.1 30.7 29.2 28.8 28.7 28.6 27.0 26.4 26.2 25.3 25.1 25.3 25.3 24.9 23.1 23.4 22.1 18.1 18.4 17.7 18.0 18.7 18.1 18.6 18.7 29.6 31.4 31.3 29.9 29.6 29.2 29.8 29.4 29.1 26.8 27.9 26.1 26.6 24.5 25.0 23.8 24.7 23.7 23.0 21.5 18.4 18.1 18.2 18.2 18.0 17.8 19.2 18.7 18.4 30.2 30.0 30.7 30.1 29.4 28.9 29.6 27.6 28.5 26.9 27.9 26.7 25.0 
Direction:  n n n n n n n n n n n n {38 142} {34 146} n n n n n n n n n n n n n n n n n n n n n n n n n n n {37 143} n n n n n n n n n n n n n n n n n n n n n n n n n n n n n n n n {46 134} n n n n n n n n n n n n n n n n n n n n n n n n n n n n {35 145} n n n n n n n n n n n n n n n n n n n n n n n n n n n n n n n n n n n n n n n n n n n n n n n n n n n n n n n n {46 134} n {36 144} n n n n n n n n n n n n n n n n n n n n n n n n n n n n n n n n n n n n n

55.5: Count:   3.3 (  2.2) A:  14.8 [12-46] B:  26.1 [12-102] Phase: 102% 70 (28.5) Direction:  {43 137}  26% 312 (28.2) Direction:  {332 208}
Phase: {553,326,336,372,445,413,435,397,414,463,408,404,424,488,487,484,458,529,561,482,634,547,596,663,586,653,581,719,745,847,801,807,916,865,888,957,991,970,1049,1157,1062,1094,1240,1221,1148,1450,1258,1316,1379,1365,1428,1482,1478,1515,1504,1513,1611,1621,1740,1787,1732,1730,1737,2021,1647,1781,1764,1844,1864,1804,1835,1739,1816,1827,1777,1831,1784,1774,1601,1686,1654,1836,1630,1668,1668,1529,1671,1526,1448,1345,1859,1330,1365,1216,1320,1235,1166,1130,1194,1211,982,1101,940,1074,985,919,936,863,925,741,806,738,742,763,613,723,548,653,644,535,527,573,492,407,429,433,436,330,365,376,351,328,304,330,254,305,231,236,284,203,208,263,184,188,188,190,163,162,193,192,186,137,158,153,115,122,146,134,101,122,150,94,142,112,117,89,92,108,84,77,100,111,95,88,95,89,93,91,83,66,152,73,77,105,123,78,73,91,98,92,69,68,85,86,86,81,107,94,93,86,90,87,90,95,108,91,72,114,89,100,81,108,102,106,118,120,91,86,105,127,119,113,149,107,87,169,125,141,165,119,98,116,106,136,108,155,140,123,142,187,136,151,156,218,131,133,176,176,166,159,192,143,171,222,194,166,221,216,213,214,207,259,265,172,214,234,263,247,203,191,484,213,219,247,325,292,286,270,300,344,301,332,279,342,410,344,343,358,378,302,428,310,343,407,428,365,248,459,382,473,366,460,374,297,361,479,409,389,397,413,396,386,486,414,297,458,328,363,448,332,360,466,348,375,367,377,360,296,411,455,333,419,360,381,276,392,401,369,356,274,433,223,381,397,328,323,340,311,279,297,296,369,305,277,336,336,389,336,340,238}
Count:  15.0  14.1   8.0   7.7   7.3   7.0   6.7   6.0   4.7   4.6   3.9   7.1   8.6   8.2   7.8   7.4   6.3   6.1   5.7   5.7   5.4   5.1   4.5   4.6   4.1   4.1   3.7   3.5   3.0   3.1   1.9   0.8   0.9   0.9   0.7   0.8   0.8   0.8   0.8   0.8   4.9   4.9   4.6   4.8   4.1   4.3   4.0   4.2   3.9   3.5   3.4   3.5   3.5   3.0   3.3   2.7   3.0   2.7   2.9   2.8   2.8   2.5   2.2   2.2   0.7   0.8   0.6   0.8   0.7   0.7   0.6   0.7   0.7   3.9   5.1   4.4   4.3   4.0   4.6   3.9   4.4   4.1   4.1   3.5   3.7   3.4   3.1   3.1   2.9   2.9   2.7   2.7   1.3   0.7   0.6   0.7   0.7   0.8   0.7   0.8   0.7   2.0   4.5   4.9   4.4   4.6   3.8   4.4   4.1   4.1   3.6   3.8   3.4   3.5   2.9   3.7   2.8   3.1   2.9   2.9   2.4   0.7   0.7   0.7   0.7   0.7   0.7   0.7   0.6   0.6   4.2   4.4   5.0   4.5   4.3   3.7   4.3   4.0   3.9   3.6   3.8   3.6   3.3   3.2   3.1   3.3   3.2   2.5   2.9   1.2   0.7   0.7   0.7   0.7   0.8   0.5   0.8   0.6   1.8   4.8   5.4   4.9   4.6   4.5   4.5   4.1   3.8   3.8   3.9   3.6   3.8   3.2   3.4   2.8   3.5   3.0   3.1   2.4   0.6   0.7   0.6   0.7   0.7   0.7   0.8   0.7   0.7   3.6   4.7   4.4   4.6   4.3   4.1   4.4   4.0   3.7   3.5   3.7   3.6   3.0 
B: 18.6 18.7 16.2 16.6 16.5 16.5 16.5 17.0 16.9 16.9 17.3 25.5 27.1 26.7 26.8 27.1 26.9 26.7 26.2 26.3 26.2 25.3 24.7 24.3 24.1 23.6 23.6 23.0 21.8 21.9 22.0 18.2 17.7 18.9 18.9 18.2 18.4 18.1 19.2 19.9 30.6 31.8 31.6 31.3 29.1 30.1 29.4 29.1 28.7 27.7 26.3 27.1 25.9 25.8 25.6 24.6 24.1 24.2 23.2 23.3 22.6 23.0 22.2 22.7 19.3 19.9 18.0 19.2 19.1 19.0 19.5 18.1 19.4 33.0 31.1 31.0 31.2 30.6 30.6 29.3 30.9 29.2 28.3 27.0 28.2 27.4 26.2 25.4 24.9 24.1 24.5 23.4 21.8 19.8 19.0 18.0 19.2 19.5 19.7 18.8 19.0 32.6 31.0 31.7 30.4 30.9 29.8 29.3 29.2 28.7 28.8 28.0 26.8 26.3 26.3 26.7 25.8 25.0 24.7 23.8 23.7 18.7 18.6 19.3 18.8 18.8 19.3 19.8 19.7 19.1 33.3 32.2 32.2 30.5 31.0 29.5 29.8 30.3 28.9 28.7 27.6 27.1 26.0 26.1 26.0 27.1 25.2 24.0 23.4 23.9 19.2 19.6 19.2 18.4 18.4 19.2 19.8 18.0 34.5 32.1 31.7 31.6 30.5 30.1 30.4 30.9 29.3 28.1 27.4 27.2 27.4 25.9 26.2 24.3 25.5 24.5 25.2 23.7 19.4 19.4 19.0 19.8 17.7 19.1 18.8 19.9 18.5 32.4 30.6 30.5 31.3 30.4 30.4 30.6 29.4 28.7 28.0 28.2 26.8 27.0 
Direction:  n n n n n n n n n n n n {41 139} {46 134} {44 136} {50 130} n n n n n n n n n n n n n n n n n n n n n n n n n n n n n n n n n n n n n n n n n n n n n n n n n n n n n n n n n n {42 138} n n n n n n n n n n n n n n n n n n n n n n n n n n n n n n n n n n n n n n n n n n n n n n n n n n n n n n n n n {38 142} n n n n n n n n n n n n n n n n n n n n n n n n n n n {47 133} n n n n n n n n n n n n n n n n n n n n n n n n n n n {43 137} n n n n n n n n n n n

55.6: Count:   2.1 (  1.8) A:  14.5 [12-52] B:  26.0 [12-83] Phase: 100% 70 (31.4) Direction:  {42 138}
Phase: {265,160,169,224,244,207,194,199,218,272,223,244,254,255,237,272,236,322,386,262,404,365,426,344,377,459,369,523,506,492,502,576,547,532,668,697,668,710,719,847,794,801,907,890,842,1032,873,987,1166,1040,1037,1197,1098,1170,1145,1251,1277,1139,1368,1390,1278,1309,1370,1475,1235,1401,1323,1495,1488,1296,1452,1237,1487,1405,1359,1300,1377,1340,1371,1268,1250,1351,1295,1187,1220,1171,1266,1146,1186,959,1458,944,1008,1018,1041,1001,952,910,915,919,741,729,731,733,768,660,626,599,635,511,575,531,470,472,448,457,375,447,368,410,331,293,279,261,276,265,240,235,217,231,198,196,241,172,161,188,155,125,177,133,135,134,112,95,95,109,134,97,107,149,105,68,87,80,53,102,65,73,80,60,71,79,77,88,62,77,64,56,69,79,66,72,76,61,79,49,74,85,31,41,107,39,56,96,85,57,56,42,61,81,70,74,69,73,81,53,73,62,65,67,71,62,67,77,85,68,50,95,71,45,49,90,77,62,77,71,55,76,60,82,80,78,89,81,75,106,56,86,102,64,84,84,75,94,111,83,83,77,84,98,94,100,80,98,71,101,84,84,80,87,93,76,111,86,102,82,102,132,74,103,76,109,97,97,110,114,122,83,64,96,148,73,78,108,133,103,127,87,129,131,117,110,116,108,112,90,97,132,136,88,140,92,121,95,155,138,101,157,136,132,113,152,126,95,111,134,121,116,130,161,136,124,158,121,109,155,85,128,137,98,111,108,125,111,124,110,142,97,138,158,140,115,140,165,90,164,128,135,132,116,147,111,152,161,141,155,135,150,150,169,150,168,171,138,148,149,193,128,175,149}
Count:  13.0  12.2   6.0   5.9   5.1   5.1   4.8   4.0   3.0   2.6   2.1   5.3   6.6   5.9   5.6   5.1   4.6   4.5   4.1   3.8   3.5   3.1   3.3   2.7   2.7   2.5   2.2   2.4   1.7   1.7   1.0   0.3   0.2   0.3   0.2   0.3   0.2   0.3   0.2   0.4   3.2   3.7   3.3   3.5   2.7   3.1   2.6   2.6   2.2   2.3   2.2   2.4   2.1   2.0   1.8   1.5   1.8   1.6   1.5   1.6   1.8   1.4   1.5   1.1   0.2   0.2   0.2   0.2   0.2   0.2   0.2   0.2   0.3   2.5   3.5   2.9   2.9   2.8   3.0   2.9   3.2   2.5   2.6   2.2   2.7   2.0   1.9   1.9   1.6   1.8   1.8   1.6   0.6   0.3   0.2   0.3   0.2   0.2   0.2   0.3   0.3   1.4   3.1   3.1   3.1   3.4   2.9   2.7   2.8   2.5   2.3   2.6   2.1   2.0   1.6   2.0   2.0   1.9   1.7   1.8   1.5   0.2   0.2   0.2   0.2   0.2   0.3   0.2   0.2   0.3   2.9   3.2   3.5   3.0   3.0   2.8   3.0   2.7   2.5   2.5   2.4   2.3   1.9   2.2   2.1   2.2   1.9   1.5   1.6   0.6   0.3   0.2   0.2   0.1   0.2   0.2   0.2   0.2   1.0   3.4   3.5   3.5   3.0   2.8   3.0   2.8   2.7   2.4   2.4   2.2   2.6   2.2   2.2   1.8   2.0   1.7   1.8   1.4   0.2   0.3   0.1   0.2   0.2   0.3   0.1   0.3   0.2   2.2   3.1   3.0   3.1   2.6   2.9   3.1   2.7   2.4   2.2   2.5   2.4   1.8 
B: 18.8 19.1 16.2 16.5 16.3 16.9 16.5 16.6 16.6 16.2 17.0 27.9 26.4 26.7 27.6 27.0 27.3 26.7 27.3 26.7 26.3 25.3 25.2 24.8 25.1 24.5 23.2 23.1 21.8 21.9 22.5 20.2 20.7 21.2 18.2 20.2 18.9 19.0 21.5 23.4 30.3 31.4 31.0 30.8 28.7 29.2 28.3 28.3 28.6 26.8 26.5 26.2 25.3 25.0 25.6 24.6 24.3 23.4 24.1 23.2 22.3 22.3 22.9 24.0 20.5 19.4 19.6 20.9 19.9 18.9 20.2 18.8 20.5 31.1 30.8 31.0 29.8 29.5 30.0 29.2 30.0 28.1 27.8 28.0 27.6 25.6 25.6 25.1 24.8 24.8 23.4 22.5 22.5 19.3 20.3 21.1 19.6 19.6 21.2 21.1 18.6 33.8 30.2 30.3 30.9 31.3 29.7 29.8 28.8 28.7 27.8 27.2 27.3 26.1 25.4 26.1 24.8 24.7 23.2 23.1 23.5 18.3 19.4 20.4 18.9 19.6 19.5 21.6 22.0 19.5 33.0 31.0 30.7 30.4 30.9 29.0 29.8 28.3 28.2 27.5 27.1 26.9 26.0 24.6 25.2 25.8 25.2 22.9 22.6 24.6 20.1 20.4 19.5 19.8 21.1 19.9 21.7 19.8 35.9 31.4 30.5 31.9 28.9 29.7 29.5 29.5 29.0 28.4 26.5 27.2 26.7 26.1 26.9 24.5 24.4 25.2 24.2 23.6 21.5 18.8 21.3 20.3 19.4 20.1 19.3 19.6 17.2 30.3 30.4 31.0 30.2 29.5 29.9 30.8 29.2 29.1 27.1 26.9 26.4 26.3 
Direction:  n n n n n n n n n n n n n n n n n n n n n n n n n n n n n n n n n n n n n n n n n n n n n n n n n n n n n n n n n n n n n n n n n n n n n n n n n n n n n n n n n n n n n n n n n n n n n n n n n n n n n n n n n n n n n n n n n n n n n n n n n n n n n n n n n n n n n n n n n n n n n n n n n n n n n n n n n n n n n n n n n n n n n n n n n n n n n n n n n n n n n n n n n n n n n n n n n n n n n n n n

55.7: Count:   1.8 (  1.7) A:  14.3 [12-52] B:  23.5 [12-81] Phase: 78% 64 (34.2) Direction:  {38 142}  18% 87 (32.8) Direction:  {57 123}
Phase: {265,180,172,198,225,242,220,244,221,240,256,293,250,298,312,261,290,273,359,301,421,374,338,426,378,373,337,505,437,442,456,548,513,494,566,573,556,538,625,639,625,606,764,660,613,782,614,730,779,751,801,813,801,867,895,860,919,870,923,982,990,1043,941,1073,783,997,1003,1058,946,1003,976,895,981,1088,916,915,998,904,911,897,915,983,902,839,859,818,926,815,832,672,1103,676,744,707,682,713,651,575,600,568,603,525,527,506,543,480,423,435,445,378,457,360,376,382,394,346,279,360,340,282,245,302,266,276,265,252,255,229,230,229,241,207,189,220,143,190,147,186,181,193,152,185,146,144,138,124,140,131,112,115,104,96,111,100,70,117,66,90,53,82,93,78,93,63,64,76,70,91,68,56,56,76,63,53,44,57,84,53,73,53,91,44,41,58,80,69,43,49,61,86,41,74,47,73,105,102,75,54,68,51,82,77,72,90,70,73,60,121,106,90,77,74,120,88,87,115,115,114,109,107,87,129,122,131,107,122,91,118,139,122,126,131,147,132,118,165,100,103,163,177,140,143,174,149,107,187,188,204,201,167,178,139,215,180,171,204,278,217,157,210,172,247,202,187,187,219,249,201,188,173,421,197,214,211,253,195,185,199,204,265,163,207,201,233,299,211,200,196,222,163,294,200,174,223,212,221,113,170,182,183,173,230,176,147,153,156,145,144,129,168,148,139,127,124,134,155,103,136,133,118,111,129,141,111,109,137,118,114,126,145,134,101,111,155,96,145,142,127,100,122,175,106,144,152,137,146,162,161,139,165,128,164,159,179,147,175,196,184,195,120}
Count:  13.2  11.6   6.3   6.1   5.7   5.8   5.3   4.7   3.7   3.3   2.8   5.1   5.7   5.8   5.6   4.4   4.1   4.2   4.1   3.4   3.0   3.0   2.6   2.4   2.3   2.1   2.1   1.9   1.7   1.5   0.9   0.3   0.3   0.2   0.3   0.3   0.2   0.2   0.2   0.4   2.6   2.9   2.4   2.8   1.9   2.6   2.2   1.8   1.9   2.1   2.0   1.9   1.5   1.7   1.7   1.3   1.4   1.7   1.1   1.4   1.5   1.2   1.3   1.1   0.2   0.2   0.2   0.2   0.2   0.2   0.2   0.1   0.2   1.8   2.6   2.6   2.4   2.1   2.3   2.0   2.4   1.8   2.1   1.8   2.1   1.5   1.6   1.5   1.4   1.4   1.4   1.3   0.5   0.3   0.1   0.2   0.2   0.3   0.2   0.2   0.2   1.0   2.7   2.8   2.6   2.6   2.7   2.0   2.2   1.8   1.8   2.2   1.8   1.8   1.3   1.9   1.9   1.6   1.4   1.3   1.2   0.2   0.2   0.2   0.1   0.1   0.2   0.2   0.2   0.2   2.4   2.5   2.8   2.7   2.5   2.2   2.4   2.2   2.1   2.0   1.9   1.9   1.4   1.7   1.8   1.8   1.6   1.3   1.4   0.6   0.2   0.2   0.2   0.2   0.2   0.2   0.2   0.1   0.9   2.4   2.8   2.9   2.5   2.3   2.2   2.3   2.5   1.9   1.9   1.8   1.8   1.7   1.8   1.5   1.5   1.2   1.6   1.1   0.2   0.2   0.2   0.2   0.2   0.2   0.2   0.1   0.2   1.7   2.7   2.4   2.5   1.9   2.3   2.4   2.3   1.9   1.8   1.9   2.0   1.5 
B: 18.7 18.8 16.0 16.0 16.1 16.1 16.0 16.0 16.1 16.3 16.0 23.8 24.1 24.2 24.2 24.3 24.3 24.4 24.5 23.7 23.8 22.5 22.9 22.6 22.5 22.0 22.5 21.5 20.2 20.7 22.1 18.4 18.6 18.1 18.4 17.9 19.4 19.8 20.0 26.5 26.8 28.6 27.7 27.5 26.5 26.1 25.7 24.7 25.2 25.7 23.7 24.1 22.4 22.7 21.9 22.6 22.4 22.4 21.5 21.3 21.2 21.6 21.6 21.9 18.8 20.4 19.3 19.5 19.0 18.9 20.1 18.6 22.3 29.2 27.2 29.8 27.1 26.6 26.3 26.6 26.9 25.8 26.0 25.6 24.8 23.3 22.7 23.6 22.6 22.8 21.5 21.4 21.1 20.0 19.0 18.1 20.3 18.9 18.4 19.1 20.4 29.9 27.4 27.7 27.4 27.2 27.0 26.3 27.4 27.0 26.1 25.0 25.8 23.4 23.5 24.0 22.4 23.0 21.6 21.9 21.6 18.7 18.6 19.4 19.7 20.5 19.0 20.3 19.0 17.4 31.1 28.3 27.7 27.7 28.2 27.1 26.6 25.5 26.1 25.7 24.2 25.2 24.5 23.4 23.8 23.9 23.3 21.9 21.2 21.5 18.0 20.3 19.4 19.2 20.0 19.6 19.2 18.2 33.3 28.1 28.8 28.3 27.5 26.7 26.7 26.5 26.6 24.6 23.7 25.1 24.3 24.3 23.1 22.7 22.1 22.5 23.1 21.0 23.0 17.4 18.3 19.2 19.0 19.3 21.6 18.0 18.1 27.7 28.0 27.2 26.8 27.5 26.9 27.9 27.1 26.0 25.1 24.9 24.9 24.6 
Direction:  n n n n n n n n n n n n n n n n n n n n n n n n n n n n n n n n n n n n n n n n n n n n n n n n n n n n n n n n n n n n n n n n n n n n n n n n n n n n n n n n n n n n n n n n n n n n n n n n n n n n n n n n n n n n n n n n n n n n n n n n n n n n n n n n n n n n n n n n n n n n n n n n n n n n n n n n n n n n n n n n n n n n n n n n n n n n n n n n n n n n n n n n n n n n n n n n n n n n n n n n

55.8: Count:   3.8 (  2.2) A:  14.2 [12-46] B:  19.8 [12-83] Phase: 100% 271 (16.1) Direction:  {301 239}
Phase: {524,328,319,309,420,368,338,411,452,473,399,442,395,440,476,469,437,525,541,479,516,512,549,619,542,578,497,676,704,564,703,745,651,622,660,777,811,770,743,820,767,767,904,819,706,949,772,883,958,872,842,843,927,879,916,933,840,835,918,906,895,942,947,1014,806,1031,901,959,884,933,961,767,959,840,900,878,979,880,855,803,832,929,822,817,802,750,873,673,826,671,994,576,737,706,680,698,585,635,573,591,542,571,606,643,542,543,557,538,641,419,477,492,494,438,414,476,367,430,378,429,355,397,387,283,322,349,375,293,278,258,261,274,278,261,224,292,189,216,250,191,223,232,204,215,222,189,203,199,187,200,167,186,180,204,146,149,173,143,155,155,141,115,157,140,150,110,158,141,115,132,128,161,129,125,123,91,173,110,91,75,177,100,79,103,140,98,106,115,115,117,107,100,103,110,104,125,86,93,134,95,117,101,140,113,141,111,117,114,122,111,133,153,134,145,142,160,166,175,198,175,183,215,231,234,163,276,171,275,277,257,236,320,299,336,340,386,444,389,491,547,428,601,649,766,469,776,952,933,1028,894,1330,931,1521,1351,1394,1370,1906,1790,1607,1846,1808,2533,2336,2035,2129,2439,3147,2382,2128,1963,4708,2072,2231,2338,3135,2718,2248,1952,2446,2602,2039,2023,1764,2047,2007,1671,1605,1633,1619,1105,1528,1099,1185,1121,1123,917,616,966,788,745,687,681,622,511,504,562,464,429,422,484,404,413,379,404,293,391,315,332,433,286,314,344,345,287,339,280,323,274,288,346,281,295,285,313,251,299,305,313,298,276,335,235,332,293,258,308,332,325,319,290,327,386,316,328,313,332,358,283,299,270}
Count:  16.9  15.3  10.0   9.9   9.6   9.8   9.3   8.3   7.4   7.3   6.9   8.4   8.8   9.5   8.9   7.6   7.3   7.3   7.5   6.1   6.1   6.7   6.0   5.7   5.3   5.1   5.1   5.1   4.6   4.2   3.3   2.4   2.4   2.1   2.1   2.2   2.3   2.1   2.1   2.2   4.4   4.5   4.4   4.8   4.2   4.6   4.2   3.8   3.7   4.1   4.0   4.1   3.7   3.3   3.8   3.5   3.1   3.6   3.3   3.7   3.4   3.3   2.9   2.5   1.9   1.8   1.9   1.9   1.9   1.8   1.9   1.6   1.8   3.7   4.2   4.2   3.9   3.5   3.9   4.0   4.3   3.6   3.7   3.7   3.3   3.7   3.5   3.4   3.4   3.4   3.4   3.4   2.2   2.1   1.7   1.9   1.8   1.8   1.9   1.9   1.9   2.2   4.3   4.2   4.1   4.4   4.4   4.1   3.8   3.6   3.5   3.7   3.7   3.7   3.0   3.7   3.7   3.6   3.5   3.2   3.0   1.9   2.0   1.7   1.7   1.8   1.8   1.5   1.8   1.7   4.0   4.1   4.3   4.1   4.1   3.6   3.8   3.9   3.8   3.8   3.5   4.1   3.5   3.6   3.4   3.5   3.5   3.3   3.2   2.2   1.7   1.5   1.7   1.8   1.7   1.9   1.8   2.0   2.6   3.8   4.1   4.5   4.5   3.8   3.8   3.9   3.7   3.7   3.9   3.8   3.6   3.7   3.8   3.3   3.4   3.0   3.5   3.0   1.6   1.8   1.6   1.6   1.7   1.9   1.8   1.7   1.7   3.1   4.4   3.9   4.0   3.6   3.7   3.5   4.0   3.4   3.5   3.9   3.5   3.0 
B: 18.7 18.3 15.7 15.7 15.9 15.9 15.9 15.8 15.6 16.0 15.8 20.1 20.7 20.4 20.9 20.2 20.6 20.6 20.9 19.6 19.8 19.6 19.8 19.4 19.4 19.0 19.5 19.0 18.8 18.7 18.6 16.6 16.0 16.3 16.7 16.8 16.5 16.3 16.3 17.0 21.9 22.0 22.2 22.3 21.3 22.3 22.1 21.6 21.3 20.9 20.8 20.1 19.9 19.3 19.5 19.4 19.5 19.6 18.9 18.9 19.7 20.0 19.0 19.5 16.2 16.6 16.5 16.6 16.1 16.4 16.4 16.1 16.6 22.4 22.4 23.2 22.1 22.0 21.8 21.9 22.5 21.5 21.6 21.1 21.2 20.1 20.3 19.5 19.8 20.1 19.7 19.4 17.7 16.6 16.3 16.1 16.1 16.8 16.4 16.3 16.4 19.3 22.7 22.6 22.1 22.8 21.9 21.3 21.2 22.3 21.0 20.8 21.2 20.7 20.5 20.4 20.1 20.0 19.9 20.2 19.2 16.6 16.7 16.9 16.1 16.8 16.4 16.8 16.3 16.9 24.1 23.0 22.5 22.9 22.6 21.8 22.6 21.7 21.9 20.9 21.1 20.7 20.6 20.7 20.0 20.7 20.4 19.6 19.4 19.1 16.9 16.6 16.5 16.2 16.4 16.5 16.6 16.5 21.4 22.1 22.8 22.9 23.5 21.9 21.9 22.9 22.8 22.1 21.3 20.5 20.7 20.3 19.8 20.1 20.2 19.4 20.1 19.3 16.5 16.9 16.7 16.7 16.5 16.8 16.0 17.2 16.8 22.2 22.9 21.9 23.2 22.0 22.4 22.6 22.3 21.8 20.5 20.7 20.9 20.6 
Direction:  {292 248} {299 241} {301 239} {291 249} {277 263} {296 244} {294 246} {294 246} {307 233} {299 241} {305 235} {287 253} {295 245} {296 244} {305 235} {277 263} {301 239} {299 241} {299 241} {301 239} n {296 244} {299 241} n n n n n n n n n n n n n n n n n n n n n n n n n n n n n n n n n n n n n n n n n n n n n n n n n n n n n n n n n n n n n n n n n n n n n n n n n n n n n n n n n n n n n n n n n n n n n n n n n n n n n n n n n n n n n n n n n n n n n n n n n n n n n n n n n n n n n n n n n n n n n n n n n n n n n n n n n n n n n n n n n n n n n n n n n n n n n n n n n

55.9: Count:   7.9 (  3.1) A:  14.3 [12-49] B:  19.0 [12-81] Phase: 100% 273 (18.9) Direction:  {303 237}
Phase: {973,551,709,695,748,688,756,624,750,772,674,815,664,783,721,694,684,769,827,600,648,657,753,758,770,775,593,845,756,714,740,744,742,763,853,842,792,776,752,825,769,804,841,844,787,1009,875,880,996,863,913,981,977,963,936,968,985,859,1071,1033,912,885,1049,1003,825,971,868,979,902,868,940,764,1016,918,942,812,828,905,824,831,801,793,850,876,767,747,819,779,840,596,1054,633,702,770,711,669,561,544,598,635,575,558,540,604,526,531,542,524,514,377,510,495,490,473,388,452,397,470,412,379,398,431,432,389,334,385,352,334,321,339,326,342,382,405,305,421,305,353,380,276,314,387,341,353,322,336,298,301,379,374,288,317,344,369,214,302,286,292,276,285,295,193,318,277,244,221,261,325,265,253,243,256,232,194,200,217,231,200,188,170,348,189,202,177,203,215,193,215,223,235,202,195,163,202,210,207,232,190,252,173,223,217,226,202,218,287,203,238,228,238,261,306,334,251,254,319,307,340,337,430,365,400,545,454,412,700,500,663,761,675,707,936,879,961,1048,1211,1268,1176,1540,1743,1541,1803,2038,2303,1580,2477,2684,2818,2820,2848,3675,2740,4012,3834,3752,3922,4890,4531,4314,4734,4440,5910,5599,4840,5263,5506,6995,6094,5068,5008,10536,5008,5403,6138,7793,6206,5922,5734,6576,7066,5663,5666,5507,6091,6210,4981,4960,5126,5404,3642,4924,3850,3965,3832,3493,3469,2263,3401,2728,2550,2217,2552,2061,1675,1693,1822,1584,1444,1244,1411,1121,1148,1255,948,834,1143,777,883,939,831,860,849,811,815,740,735,613,606,699,806,691,703,627,716,534,693,715,642,674,580,666,534,648,648,597,643,662,686,589,634,628,695,615,675,702,659,729,736,671,569}
Count:  24.0  22.9  18.4  17.3  17.6  17.7  17.0  15.5  14.8  14.3  14.3  14.9  15.0  15.0  15.1  13.3  13.2  12.9  12.5  11.3  11.2  11.5  11.1  11.3  10.2  10.2  10.1  10.1   9.7   9.6   7.4   6.5   6.5   6.1   6.0   5.9   5.9   5.9   5.6   5.9   8.0   8.6   9.0   8.6   7.9   8.5   8.3   7.5   7.2   8.5   8.3   8.0   7.9   7.4   7.2   7.7   7.0   7.5   7.1   7.8   7.5   7.1   6.6   6.4   5.4   5.3   5.4   5.7   5.9   5.5   5.1   4.7   5.7   7.2   7.8   7.6   7.3   7.3   8.0   7.7   7.9   7.4   6.9   7.0   7.6   7.1   7.3   7.0   6.9   6.9   7.1   7.2   5.8   5.8   5.4   5.7   5.5   5.3   5.1   5.2   4.9   5.5   8.0   7.5   7.5   7.8   7.8   8.0   7.1   7.0   7.7   7.2   7.4   7.4   7.4   7.2   7.4   7.0   6.8   6.7   6.6   5.4   5.2   4.9   4.6   5.1   5.9   5.5   5.3   5.0   7.0   7.4   7.6   7.5   7.5   7.2   7.4   7.8   7.3   7.1   7.6   8.0   7.4   7.1   7.2   7.6   6.9   7.3   6.6   6.1   4.7   4.7   5.2   5.2   5.0   5.5   5.7   5.7   6.3   7.8   7.6   7.9   7.9   7.3   7.6   7.5   7.8   7.7   8.0   7.2   7.4   7.1   7.3   6.8   7.2   7.0   7.0   6.7   5.1   5.1   5.1   5.0   5.2   5.2   5.5   5.1   5.0   6.2   7.7   7.6   7.5   7.5   7.2   6.7   7.3   7.0   7.7   7.4   6.5   7.0 
Direction:  {314 226} {300 240} {286 254} {299 241} {277 263} {299 241} {301 239} {299 241} {303 237} {303 237} {294 246} {299 241} {299 241} {296 244} {299 241} {309 231} {301 239} {294 246} {296 244} {309 231} {303 237} {295 245} {298 242} {296 244} {305 235} {301 239} {299 241} {299 241} {305 235} {299 241} {299 241} {303 237} {301 239} {304 236} {299 241} {303 237} {306 234} {296 244} {305 235} {296 244} {299 241} {301 239} {305 235} {301 239} {303 237} {303 237} {301 239} {291 249} {300 240} {305 235} {307 233} {301 239} {309 231} {309 231} {301 239} {309 231} {304 236} {301 239} {304 236} {300 240} {301 239} {312 228} {307 233} {301 239} {303 237} {309 231} {299 241} {301 239} {303 237} {303 237} {304 236} {301 239} {299 241} {291 249} {303 237} {306 234} {303 237} {309 231} {305 235} {303 237} {313 227} {309 231} {314 226} {314 226} {301 239} {299 241} {307 233} {304 236} {309 231} {301 239} {306 234} {307 233} {303 237} {299 241} {309 231} {299 241} {299 241} {295 245} {305 235} {307 233} {296 244} {301 239} {305 235} {301 239} {310 230} {299 241} {304 236} {312 228} {305 235} {302 238} {307 233} {303 237} {300 240} {307 233} {302 238} {307 233} {299 241} {301 239} {309 231} {302 238} {303 237} {309 231} {309 231} {299 241} {299 241} {305 235} {303 237} {305 235} {299 241} {299 241} {309 231} {307 233} {307 233} {305 235} {301 239} {311 229} {303 237} {305 235} {301 239} {300 240} {311 229} {303 237} {301 239} {299 241} {299 241} {306 234} {305 235} {306 234} {307 233} {303 237} {291 249} {311 229} {307 233} {307 233} {312 228} {299 241} {305 235} {303 237} {299 241} {312 228} {304 236} {309 231} {302 238} {307 233} {304 236} {299 241} {309 231} {299 241} {301 239} {306 234} {301 239} {301 239} {303 237} {309 231} {309 231} {313 227} {305 235} {301 239} {307 233} {301 239} {309 231} {305 235} {299 241} {296 244} {309 231} {303 237} {303 237} {309 231} {301 239} {305 235} {310 230} {313 227} {303 237} n {299 241} {304 236} {309 231} {306 234} {299 241} {299 241}

56.0: Count:   6.7 (  3.6) A:  14.4 [12-49] B:  19.5 [12-84] Phase: 87% 278 (21.7) Direction:  {308 232}  18% 239 (12.9) Direction:  n  13% 290 (12.7) Direction:  {317 223}
Phase: {1150,722,875,872,901,804,848,887,874,1051,862,875,869,1087,996,1027,959,1015,1126,876,1038,909,1033,1113,978,1022,1004,1088,1047,1047,1030,1142,1058,940,1008,1052,1047,1030,1037,1080,1133,998,1232,1078,1002,1311,1055,1106,1148,1054,998,1116,1116,1110,1132,1124,1042,980,1079,1065,982,1074,1073,1197,859,969,1003,1033,1014,1033,1064,853,1050,967,896,992,942,1005,838,974,909,987,932,833,836,847,925,860,726,671,1142,691,720,823,783,738,805,722,805,741,667,733,654,622,661,594,641,645,602,502,605,597,534,610,535,574,436,590,561,545,512,515,512,471,493,516,501,407,454,478,453,448,476,377,396,465,299,364,480,392,357,353,363,357,424,381,309,323,339,356,299,296,295,286,203,306,269,296,247,308,249,212,294,224,253,188,237,256,196,185,204,193,201,217,190,187,193,167,164,159,304,155,165,175,171,163,135,192,200,222,155,199,187,184,178,170,175,162,243,171,169,196,214,251,251,219,217,275,223,265,234,335,320,270,300,345,376,397,378,414,438,404,504,490,558,731,495,603,806,672,742,947,905,988,1077,1267,1087,1038,1283,1572,1365,1516,1701,2056,1323,1895,2013,2019,1959,1961,2526,1725,2619,2378,2220,2205,2827,2658,2278,2673,2553,3457,2895,2637,2775,3052,3638,3121,2782,2639,5844,2779,3001,3502,4336,3782,3511,3572,3951,4679,3482,3769,3558,4219,4513,3502,3743,3842,4345,3156,4062,3349,3522,3455,3330,3214,2213,3220,2823,2559,2222,2628,2278,1795,1966,1914,1566,1511,1414,1507,1142,1209,1348,1219,896,1246,842,954,1112,860,762,813,759,748,742,845,718,621,791,808,729,669,696,824,537,718,713,736,705,658,714,611,831,708,662,619,794,770,667,800,738,875,753,811,734,777,856,763,796,700}
Count:  25.8  24.0  19.2  18.4  18.4  18.1  17.4  15.3  14.4  13.9  13.2  13.7  15.0  14.3  14.1  12.1  12.1  12.3  11.7  10.5  10.5  10.2  10.4  10.0   9.4   8.7   9.0   8.8   8.7   8.5   5.9   4.3   4.3   4.5   4.1   4.0   3.9   4.1   3.9   4.0   6.5   6.9   7.6   6.9   6.6   7.4   7.0   6.6   6.0   7.4   6.9   6.7   7.1   6.4   6.5   6.4   6.5   6.5   6.2   6.4   6.5   6.2   6.3   4.9   3.2   3.3   3.3   3.6   4.1   3.9   3.1   3.2   3.8   6.0   6.1   6.5   6.4   6.6   6.9   6.9   6.8   6.5   6.4   6.2   6.6   6.2   6.7   6.2   6.0   5.9   6.2   6.4   4.4   4.0   3.9   3.8   3.9   3.2   3.3   3.5   3.2   3.9   6.9   6.3   6.4   6.8   6.2   7.1   6.4   5.8   6.4   6.3   6.4   6.2   7.2   6.5   6.2   5.9   5.7   5.9   5.3   3.4   3.4   3.2   2.9   3.6   4.0   3.9   3.5   3.1   5.5   6.4   6.5   6.9   6.5   6.3   6.4   6.9   6.4   6.2   6.6   6.5   6.4   6.3   6.5   6.3   6.4   6.3   6.3   4.5   3.3   3.2   3.4   3.4   3.2   3.9   4.1   3.7   4.4   6.6   5.9   6.6   6.7   6.4   6.5   6.3   6.6   6.8   7.1   6.4   6.1   6.0   6.4   5.9   6.2   6.1   6.1   5.7   3.5   3.4   3.5   3.8   3.6   3.3   3.6   3.3   3.2   5.2   6.6   6.7   6.7   6.8   6.1   5.7   6.5   6.4   6.4   6.4   5.9   5.5 
Direction:  {302 238} {301 239} {299 241} {299 241} {299 241} {293 247} {299 241} {283 257} {299 241} {308 232} {310 230} {316 224} {295 245} {305 235} {313 227} {306 234} {312 228} {305 235} {313 227} {309 231} {312 228} {301 239} {310 230} {310 230} {317 223} {310 230} {312 228} {310 230} {306 234} {310 230} {312 228} {312 228} {314 226} {317 223} {315 225} n {305 235} {316 224} {310 230} {308 232} n n {315 225} {314 226} n n n n n {310 230} n n n n n n {312 228} n n n {312 228} n n n n n {310 230} n {303 237} {306 234} n n n n n n n n n n n n n n n n n n n n n n n {310 230} {312 228} {310 230} {309 231} n n {315 225} n n n n n n n n n n n n n n n n n n n n n n n n n {308 232} n {308 232} n n n n n n n n n n n n n n n n n n n n n n n n n n n n {312 228} n n n n n n n n n n n n n n n n n n n n n n n n {315 225} n n n n n n n n n n n n n n n n n n

