54.0: Count:   0.2 (  0.1) A:  21.5 [20-35] B:  37.7 [20-126] Phase: 100% 61 (55.0) Direction:  {37 143}
Phase: {21,15,25,24,26,28,27,29,20,30,30,26,10,20,21,35,30,28,34,27,21,23,29,36,40,27,26,36,29,39,35,32,42,43,44,38,34,41,53,38,42,38,34,50,53,43,52,47,53,50,54,62,42,46,56,54,44,55,48,74,74,75,61,69,58,64,53,60,63,62,74,43,77,66,59,67,64,76,55,55,61,72,54,56,53,41,56,43,55,53,46,49,62,50,35,48,42,41,37,38,33,35,43,31,36,37,42,34,37,28,24,30,35,24,30,42,35,29,24,27,22,15,19,18,18,23,21,14,29,22,17,23,9,20,13,11,16,20,16,11,15,13,21,12,14,7,13,6,11,13,8,14,8,15,13,11,8,9,6,10,9,5,18,9,5,9,3,4,10,7,8,7,4,6,4,4,8,3,2,9,3,4,1,7,1,4,4,5,4,5,1,4,5,2,6,0,3,2,4,8,7,2,3,8,7,4,4,5,5,8,4,5,5,5,6,7,8,14,12,15,10,13,13,5,6,12,12,16,20,18,18,18,18,21,19,23,17,22,30,37,33,32,43,39,26,33,26,40,39,41,43,53,50,39,60,65,63,43,60,59,69,67,60,64,56,52,55,63,58,64,62,51,42,50,57,61,77,51,49,62,72,40,60,40,55,40,45,43,37,35,31,26,38,26,32,36,32,35,28,31,27,22,27,20,18,21,17,10,15,11,22,9,17,16,20,12,15,17,16,10,7,9,10,10,15,8,8,11,19,14,21,8,11,16,11,11,11,14,11,13,16,15,19,20,19,26,20,16,13,15,15,13,21,22,21,26,17,18,20,21}
Count:   0.1   0.0   0.1   0.1   0.1   0.1   0.1   0.5   0.5   0.5   0.4   0.3   0.3   0.3   0.2   0.2   0.2   0.2   0.1   0.1   0.1   0.1   0.1   0.2   0.1   0.1   0.1   0.1   0.1   0.1   0.1   0.5   0.4   0.4   0.4   0.4   0.3   0.3   0.2   0.2   0.2   0.1   0.2   0.1   0.1   0.1   0.1   0.1   0.1   0.1   0.1   0.1   0.1   0.1   0.1   0.1   0.1   0.1   0.1   0.4   0.5   0.4   0.3   0.4   0.2   0.3   0.3   0.2   0.2   0.2   0.1   0.1   0.1   0.1   0.1   0.1   0.1   0.1   0.1   0.1   0.1   0.1   0.1   0.1   0.1   0.1   0.1   0.1   0.4   0.5   0.3   0.4   0.3   0.3   0.3   0.3   0.3   0.3   0.2   0.2   0.2   0.2   0.1   0.1   0.1   0.1   0.1   0.1   0.1   0.1   0.1   0.2   0.5   0.4   0.4   0.3   0.3   0.2   0.2   0.2   0.2   0.2   0.2   0.2   0.1   0.1   0.1   0.1   0.1   0.1   0.1   0.1   0.1   0.1   0.1   0.4   0.4   0.4   0.3   0.3   0.3   0.3   0.2   0.1   0.1   0.2   0.1   0.1   0.1   0.1   0.1   0.0   0.0   0.1   0.1   0.1   0.1   0.1   0.1   0.1   0.1   0.1   0.1   0.1   0.3   0.3   0.4   0.3   0.3   0.3   0.2   0.2   0.2   0.2   0.2   0.2   0.1   0.1   0.1   0.1   0.0   0.1   0.1   0.1   0.1   0.1   0.1   0.1   0.1   0.1   0.1   0.1   0.2   0.4   0.4   0.4   0.2   0.3   0.3   0.2 
B: 29.9 33.4 32.4 34.6 34.4 34.0 35.4 35.9 36.3 37.6 34.9 35.1 33.8 34.9 34.4 33.5 35.4 34.6 31.0 35.8 32.7 34.0 33.5 32.8 37.0 35.9 32.6 34.1 33.2 33.5 32.6 38.1 35.4 37.0 34.6 35.7 33.8 33.1 33.0 34.9 33.2 33.0 33.7 32.8 31.4 31.8 33.2 32.4 32.1 36.0 34.5 36.4 36.1 30.7 32.8 33.1 32.1 34.8 34.1 43.0 37.3 36.2 36.0 35.5 34.6 36.2 34.6 34.1 34.5 34.2 33.7 29.8 32.1 34.3 35.6 34.3 34.4 36.7 35.5 33.7 34.8 32.8 34.3 36.4 35.8 33.7 34.6 33.2 36.5 35.6 36.4 35.8 35.0 36.0 35.2 35.9 35.3 33.4 32.0 32.2 34.5 33.2 37.1 33.9 32.8 33.3 33.5 34.4 35.5 32.5 33.9 37.7 37.0 36.3 37.1 34.1 34.8 33.1 35.1 36.8 34.3 37.1 35.6 37.0 38.0 37.8 36.1 41.0 38.4 41.2 41.3 38.3 41.5 39.9 39.5 47.4 44.3 45.7 48.6 42.6 41.2 39.2 39.8 38.8 40.8 38.4 40.0 41.6 46.7 46.5 44.7 45.4 39.7 41.8 41.6 43.2 42.4 39.8 42.1 38.8 40.2 41.0 38.5 41.3 47.1 45.5 42.0 43.8 43.2 40.3 40.6 39.0 42.4 39.8 39.6 40.7 38.0 37.3 44.6 44.8 41.3 39.6 43.2 38.2 44.2 42.8 44.1 44.5 43.6 42.4 46.7 43.1 45.0 46.1 44.0 45.1 44.8 45.4 41.9 41.8 
Direction:  n n n n n n n n n n n n n n n n n n n n n n n n n n n n n n n n n n n n n n n n n n n n n n n n n n n n n n n n n n n n n n n n n n n n n n n n n n n n n n n n n n n n n n n n n n n n n n n n n n n n n n n n n n n n n n n n n n n n n n n n n n n n n n n n n n n n n n n n n n n n n n n n n n n n n n n n n n n n n n n n n n n n n n n n n n n n n n n n n n n n n n n n n n n n n n n n n n n n n n n n

54.1: Count:   0.2 (  0.1) A:  21.4 [20-39] B:  36.2 [20-132] Phase: 100% 59 (57.6) Direction:  {35 145}
Phase: {30,17,21,24,20,20,24,21,26,25,20,35,22,32,21,24,24,24,29,28,41,36,39,42,34,38,27,38,46,43,37,35,35,44,46,43,52,43,65,49,42,76,51,67,53,51,67,54,68,70,59,59,71,51,69,62,72,78,65,80,77,83,58,67,65,93,74,80,56,69,77,76,71,72,80,81,73,79,75,81,72,59,66,76,65,64,74,55,51,65,76,58,52,43,55,57,42,54,43,54,52,38,42,41,39,38,33,49,37,42,49,21,27,32,37,31,29,30,22,27,29,20,25,23,22,23,24,23,18,13,21,20,18,23,19,15,13,16,12,14,9,10,9,10,14,12,13,7,12,7,8,4,15,8,10,10,6,10,5,4,3,10,6,5,3,5,3,8,4,7,6,9,6,4,3,1,2,5,10,3,3,3,1,5,11,2,2,3,1,3,1,5,2,3,6,3,5,2,4,6,1,2,3,7,0,6,0,2,4,1,3,2,7,5,9,7,6,5,2,10,8,5,7,15,10,5,9,12,7,7,8,14,13,11,19,20,17,28,25,17,16,28,28,42,25,28,32,34,37,29,44,32,34,47,38,60,46,55,65,32,53,61,49,74,55,68,64,61,64,71,79,61,76,74,70,68,76,74,64,66,60,60,53,70,42,54,60,42,43,44,59,40,43,41,35,34,36,33,30,36,25,34,23,31,15,21,31,22,15,26,18,19,16,22,15,11,14,31,19,21,13,11,16,17,13,8,11,15,10,16,12,12,8,11,9,15,13,15,17,21,25,13,18,14,9,16,16,20,19,14,20,12,16,25,21,26,24,20,21,16}
Count:   0.1   0.1   0.0   0.1   0.1   0.1   0.1   0.6   0.6   0.5   0.4   0.4   0.3   0.3   0.3   0.2   0.2   0.2   0.2   0.2   0.2   0.1   0.1   0.1   0.1   0.1   0.1   0.1   0.1   0.1   0.1   0.5   0.5   0.4   0.4   0.4   0.3   0.3   0.2   0.2   0.1   0.2   0.1   0.1   0.2   0.1   0.1   0.1   0.1   0.1   0.2   0.1   0.1   0.1   0.1   0.1   0.1   0.1   0.1   0.5   0.5   0.5   0.4   0.4   0.4   0.3   0.3   0.3   0.2   0.2   0.1   0.2   0.1   0.2   0.1   0.1   0.1   0.1   0.1   0.1   0.1   0.1   0.1   0.1   0.1   0.1   0.1   0.1   0.5   0.5   0.4   0.4   0.3   0.3   0.3   0.3   0.2   0.3   0.2   0.2   0.2   0.1   0.1   0.1   0.0   0.1   0.1   0.1   0.1   0.1   0.1   0.1   0.5   0.4   0.4   0.3   0.3   0.3   0.3   0.3   0.2   0.1   0.1   0.1   0.1   0.1   0.1   0.1   0.1   0.1   0.1   0.1   0.1   0.1   0.1   0.5   0.5   0.5   0.5   0.4   0.3   0.2   0.2   0.2   0.2   0.1   0.1   0.1   0.1   0.1   0.1   0.1   0.1   0.1   0.1   0.1   0.1   0.1   0.1   0.1   0.1   0.1   0.0   0.1   0.5   0.3   0.3   0.3   0.3   0.2   0.2   0.3   0.2   0.2   0.2   0.1   0.2   0.2   0.1   0.1   0.1   0.1   0.1   0.1   0.1   0.1   0.1   0.1   0.1   0.1   0.0   0.1   0.2   0.4   0.5   0.4   0.3   0.4   0.3   0.3 
B: 33.2 28.2 33.7 31.3 33.4 32.0 30.7 35.4 35.7 35.7 33.2 34.5 33.2 32.8 32.2 30.5 33.0 33.3 29.6 29.0 32.6 35.7 33.7 32.1 36.2 33.8 32.2 34.8 32.7 33.9 35.3 35.1 36.4 33.4 34.6 32.7 31.5 31.1 29.6 32.9 32.5 32.8 32.4 32.1 31.6 33.6 33.5 32.3 32.4 33.1 33.4 31.5 32.7 34.9 29.8 33.9 33.9 30.9 32.0 40.4 35.5 32.2 34.5 32.4 33.1 33.8 31.0 29.0 30.5 31.0 31.9 33.1 29.9 32.0 31.5 32.5 34.5 33.3 34.4 31.8 31.5 32.9 31.3 33.0 34.1 32.6 32.4 35.7 35.5 34.5 35.9 34.8 34.5 34.8 32.2 33.6 33.5 32.5 33.7 34.8 28.9 33.0 31.8 33.7 33.8 34.0 34.7 30.6 33.6 31.7 33.2 35.4 34.9 34.5 34.3 36.1 32.7 31.6 34.6 34.9 34.5 36.5 35.3 33.6 32.6 39.2 35.2 35.9 34.8 35.1 35.4 37.7 38.0 36.9 39.6 47.7 40.2 47.0 45.5 39.2 40.1 39.4 41.7 39.1 37.7 38.1 36.1 35.2 36.8 37.8 45.8 38.0 40.2 37.0 38.4 44.6 40.0 39.4 40.7 38.7 42.2 38.5 38.0 41.5 46.1 41.5 39.5 41.9 41.3 38.1 40.4 39.6 39.8 39.3 39.4 38.6 33.7 37.1 42.1 37.5 38.2 39.2 42.0 40.5 40.5 35.4 36.2 42.2 37.5 37.9 34.7 39.2 43.9 43.5 42.0 44.2 43.4 41.2 41.2 39.3 
Direction:  n n n n n n n n n n n n n n n n n n n n n n n n n n n n n n n n n n n n n n n n n n n n n n n n n n n n n n n n n n n n n n n n n n n n n n n n n n n n n n n n n n n n n n n n n n n n n n n n n n n n n n n n n n n n n n n n n n n n n n n n n n n n n n n n n n n n n n n n n n n n n n n n n n n n n n n n n n n n n n n n n n n n n n n n n n n n n n n n n n n n n n n n n n n n n n n n n n n n n n n n

54.2: Count:   0.1 (  0.1) A:  21.2 [20-31] B:  35.4 [20-116] Phase: 100% 70 (35.1) Direction:  {44 136}
Phase: {12,11,14,14,18,20,16,12,19,12,14,17,18,21,19,16,9,11,19,19,9,18,23,21,17,11,18,23,18,19,13,30,13,15,25,23,21,21,25,23,35,45,24,43,45,37,35,40,36,43,57,52,55,55,50,51,52,53,70,64,79,55,63,69,42,51,65,62,81,68,57,55,60,67,54,51,52,81,40,62,59,68,59,60,55,57,49,63,67,46,46,42,50,51,30,58,37,37,40,46,44,43,28,27,21,16,22,29,29,25,22,26,27,17,23,25,19,12,14,12,20,18,13,7,21,11,14,11,8,10,10,12,9,9,3,15,8,12,8,13,5,8,12,5,8,10,6,8,6,3,8,6,3,4,1,9,4,8,9,7,5,3,7,7,8,12,4,9,1,3,6,6,2,5,5,1,3,2,2,2,1,2,3,1,3,2,2,5,2,2,1,2,3,1,1,2,1,0,1,1,1,2,3,4,1,1,0,1,0,0,0,2,3,2,0,3,2,1,1,1,2,1,2,1,0,0,5,2,0,4,0,0,5,1,2,2,1,2,1,3,6,2,6,7,5,2,6,7,7,11,14,12,19,9,13,12,10,16,9,7,12,18,9,11,30,14,18,16,11,23,18,26,17,16,22,23,22,15,13,16,14,7,14,18,14,21,15,18,12,15,11,8,12,5,9,9,4,10,9,7,6,7,8,6,2,7,9,4,3,5,1,12,5,4,4,1,6,4,5,5,11,6,11,8,11,9,13,13,5,4,6,6,6,4,7,5,8,13,5,9,6,6,8,11,11,17,4,17,8,14,13,17,8,12,18,6,6,21,13,18}
Count:   0.0   0.0   0.0   0.0   0.0   0.0   0.0   0.5   0.5   0.4   0.3   0.3   0.3   0.2   0.1   0.1   0.1   0.1   0.0   0.1   0.0   0.1   0.0   0.0   0.0   0.0   0.0   0.0   0.0   0.0   0.1   0.3   0.3   0.3   0.4   0.2   0.2   0.1   0.1   0.1   0.1   0.1   0.0   0.0   0.1   0.0   0.0   0.0   0.0   0.0   0.0   0.0   0.0   0.0   0.0   0.0   0.0   0.0   0.0   0.3   0.3   0.4   0.3   0.2   0.2   0.3   0.2   0.1   0.1   0.1   0.1   0.1   0.0   0.1   0.0   0.0   0.0   0.0   0.0   0.0   0.0   0.0   0.0   0.0   0.0   0.0   0.0   0.0   0.3   0.4   0.3   0.3   0.2   0.2   0.2   0.2   0.2   0.2   0.1   0.1   0.1   0.0   0.0   0.0   0.0   0.0   0.0   0.0   0.0   0.0   0.0   0.1   0.3   0.3   0.2   0.2   0.2   0.1   0.2   0.1   0.1   0.1   0.0   0.1   0.0   0.0   0.0   0.0   0.0   0.0   0.0   0.0   0.0   0.0   0.0   0.4   0.4   0.3   0.3   0.2   0.2   0.1   0.1   0.1   0.1   0.0   0.0   0.0   0.0   0.0   0.0   0.0   0.0   0.0   0.0   0.0   0.0   0.0   0.0   0.0   0.0   0.0   0.0   0.0   0.4   0.2   0.3   0.2   0.1   0.2   0.1   0.1   0.1   0.1   0.1   0.1   0.1   0.0   0.1   0.0   0.0   0.0   0.0   0.0   0.0   0.0   0.0   0.0   0.0   0.0   0.0   0.0   0.2   0.3   0.3   0.2   0.3   0.3   0.2   0.2 
B: 24.0 29.0 27.0 31.6 30.5 35.0 27.2 34.0 34.6 35.6 32.7 32.4 32.1 33.1 32.7 31.2 31.0 30.0 26.9 29.1 29.8 35.8 30.1 33.0 30.2 35.3 28.2 33.0 27.2 30.0 43.0 35.2 33.9 31.6 30.8 33.4 33.0 32.7 31.2 32.0 33.0 25.7 31.0 29.3 32.5 30.0 31.6 30.6 33.0 32.3 26.7 28.8 33.2 33.8 28.5 40.8 26.0 28.4 34.0 39.5 33.3 32.0 31.5 31.1 31.8 33.6 31.3 33.2 30.3 29.1 28.8 34.0 26.0 34.4 23.6 34.0 34.1 29.1 32.6 31.8 26.6 28.0 33.6 34.2 31.0 31.9 28.0 35.0 34.1 34.2 32.8 33.5 33.3 31.6 33.7 31.4 28.7 34.4 33.6 35.8 34.0 29.9 36.3 35.4 47.5 34.1 31.2 37.0 29.5 35.8 29.7 37.2 33.3 33.4 31.1 33.2 30.2 33.6 37.1 35.5 34.6 31.0 35.3 30.7 33.7 37.3 40.6 35.3 37.7 37.0 31.0 41.1 33.6 33.0 35.5 45.9 40.2 44.6 42.0 37.3 41.8 39.4 36.4 40.2 43.0 38.0 31.5 39.5 32.2 41.1 45.2 36.8 39.9 37.8 38.0 41.2 22.3 41.4 34.5 39.5 43.8 38.2 32.6 34.7 42.7 40.5 39.8 38.1 40.0 39.8 36.0 37.2 40.1 37.9 37.8 39.2 36.7 36.4 36.5 38.1 38.8 35.7 23.0 30.6 35.3 34.0 40.1 41.3 31.7 37.6 36.1 36.2 40.6 40.7 40.9 44.2 40.4 40.1 39.2 36.8 
Direction:  n n n n n n n n n n n n n n n n n n n n n n n n n n n n n n n n n n n n n n n n n n n n n n n n n n n n n n n n n n n n n n n n n n n n n n n n n n n n n n n n n n n n n n n n n n n n n n n n n n n n n n n n n n n n n n n n n n n n n n n n n n n n n n n n n n n n n n n n n n n n n n n n n n n n n n n n n n n n n n n n n n n n n n n n n n n n n n n n n n n n n n n n n n n n n n n n n n n n n n n n

54.3: Count:   0.0 (  0.1) A:  21.1 [20-33] B:  36.8 [20-116] 
Phase: {9,6,3,2,2,6,7,6,4,3,7,12,7,5,9,5,7,10,9,9,12,2,11,11,10,7,6,10,8,20,14,12,8,5,11,9,11,15,14,10,15,5,18,13,16,18,15,21,18,22,21,16,23,25,13,33,23,28,31,23,32,23,25,28,36,23,32,30,41,15,16,30,28,22,28,31,32,22,35,27,29,27,19,25,17,41,26,28,18,25,31,18,15,17,14,14,16,14,13,18,9,17,8,11,4,20,11,12,20,5,4,5,6,7,14,8,5,9,1,5,7,8,8,4,4,9,6,5,6,3,2,8,3,5,8,5,4,8,3,0,3,3,3,7,0,9,4,1,2,2,4,2,1,6,5,4,4,5,0,6,1,0,2,4,2,1,0,1,3,1,2,0,1,1,1,0,1,1,3,0,1,1,0,0,0,0,0,1,0,0,2,0,0,0,1,0,0,0,1,0,0,0,0,2,0,0,0,0,0,0,0,0,0,0,0,0,0,0,0,0,0,0,0,0,0,0,0,0,0,1,1,1,2,0,1,0,0,0,0,0,1,3,0,2,2,1,3,3,1,1,2,0,1,1,1,0,4,0,0,2,4,5,0,2,2,0,1,0,3,3,1,3,1,1,0,1,0,4,4,1,3,1,2,0,0,0,2,0,3,0,0,6,1,1,2,3,0,0,4,1,2,0,1,2,0,1,0,1,0,0,0,1,0,0,0,0,3,0,0,0,0,0,2,1,2,1,1,0,1,3,5,2,0,5,3,0,2,0,2,2,5,0,3,5,2,4,3,3,0,6,4,1,2,3,6,4,5,5,6,0}
Count:   0.0   0.0   0.0   0.0   0.0   0.0   0.0   0.2   0.2   0.3   0.2   0.1   0.1   0.1   0.1   0.0   0.0   0.0   0.0   0.0   0.0   0.0   0.0   0.0   0.0   0.0   0.0   0.0   0.0   0.0   0.0   0.2   0.2   0.1   0.1   0.1   0.1   0.0   0.0   0.0   0.0   0.0   0.0   0.0   0.0   0.0   0.0   0.0   0.0   0.0   0.0   0.0   0.0   0.0   0.0   0.0   0.0   0.0   0.0   0.2   0.1   0.2   0.1   0.1   0.1   0.1   0.1   0.1   0.0   0.0   0.0   0.0   0.0   0.0   0.0   0.0   0.0   0.0   0.0   0.0   0.0   0.0   0.0   0.0   0.0   0.0   0.0   0.0   0.1   0.2   0.1   0.1   0.1   0.1   0.1   0.1   0.1   0.0   0.0   0.0   0.0   0.0   0.0   0.0   0.0   0.0   0.0   0.0   0.0   0.0   0.0   0.1   0.1   0.1   0.1   0.1   0.1   0.0   0.0   0.0   0.0   0.0   0.0   0.0   0.0   0.0   0.0   0.0   0.0   0.0   0.0   0.0   0.0   0.0   0.0   0.2   0.1   0.1   0.1   0.1   0.1   0.0   0.1   0.0   0.0   0.0   0.0   0.0   0.0   0.0   0.0   0.0   0.0   0.0   0.0   0.0   0.0   0.0   0.0   0.0   0.0   0.0   0.0   0.0   0.2   0.1   0.1   0.1   0.1   0.1   0.0   0.0   0.0   0.0   0.0   0.0   0.0   0.0   0.0   0.0   0.0   0.0   0.0   0.0   0.0   0.0   0.0   0.0   0.0   0.0   0.0   0.0   0.1   0.1   0.1   0.1   0.1   0.1   0.1   0.1 
B: * * 38.3 35.5 * * * 35.6 34.5 34.4 32.6 38.5 33.3 32.8 29.3 32.7 34.8 37.0 27.0 40.3 31.0 35.4 * * 45.0 20.0 * 25.0 34.0 28.0 44.1 33.2 36.1 32.4 33.5 34.7 32.0 30.9 34.3 25.2 39.2 44.5 25.2 31.0 33.3 42.0 * 23.0 * 47.0 * 40.0 41.0 36.0 * * * 46.0 28.0 41.4 31.1 35.1 36.2 37.0 31.2 38.5 32.1 38.5 37.7 47.3 27.1 30.5 27.0 37.0 22.0 * 29.0 * * * * * * 30.0 48.0 * * 37.3 32.8 33.7 33.5 32.8 37.0 32.0 34.1 31.6 27.5 29.6 63.3 45.0 39.5 27.8 50.5 * * 25.0 28.5 * * 62.0 37.3 35.3 33.4 31.5 32.4 33.2 31.2 29.3 33.7 34.9 32.4 27.5 * 44.0 40.3 24.5 46.0 * 38.0 * 35.0 41.0 * * * 52.2 41.4 48.4 40.5 37.3 42.0 32.2 44.7 24.0 31.2 42.6 44.0 56.0 42.3 34.0 42.6 * 47.0 29.0 35.0 49.5 * * * 30.8 * * * 45.0 39.8 37.5 38.7 37.0 39.9 36.8 35.4 34.7 35.0 47.2 41.4 35.5 43.5 * 55.8 * 38.0 * 56.0 26.0 * * * 42.0 * * 42.0 40.7 42.7 39.2 40.5 44.5 42.0 42.6 49.0 35.2 
Direction: * *  n n* * *  n n n n n n n n n n n n n n n* *  n n*  n n n n n n n n n n n n n n n n n n n*  n*  n*  n n n* * *  n n n n n n n n n n n n n n n n n n*  n* * * * * *  n n* *  n n n n n n n n n n n n n n n n* *  n n* *  n n n n n n n n n n n n n*  n n n n*  n*  n n* * *  n n n n n n n n n n n n n n n n*  n n n n* * *  n* * *  n n n n n n n n n n n n n n*  n*  n*  n n* * *  n* *  n n n n n n n n n n

54.4: Count:   0.0 (  0.0) A:  21.1 [20-31] B:  39.5 [20-101] 
Phase: {2,0,2,4,3,1,3,7,4,2,3,1,9,4,5,8,11,8,8,3,5,5,6,10,9,7,5,8,13,6,2,8,4,8,3,3,9,7,7,11,13,13,3,17,2,9,15,10,10,16,8,16,18,13,12,10,15,10,24,10,23,12,16,26,24,20,19,18,26,12,14,14,23,17,22,20,28,19,23,14,19,26,14,16,14,11,10,25,14,20,10,13,13,9,4,9,8,7,7,5,1,13,2,7,3,0,4,9,6,5,8,2,4,6,4,6,1,4,4,2,2,3,2,1,1,1,6,4,0,3,2,3,5,2,7,2,4,1,1,2,2,1,2,0,2,0,2,2,0,0,0,1,1,0,0,0,0,1,0,0,0,0,0,1,0,0,0,0,0,1,0,0,0,0,0,0,1,0,0,0,0,0,0,0,0,0,0,0,0,0,0,0,0,0,0,0,0,0,0,0,0,0,1,0,0,0,0,0,0,0,0,0,0,0,0,0,0,0,0,0,0,0,0,0,0,0,0,0,0,0,0,0,1,0,0,0,0,0,0,0,0,0,0,0,0,0,0,0,0,0,0,0,0,0,0,0,0,2,0,0,0,0,0,0,0,0,0,0,0,0,1,0,0,0,0,0,0,0,0,0,0,0,0,0,0,0,0,0,0,0,0,0,0,0,0,0,0,0,0,0,0,0,0,0,0,0,0,0,0,0,0,0,0,1,0,0,0,0,0,0,0,0,0,0,0,0,0,0,0,0,0,0,0,1,0,0,2,0,1,0,0,1,2,1,1,3,1,1,1,1,1,2,1,0,1,2,0,3,3,2}
Count:   0.0   0.0   0.0   0.0   0.0   0.0   0.0   0.1   0.1   0.1   0.1   0.1   0.0   0.0   0.0   0.0   0.0   0.0   0.0   0.0   0.0   0.0   0.0   0.0   0.0   0.0   0.0   0.0   0.0   0.0   0.0   0.1   0.1   0.1   0.0   0.0   0.0   0.0   0.0   0.0   0.0   0.0   0.0   0.0   0.0   0.0   0.0   0.0   0.0   0.0   0.0   0.0   0.0   0.0   0.0   0.0   0.0   0.0   0.0   0.1   0.1   0.1   0.1   0.1   0.1   0.0   0.1   0.0   0.0   0.0   0.0   0.0   0.0   0.0   0.0   0.0   0.0   0.0   0.0   0.0   0.0   0.0   0.0   0.0   0.0   0.0   0.0   0.0   0.1   0.1   0.1   0.1   0.1   0.0   0.1   0.1   0.0   0.0   0.0   0.0   0.0   0.0   0.0   0.0   0.0   0.0   0.0   0.0   0.0   0.0   0.0   0.1   0.1   0.0   0.0   0.1   0.0   0.1   0.0   0.0   0.0   0.0   0.0   0.0   0.0   0.0   0.0   0.0   0.0   0.0   0.0   0.0   0.0   0.0   0.0   0.2   0.1   0.1   0.1   0.1   0.0   0.0   0.0   0.0   0.0   0.0   0.0   0.0   0.0   0.0   0.0   0.0   0.0   0.0   0.0   0.0   0.0   0.0   0.0   0.0   0.0   0.0   0.0   0.0   0.1   0.1   0.1   0.0   0.0   0.0   0.0   0.0   0.0   0.0   0.0   0.0   0.0   0.0   0.0   0.0   0.0   0.0   0.0   0.0   0.0   0.0   0.0   0.0   0.0   0.0   0.0   0.0   0.1   0.1   0.1   0.0   0.0   0.0   0.0   0.0 
B: * * * 28.0 * * 40.0 31.8 36.2 36.7 35.8 34.8 39.2 29.8 35.0 32.2 36.2 44.0 32.0 * * 37.7 * 21.0 25.0 * * * * * 40.3 34.4 37.3 32.4 44.8 31.6 36.6 26.8 37.2 46.0 * 33.0 33.0 * 32.0 * * 29.0 21.0 * * * 31.0 35.3 * * * 25.0 * 48.5 36.3 39.3 30.3 35.3 38.3 34.7 30.7 40.6 35.6 39.6 * 36.0 37.0 52.3 42.0 41.0 34.0 * 22.0 * * * * * * 33.0 42.0 43.1 34.2 38.6 35.2 31.5 35.1 32.2 38.0 34.1 36.8 33.8 28.3 34.0 46.0 22.0 42.0 * 35.0 * * 53.0 * * * 41.8 35.7 35.9 32.6 43.0 30.5 36.7 34.1 27.8 48.8 42.0 22.0 23.0 * 30.0 * 32.5 * 26.0 * * * * 37.0 59.1 39.2 45.8 51.4 47.4 35.2 35.2 * 26.5 51.5 26.5 * * * 53.2 * * * 40.0 38.0 * 53.0 * * * 55.0 * * * 51.0 42.9 44.8 45.2 32.7 39.6 34.6 50.7 35.8 44.3 32.0 53.0 * 64.5 75.2 27.0 * * 40.0 * * * * * * * * * 41.7 45.1 38.5 57.1 39.5 45.9 38.4 34.9 


54.5: Count:   0.0 (  0.0) A:  21.1 [20-30] B:  37.3 [20-102] 
Phase: {2,4,2,3,3,4,5,1,7,3,8,3,3,2,5,5,2,3,7,8,15,8,7,7,1,21,3,11,11,9,9,8,13,6,16,6,14,20,6,13,13,15,9,14,14,12,18,19,7,21,11,15,13,12,20,25,12,24,15,19,24,24,25,23,30,28,31,26,31,18,25,37,29,20,25,18,24,24,29,17,20,29,27,29,28,14,17,25,11,13,10,19,9,15,13,16,8,13,13,22,9,8,9,10,6,3,6,9,8,3,11,1,6,6,4,5,5,6,4,3,3,0,2,3,4,7,2,5,2,1,1,0,4,1,4,3,3,2,1,4,4,3,2,3,2,1,3,0,2,0,0,0,1,0,0,0,0,2,2,0,0,0,1,0,0,0,1,0,0,2,0,0,0,0,0,0,0,0,0,0,0,0,0,0,0,0,0,0,0,0,0,0,0,0,0,0,0,0,0,0,0,0,0,0,0,0,0,0,0,0,0,0,0,0,0,0,0,0,0,0,0,0,0,0,0,1,0,1,0,0,0,0,0,0,0,0,1,0,0,0,0,0,0,0,0,0,0,0,0,0,0,0,0,0,2,0,0,3,0,1,0,0,0,0,0,0,0,0,2,0,0,0,0,0,2,0,0,0,2,0,2,1,3,0,0,0,0,0,3,2,0,0,1,2,0,0,2,2,0,0,0,0,0,1,0,0,0,1,0,0,3,0,0,0,0,0,0,0,4,0,0,2,0,1,0,0,0,0,0,0,1,1,0,0,2,0,0,2,0,1,1,2,0,0,1,0,2,2,0,1,3,4,3,8,3,3,2,7,2,0}
Count:   0.0   0.0   0.0   0.0   0.0   0.0   0.0   0.2   0.2   0.2   0.1   0.1   0.0   0.0   0.0   0.0   0.0   0.0   0.0   0.0   0.0   0.0   0.0   0.0   0.0   0.0   0.0   0.0   0.0   0.0   0.0   0.2   0.1   0.1   0.0   0.1   0.0   0.1   0.0   0.0   0.0   0.0   0.0   0.0   0.0   0.0   0.0   0.0   0.0   0.0   0.0   0.0   0.0   0.0   0.0   0.0   0.0   0.0   0.0   0.1   0.1   0.1   0.1   0.1   0.1   0.1   0.0   0.0   0.0   0.0   0.0   0.0   0.0   0.0   0.0   0.0   0.0   0.0   0.0   0.0   0.0   0.0   0.0   0.0   0.0   0.0   0.0   0.0   0.1   0.1   0.1   0.1   0.1   0.1   0.1   0.1   0.0   0.0   0.0   0.0   0.0   0.0   0.0   0.0   0.0   0.0   0.0   0.0   0.0   0.0   0.0   0.1   0.1   0.1   0.0   0.1   0.1   0.0   0.0   0.0   0.0   0.0   0.0   0.0   0.0   0.0   0.0   0.0   0.0   0.0   0.0   0.0   0.0   0.0   0.0   0.3   0.1   0.1   0.1   0.1   0.0   0.0   0.0   0.0   0.0   0.0   0.0   0.0   0.0   0.0   0.0   0.0   0.0   0.0   0.0   0.0   0.0   0.0   0.0   0.0   0.0   0.0   0.0   0.0   0.1   0.2   0.1   0.1   0.0   0.0   0.1   0.0   0.0   0.0   0.0   0.0   0.0   0.0   0.0   0.0   0.0   0.0   0.0   0.0   0.0   0.0   0.0   0.0   0.0   0.0   0.0   0.0   0.1   0.1   0.1   0.1   0.1   0.0   0.0   0.0 
B: * * * 34.5 21.0 * 20.0 32.6 35.4 32.5 34.6 31.7 34.2 28.8 25.8 29.0 31.0 42.5 39.2 27.0 35.0 57.0 43.0 * * * * 45.0 21.0 * 43.7 33.2 32.1 43.5 34.6 30.6 40.7 33.5 41.7 24.6 * 37.0 * 27.0 * * 26.0 30.0 * * * * 21.0 35.0 45.4 44.0 * * * 45.6 36.3 32.7 28.9 32.8 35.3 28.7 36.0 26.5 29.1 40.5 28.5 27.0 28.2 54.7 * 34.0 23.0 * * * * 33.0 34.0 * * * * 35.5 37.9 33.4 33.8 35.4 39.1 37.4 32.8 29.4 31.8 32.5 33.7 25.0 25.0 44.6 54.8 * * * 46.0 * * * * 39.7 34.2 31.9 32.0 34.1 38.2 26.8 29.8 40.6 36.0 29.0 24.0 24.5 60.0 21.0 25.0 40.0 27.5 33.3 24.0 * * 29.0 * 57.8 40.0 43.6 43.1 41.1 32.9 43.1 28.4 39.8 54.0 41.0 30.0 27.0 34.0 55.5 * 24.0 35.0 36.0 57.0 * * * * 42.0 * * 33.0 * 47.4 40.7 43.6 46.2 32.8 38.9 40.5 41.2 34.9 43.0 33.7 64.0 41.0 26.6 * * 33.0 * 41.0 31.0 29.0 37.0 * 45.0 * 21.0 21.0 64.0 41.3 37.9 38.5 38.0 39.3 38.1 48.7 40.1 
Direction: * * *  n n*  n n n n n n n n n n n n n n n n n* * * *  n n*  n n n n n n n n n n*  n*  n* *  n n* * * *  n n n n* * *  n n n n n n n n n n n n n n n*  n n* * * *  n n* * * *  n n n n n n n n n n n n n n n n* * *  n* * * *  n n n n n n n n n n n n n n n n n n n n* *  n*  n n n n n n n n n n n n n n n*  n n n n* * * *  n* *  n*  n n n n n n n n n n n n n n* *  n*  n n n n*  n*  n n n n n n n n n n n

54.6: Count:   0.0 (  0.0) A:  21.1 [20-31] B:  36.0 [20-100] 
Phase: {3,2,3,11,5,0,3,6,5,5,5,5,5,6,8,6,3,6,10,11,8,4,6,9,7,5,1,6,8,5,3,11,11,11,8,5,16,23,10,10,6,11,13,14,13,13,14,30,18,27,21,20,34,26,24,14,27,25,27,10,32,31,31,27,20,26,29,26,25,41,34,26,32,26,20,36,22,20,25,18,34,25,23,32,37,47,13,24,20,14,19,12,10,15,6,23,9,7,4,10,6,13,5,12,6,6,12,10,12,12,6,6,13,7,4,13,5,5,4,1,6,5,0,1,5,4,0,3,1,5,2,6,0,2,3,1,0,1,2,4,0,4,0,0,1,0,2,3,2,0,0,0,2,5,3,0,2,3,1,0,5,0,0,0,0,0,0,0,0,0,0,0,2,0,0,0,0,0,0,0,0,0,0,0,0,1,0,0,0,0,0,0,0,0,0,0,0,0,0,0,0,0,0,0,0,0,0,0,0,0,0,0,0,0,0,0,0,0,0,0,0,0,0,0,0,0,0,0,0,0,0,0,2,0,0,0,0,0,0,0,0,0,0,0,0,0,0,0,0,0,0,0,0,0,0,0,0,0,0,0,0,1,0,0,0,0,0,0,0,0,0,1,0,1,0,5,0,1,0,0,0,0,0,0,0,1,0,0,0,0,0,4,1,0,0,4,0,0,0,0,0,0,0,0,0,2,0,0,0,0,0,0,2,0,0,1,0,0,0,1,0,0,0,0,0,0,2,0,1,0,0,2,0,0,0,0,0,2,2,0,0,1,0,1,2,1,1,4,1,4,3,0,1,2,1,0,4,1,1,2}
Count:   0.0   0.0   0.0   0.0   0.0   0.0   0.0   0.2   0.2   0.2   0.1   0.1   0.1   0.1   0.1   0.0   0.0   0.0   0.0   0.0   0.0   0.0   0.0   0.0   0.0   0.0   0.0   0.0   0.0   0.0   0.0   0.2   0.1   0.1   0.1   0.1   0.0   0.0   0.0   0.0   0.0   0.0   0.0   0.0   0.0   0.0   0.0   0.0   0.0   0.0   0.0   0.0   0.0   0.0   0.0   0.0   0.0   0.0   0.0   0.2   0.1   0.1   0.1   0.1   0.1   0.0   0.0   0.0   0.0   0.1   0.0   0.0   0.0   0.0   0.0   0.0   0.0   0.0   0.0   0.0   0.0   0.0   0.0   0.0   0.0   0.0   0.0   0.0   0.1   0.1   0.1   0.1   0.1   0.1   0.1   0.1   0.0   0.0   0.0   0.0   0.0   0.0   0.0   0.0   0.0   0.0   0.0   0.0   0.0   0.0   0.0   0.1   0.1   0.1   0.1   0.1   0.1   0.0   0.0   0.0   0.0   0.0   0.0   0.0   0.0   0.0   0.0   0.0   0.0   0.0   0.0   0.0   0.0   0.0   0.0   0.3   0.2   0.1   0.2   0.1   0.0   0.0   0.0   0.0   0.0   0.0   0.0   0.0   0.0   0.0   0.0   0.0   0.0   0.0   0.0   0.0   0.0   0.0   0.0   0.0   0.0   0.0   0.0   0.0   0.1   0.1   0.1   0.1   0.0   0.1   0.1   0.0   0.0   0.0   0.0   0.0   0.0   0.0   0.0   0.0   0.0   0.0   0.0   0.0   0.0   0.0   0.0   0.0   0.0   0.0   0.0   0.0   0.1   0.1   0.1   0.1   0.1   0.1   0.0   0.1 
B: * 23.0 30.0 * * 27.0 * 35.0 35.3 33.0 34.1 28.4 27.6 31.3 42.4 26.6 33.5 27.0 24.2 28.3 * 41.6 * * * 26.0 * 32.0 27.0 * 32.2 33.7 34.4 32.0 33.7 30.3 35.4 32.1 45.4 23.5 28.1 28.1 * 21.0 * * * * * * * 26.0 * * 33.0 * * * 22.0 39.7 33.2 34.7 32.5 29.3 28.8 34.9 26.0 28.7 24.1 32.0 28.5 32.5 * 60.7 25.0 * * 26.0 * * 27.0 * * * 29.0 24.0 * 32.1 37.0 37.4 33.3 33.8 33.6 34.0 40.6 30.7 31.8 39.6 29.0 29.0 26.4 26.0 * 25.0 * * * * * 28.0 * 32.9 32.4 29.0 29.8 30.5 30.5 32.5 26.8 36.1 29.6 28.0 25.0 27.0 23.0 47.0 * * * * * * 28.0 * * 57.3 37.2 41.1 42.0 38.1 31.7 37.7 33.5 30.5 27.0 36.0 45.5 * 23.0 51.8 * 28.0 * * 42.0 44.5 * * * 37.0 * * * * 40.0 35.6 40.0 43.3 38.8 34.6 41.5 32.0 37.5 46.1 38.6 25.0 61.0 * * * * * * * 29.5 * 29.6 * * 24.0 22.0 49.0 40.1 38.8 36.5 40.8 40.1 33.6 40.2 35.6 
Direction: *  n n* *  n*  n n n n n n n n n n n n n*  n* * *  n*  n n*  n n n n n n n n n n n n*  n* * * * * * *  n* *  n* * *  n n n n n n n n n n n n n n*  n n* *  n* *  n* * *  n n*  n n n n n n n n n n n n n n n*  n* * * * *  n*  n n n n n n n n n n n n n n n* * * * * *  n* *  n n n n n n n n n n n n*  n n*  n* *  n n* * *  n* * * *  n n n n n n n n n n n n n* * * * * * *  n*  n* *  n n n n n n n n n n n

54.7: Count:   0.0 (  0.1) A:  21.1 [20-31] B:  34.5 [20-96] 
Phase: {2,2,2,5,3,4,2,4,4,3,5,4,0,5,0,4,7,5,16,1,6,8,9,5,9,9,13,7,14,9,15,14,12,10,15,3,13,12,22,15,23,7,20,17,14,29,9,15,13,14,28,29,30,19,25,21,24,28,19,43,23,39,32,36,40,36,29,43,29,28,39,31,22,39,28,23,33,37,26,30,20,31,29,37,31,13,28,29,23,19,29,35,17,19,30,10,16,12,21,24,18,14,16,15,20,4,9,10,5,5,12,3,8,4,4,5,3,9,0,2,4,6,3,3,6,8,6,2,1,4,0,2,1,2,5,0,3,1,1,1,3,1,1,1,1,4,1,0,1,1,2,0,1,2,1,0,0,3,0,0,1,2,0,0,2,2,0,0,0,0,1,0,0,0,0,0,0,0,3,0,0,0,0,0,0,0,0,0,0,0,0,0,0,0,0,0,0,0,0,0,0,0,0,0,0,0,0,0,0,0,0,0,0,0,0,0,0,0,0,0,0,0,0,0,0,0,1,0,0,0,0,0,0,0,0,0,0,0,0,0,0,0,0,0,0,0,0,0,0,0,0,0,0,0,0,0,0,0,0,1,0,0,0,0,0,0,0,0,0,0,0,0,0,0,0,1,0,0,0,0,0,0,3,0,0,2,0,0,0,0,0,0,1,0,0,0,0,0,0,0,0,0,1,0,0,0,1,0,0,0,0,0,0,0,0,2,0,0,0,0,1,1,3,1,1,0,0,0,5,0,0,4,1,0,0,6,0,0,1,0,1,0,5,2,0,0,0,0,6,0,0,1,6,3,3,2,1,7,2,0}
Count:   0.0   0.0   0.0   0.0   0.0   0.0   0.0   0.2   0.2   0.2   0.2   0.1   0.1   0.1   0.0   0.0   0.0   0.0   0.0   0.0   0.0   0.0   0.0   0.0   0.0   0.0   0.0   0.0   0.0   0.0   0.0   0.2   0.2   0.1   0.1   0.1   0.1   0.1   0.0   0.0   0.0   0.0   0.0   0.0   0.0   0.0   0.0   0.0   0.0   0.0   0.0   0.0   0.0   0.0   0.0   0.0   0.0   0.0   0.0   0.1   0.2   0.1   0.1   0.1   0.1   0.1   0.1   0.1   0.0   0.0   0.0   0.0   0.0   0.0   0.0   0.0   0.0   0.0   0.0   0.0   0.0   0.0   0.0   0.0   0.0   0.0   0.0   0.0   0.1   0.1   0.2   0.1   0.1   0.0   0.1   0.1   0.1   0.1   0.0   0.0   0.0   0.0   0.0   0.0   0.0   0.0   0.0   0.0   0.0   0.0   0.0   0.1   0.1   0.1   0.1   0.1   0.1   0.1   0.0   0.0   0.0   0.0   0.0   0.0   0.0   0.0   0.0   0.0   0.0   0.0   0.0   0.0   0.0   0.0   0.0   0.1   0.1   0.1   0.1   0.1   0.1   0.0   0.0   0.0   0.0   0.0   0.0   0.0   0.0   0.0   0.0   0.0   0.0   0.0   0.0   0.0   0.0   0.0   0.0   0.0   0.0   0.0   0.0   0.0   0.1   0.1   0.1   0.1   0.0   0.1   0.1   0.0   0.1   0.0   0.0   0.0   0.0   0.0   0.0   0.0   0.0   0.0   0.0   0.0   0.0   0.0   0.0   0.0   0.0   0.0   0.0   0.0   0.1   0.1   0.1   0.1   0.1   0.1   0.1   0.1 
B: * * * * 22.0 * * 34.7 31.7 31.2 30.4 34.3 33.8 27.0 35.2 31.5 24.2 24.0 36.0 28.5 25.0 * * 26.3 * 30.0 30.0 * * 25.0 31.3 33.6 33.0 30.1 27.7 29.4 34.8 30.0 32.1 26.7 37.0 29.0 20.6 * 39.5 * 29.0 * * 32.5 * * * 22.0 * * * * * 40.1 33.5 30.7 32.7 35.3 29.3 32.4 29.8 30.4 33.1 37.5 24.2 33.8 42.7 55.2 * * * * * * * 29.3 * * * * 30.3 33.6 31.0 32.7 35.8 30.4 28.0 26.6 28.7 34.9 31.2 30.0 24.7 22.0 30.5 * 39.0 * * * * * 55.0 * * 34.6 37.1 29.6 28.9 30.2 26.8 30.8 31.2 27.5 30.6 28.8 30.0 20.5 29.7 32.0 21.0 * * * * * * 28.0 * 47.0 36.6 39.6 45.5 37.6 41.7 32.7 30.4 29.8 28.5 21.5 36.0 * * * * * * 35.0 * * * * 29.0 * * * * * 38.6 39.7 38.5 36.7 38.3 36.2 34.6 32.6 36.2 29.6 48.3 30.1 21.0 30.5 61.5 * * * * 23.0 54.0 50.0 * * * * * * 37.0 41.6 39.7 44.4 33.1 37.0 41.3 35.3 
Direction: * * * *  n* *  n n n n n n n n n n n n n n* *  n*  n n* *  n n n n n n n n n n n n n n*  n*  n* *  n* * *  n* * * * *  n n n n n n n n n n n n n n n* * * * * * *  n* * * *  n n n n n n n n n n n n n n n*  n* * * * *  n* *  n n n n n n n n n n n n n n n n* * * * * *  n*  n n n n n n n n n n n n* * * * * *  n* * * *  n* * * * *  n n n n n n n n n n n n n n n* * * *  n n n* * * * * *  n n n n n n n n

54.8: Count:   0.0 (  0.1) A:  21.1 [20-34] B:  32.3 [20-86] 
Phase: {0,2,6,2,2,3,3,4,4,5,3,4,2,6,7,9,4,5,3,4,10,6,6,6,9,7,10,7,9,11,10,15,9,19,12,13,19,14,21,15,29,25,24,14,23,28,28,28,13,20,31,28,37,20,32,35,35,43,33,27,48,37,35,37,38,46,36,29,43,37,50,37,23,43,37,46,34,48,28,39,30,42,29,38,34,24,33,28,35,34,46,31,28,26,30,28,37,24,30,20,14,11,25,20,20,28,18,18,10,8,6,12,9,8,14,5,5,7,3,9,8,2,6,6,4,6,4,2,4,1,5,3,6,1,0,4,1,0,1,0,3,5,3,2,0,0,1,2,0,2,0,3,1,0,0,2,0,0,1,0,2,0,1,0,0,0,0,2,0,0,0,2,0,0,0,2,0,3,0,0,2,0,0,0,0,0,1,0,0,0,0,0,0,0,0,0,0,1,0,0,0,0,0,0,0,0,0,0,0,0,0,0,0,0,0,0,0,0,0,0,0,0,0,0,0,0,0,0,0,0,0,0,0,0,0,0,0,0,0,0,0,0,0,0,0,0,0,0,0,0,0,0,0,0,0,0,0,0,1,0,0,0,0,0,2,0,2,0,0,0,0,0,0,0,0,0,0,0,0,0,0,0,0,0,1,0,0,0,1,0,0,0,0,0,1,1,0,0,0,2,0,0,2,0,3,0,0,0,0,0,0,2,0,3,3,0,0,0,0,0,0,2,0,1,1,4,0,1,2,0,3,0,0,0,1,1,0,4,1,0,0,2,2,1,0,2,0,2,0,0,0,2,2,1,3,3,1,4,3,4}
Count:   0.0   0.0   0.0   0.0   0.0   0.0   0.0   0.2   0.3   0.3   0.2   0.1   0.1   0.1   0.1   0.0   0.0   0.0   0.0   0.0   0.0   0.0   0.0   0.0   0.0   0.0   0.0   0.0   0.0   0.0   0.0   0.3   0.2   0.2   0.2   0.1   0.1   0.0   0.0   0.0   0.0   0.0   0.0   0.0   0.0   0.0   0.0   0.0   0.0   0.0   0.0   0.0   0.0   0.0   0.0   0.0   0.0   0.0   0.0   0.1   0.1   0.2   0.1   0.1   0.1   0.1   0.1   0.1   0.0   0.0   0.0   0.0   0.0   0.0   0.0   0.0   0.0   0.0   0.0   0.0   0.0   0.0   0.0   0.0   0.0   0.0   0.0   0.0   0.1   0.2   0.1   0.2   0.1   0.1   0.1   0.1   0.1   0.1   0.0   0.0   0.0   0.0   0.0   0.0   0.0   0.0   0.0   0.0   0.0   0.0   0.0   0.1   0.1   0.1   0.1   0.1   0.1   0.1   0.0   0.0   0.0   0.0   0.0   0.0   0.0   0.0   0.0   0.0   0.0   0.0   0.0   0.0   0.0   0.0   0.0   0.1   0.2   0.2   0.1   0.1   0.2   0.1   0.0   0.0   0.0   0.0   0.0   0.0   0.0   0.0   0.0   0.0   0.0   0.0   0.0   0.0   0.0   0.0   0.0   0.0   0.0   0.0   0.0   0.0   0.1   0.2   0.1   0.1   0.1   0.0   0.1   0.1   0.1   0.0   0.1   0.1   0.0   0.0   0.1   0.0   0.0   0.0   0.0   0.0   0.0   0.0   0.0   0.0   0.0   0.0   0.0   0.0   0.1   0.1   0.1   0.1   0.1   0.1   0.1   0.1 
B: * * 45.0 * * * * 30.4 32.0 27.7 32.1 29.1 29.2 30.9 38.2 33.9 27.4 28.6 26.3 29.5 24.7 38.0 * * * * 29.0 34.0 * * 35.3 30.9 31.8 31.4 29.9 28.1 33.1 27.0 28.1 30.8 24.0 33.0 * 41.0 49.0 23.0 * 30.0 * 27.0 31.0 28.2 * * * * 20.0 * * 35.7 32.1 30.6 29.3 30.6 28.8 28.0 30.1 30.4 29.5 27.6 22.9 26.0 21.0 41.8 * * * * * * * 40.0 * * 42.0 * 26.0 32.5 28.8 29.9 34.5 28.7 28.5 25.0 28.9 32.8 32.0 29.1 26.0 28.1 24.0 29.5 44.2 * * * * 21.0 29.3 * * 31.6 29.4 28.6 28.7 31.9 29.2 26.9 23.3 26.0 30.5 26.8 31.7 26.8 60.0 22.0 32.5 20.0 * * * * * * * 34.9 36.0 34.1 41.3 35.0 34.7 33.1 36.2 34.3 26.4 32.3 24.0 40.2 46.0 33.6 42.5 * * 38.0 * * * * 31.0 * * * * 35.0 39.0 35.8 35.0 34.4 33.4 29.6 37.2 32.6 36.2 30.8 29.9 35.9 30.0 * 61.2 33.0 * 22.0 * * * 39.0 * * * * 20.0 * 40.1 38.7 41.2 37.0 33.7 33.0 37.4 34.6 
Direction: * *  n* * * *  n n n n n n n n n n n n n n n* * * *  n n* *  n n n n n n n n n n n n*  n n n*  n*  n n n* * * *  n* *  n n n n n n n n n n n n n n n* * * * * * *  n* *  n*  n n n n n n n n n n n n n n n n n* * * *  n n* *  n n n n n n n n n n n n n n n n n* * * * * * *  n n n n n n n n n n n n n n n n* *  n* * * *  n* * * *  n n n n n n n n n n n n n n*  n n*  n* * *  n* * * *  n*  n n n n n n n n

54.9: Count:   0.0 (  0.1) A:  21.1 [20-36] B:  35.3 [20-96] Phase: 100% 72 (21.0) Direction:  {45 135}
Phase: {2,0,3,1,1,1,1,7,4,3,3,4,9,4,9,3,2,7,3,5,3,13,7,11,5,5,12,16,14,15,16,11,11,12,15,8,2,9,13,19,15,15,15,17,17,14,24,32,24,22,20,18,33,32,27,31,52,37,37,32,52,34,35,52,41,42,52,42,50,37,45,45,51,37,53,48,45,43,46,26,40,53,58,46,39,38,44,32,27,46,41,16,23,22,20,31,33,36,27,23,16,13,24,25,21,16,18,17,12,14,10,5,9,9,8,11,7,5,9,10,5,3,4,4,4,2,4,2,6,1,0,0,1,3,2,1,0,0,2,0,0,2,2,1,0,0,0,2,1,1,0,0,0,5,0,1,0,0,0,0,0,0,0,0,0,0,0,0,0,0,0,0,0,0,0,0,0,0,0,0,0,0,0,1,0,0,0,0,0,0,0,0,0,0,0,1,0,0,0,0,0,0,0,0,0,0,0,0,0,0,0,0,0,0,0,0,0,0,0,0,0,0,0,0,0,0,0,0,0,0,0,0,0,1,0,0,0,0,0,0,0,0,0,0,0,0,0,0,0,0,0,0,0,0,0,0,0,0,0,0,0,0,0,0,0,0,0,0,0,0,0,0,0,0,0,0,0,0,0,0,0,0,0,0,0,0,0,0,0,0,0,0,0,0,0,0,0,1,0,0,0,0,0,0,0,0,0,0,0,0,0,0,0,0,1,0,0,0,0,0,0,0,0,0,0,0,0,2,0,1,1,0,4,1,0,0,0,0,0,0,3,0,0,0,1,0,0,2,0,2,1,0,1,6,0,0,0,2,6,5}
Count:   0.0   0.0   0.0   0.0   0.0   0.0   0.0   0.3   0.2   0.2   0.2   0.1   0.1   0.1   0.0   0.1   0.0   0.0   0.0   0.0   0.0   0.0   0.0   0.0   0.0   0.0   0.0   0.0   0.0   0.0   0.0   0.3   0.1   0.2   0.1   0.2   0.1   0.1   0.1   0.0   0.0   0.0   0.0   0.0   0.0   0.0   0.0   0.0   0.0   0.0   0.0   0.0   0.0   0.0   0.0   0.0   0.0   0.0   0.0   0.2   0.1   0.2   0.1   0.1   0.1   0.2   0.1   0.0   0.0   0.1   0.0   0.0   0.0   0.0   0.0   0.0   0.0   0.0   0.0   0.0   0.0   0.0   0.0   0.0   0.0   0.0   0.0   0.1   0.2   0.2   0.1   0.1   0.1   0.1   0.1   0.1   0.1   0.1   0.0   0.1   0.0   0.0   0.0   0.0   0.0   0.0   0.0   0.0   0.0   0.0   0.0   0.1   0.2   0.1   0.1   0.1   0.1   0.1   0.1   0.1   0.0   0.0   0.0   0.0   0.0   0.0   0.0   0.0   0.0   0.0   0.0   0.0   0.0   0.0   0.0   0.2   0.2   0.2   0.1   0.1   0.1   0.1   0.1   0.0   0.0   0.0   0.0   0.0   0.0   0.0   0.0   0.0   0.0   0.0   0.0   0.0   0.0   0.0   0.0   0.0   0.0   0.0   0.0   0.0   0.1   0.1   0.1   0.1   0.1   0.0   0.1   0.1   0.1   0.1   0.0   0.0   0.0   0.0   0.0   0.0   0.0   0.0   0.0   0.0   0.0   0.0   0.0   0.0   0.0   0.0   0.0   0.0   0.2   0.2   0.1   0.1   0.1   0.1   0.1   0.1 
B: * * * * * * * 33.1 33.5 31.8 35.3 33.4 31.6 30.8 35.7 30.1 29.7 34.3 36.5 27.8 25.0 41.5 * * * 25.0 * * 22.0 * 29.5 34.6 34.4 35.8 34.9 33.7 31.8 31.2 33.5 37.0 35.3 28.0 30.4 23.0 28.5 * * * 22.0 28.0 * 42.0 * 42.0 45.0 * * * * 34.6 31.7 32.1 31.3 33.1 32.4 31.8 29.1 33.9 29.8 32.1 32.0 28.0 36.0 50.0 * * * 52.0 * * 24.0 * * * * * * 33.8 32.5 35.5 32.6 32.0 31.0 32.9 31.5 36.0 36.2 30.6 29.3 28.0 27.6 28.2 42.6 20.0 * 24.0 * * 30.0 * * 32.8 35.4 35.1 34.5 32.7 39.5 32.4 27.3 36.0 32.1 33.5 44.0 39.5 31.0 37.5 * * * * * * * * * 43.5 38.2 41.1 38.3 41.9 41.6 41.7 37.6 40.2 29.3 46.0 20.0 44.6 41.7 27.3 * * 29.0 * * 42.0 * * * * * * * * 40.4 37.1 37.0 41.1 37.2 38.4 39.6 36.3 40.6 33.3 36.8 30.8 36.0 34.0 59.5 * * * * * * * * * * * * * 41.7 41.5 40.4 40.7 40.2 35.5 44.1 41.0 
Direction: * * * * * * *  n n n n n n n n n n n n n n n* * *  n* *  n*  n n n n n n n n n n n n n n n* * *  n n*  n*  n n* * * *  n n n n n n n n n n n n n n n* * *  n* *  n* * * * * *  n n n n n n n n n n n n n n n n n*  n* *  n* *  n n n n n n n n n n n n n n n* * * * * * * * *  n n n n n n n n n n n n n n n* *  n* *  n* * * * * * * *  n n n n n n n n n n n n n n n* * * * * * * * * * * * *  n n n n n n n n

55.0: Count:   0.1 (  0.1) A:  21.1 [20-36] B:  37.4 [20-96] Phase: 100% 73 (17.9) Direction:  {45 135}
Phase: {2,2,2,0,4,0,6,3,0,1,2,6,0,3,5,4,0,1,6,9,4,3,1,5,0,5,2,12,3,13,10,4,14,26,14,8,9,12,11,11,13,26,14,12,18,44,22,33,24,36,32,18,32,41,47,41,39,36,41,44,34,41,49,46,59,72,74,54,48,51,88,50,69,59,62,68,64,52,65,70,47,46,33,45,68,55,41,62,49,43,51,25,38,40,29,33,22,24,18,32,18,29,18,21,13,8,10,17,15,11,10,9,7,9,8,6,10,5,10,3,0,1,3,5,1,0,4,3,3,3,0,0,1,1,1,1,1,0,2,3,1,0,0,0,0,0,0,0,0,0,0,0,0,0,0,0,1,0,0,0,0,0,0,0,0,0,0,0,0,0,0,0,0,0,0,0,0,0,0,0,0,0,0,0,0,0,0,0,0,0,0,0,0,0,0,0,0,0,0,0,0,0,0,0,0,0,0,0,0,0,0,0,0,0,0,0,0,0,0,0,0,0,0,0,0,0,0,0,0,0,0,0,0,0,0,0,0,0,0,0,0,0,0,0,0,0,0,0,0,0,0,0,0,0,0,0,0,0,0,0,0,0,0,0,0,0,0,0,0,0,0,0,0,0,0,0,0,0,0,0,0,0,0,0,0,0,0,0,0,0,0,0,0,0,0,0,0,0,0,0,0,0,0,0,0,0,0,0,0,0,0,0,0,0,0,1,0,0,0,0,0,0,0,0,0,0,0,0,0,0,0,0,0,0,0,0,0,0,3,0,0,0,1,0,0,0,1,0,0,0,0,0,0,0,0,0,0,0,2,1}
Count:   0.0   0.0   0.0   0.0   0.0   0.0   0.0   0.3   0.3   0.3   0.2   0.2   0.1   0.1   0.1   0.1   0.0   0.1   0.0   0.0   0.0   0.0   0.0   0.0   0.0   0.0   0.0   0.0   0.0   0.0   0.0   0.2   0.1   0.2   0.1   0.1   0.1   0.1   0.1   0.1   0.0   0.0   0.0   0.0   0.0   0.0   0.0   0.0   0.0   0.0   0.0   0.0   0.0   0.0   0.0   0.0   0.0   0.0   0.0   0.1   0.2   0.2   0.2   0.1   0.1   0.2   0.2   0.1   0.1   0.1   0.0   0.0   0.0   0.0   0.0   0.0   0.0   0.0   0.0   0.0   0.0   0.0   0.0   0.0   0.0   0.0   0.0   0.0   0.1   0.1   0.2   0.2   0.1   0.1   0.2   0.1   0.0   0.1   0.1   0.1   0.0   0.0   0.0   0.0   0.0   0.0   0.0   0.0   0.0   0.0   0.0   0.1   0.1   0.3   0.1   0.1   0.1   0.1   0.1   0.0   0.0   0.1   0.0   0.0   0.0   0.0   0.0   0.0   0.0   0.0   0.0   0.0   0.0   0.0   0.0   0.1   0.2   0.2   0.1   0.2   0.2   0.1   0.1   0.0   0.0   0.0   0.0   0.0   0.0   0.0   0.0   0.0   0.0   0.0   0.0   0.0   0.0   0.0   0.0   0.0   0.0   0.0   0.0   0.0   0.1   0.1   0.1   0.1   0.1   0.1   0.1   0.1   0.1   0.0   0.1   0.0   0.0   0.0   0.0   0.0   0.0   0.0   0.0   0.0   0.0   0.0   0.0   0.0   0.0   0.0   0.0   0.0   0.1   0.1   0.2   0.1   0.1   0.1   0.2   0.1 
B: * * * * * * * 36.8 35.7 32.7 33.6 36.6 35.6 34.1 33.6 32.7 30.8 33.6 39.0 42.2 30.0 46.3 * * * * 21.0 * * * 35.0 34.7 36.1 35.9 32.0 34.5 35.0 30.6 35.5 29.4 37.0 32.2 27.0 * 44.0 * * * * * * * * * * * 48.0 * * 38.3 34.3 33.9 35.2 33.6 31.1 36.2 31.9 35.4 32.0 34.1 32.6 30.6 42.0 55.2 * * * * * 22.0 * * * * * * 22.0 30.3 37.7 36.8 33.3 33.2 35.8 31.7 35.3 32.1 29.6 35.9 33.3 33.0 32.8 41.8 38.8 * * 23.0 * * * * * 33.5 33.8 37.2 35.3 34.5 36.1 33.5 38.9 45.4 32.2 31.6 34.8 34.2 * 41.2 * * * * * * * * 33.0 43.6 39.1 43.7 46.6 45.8 43.5 47.7 38.5 38.5 36.8 37.1 31.8 43.0 29.6 58.3 * * * * * * * * * 30.0 * * * * 43.0 40.6 46.9 36.6 42.6 38.3 39.9 46.1 42.6 44.6 40.3 45.0 36.0 48.0 57.5 * * * * * * * * * * * * * 45.2 39.0 47.4 46.3 45.0 35.2 44.8 38.6 
Direction: * * * * * * *  n n n n n n n n n n n n n n n* * * *  n* * *  n n n n n n n n n n n n n*  n* * * * * * * * * * *  n* *  n n n n n n n n n n n n n n n* * * * *  n* * * * * *  n n n n n n n n n n n n n n n n n* *  n* * * * *  n n n n n n n n n n n n n*  n* * * * * * * *  n n n n n n n n n n n n n n n n* * * * * * * * *  n* * * *  n n n n n n n n n n n n n n n* * * * * * * * * * * * *  n n n n n n n n

55.1: Count:   0.1 (  0.1) A:  21.2 [20-33] B:  35.4 [20-89] Phase: 100% 75 (18.8) Direction:  {47 133}
Phase: {8,6,3,0,4,2,6,1,1,0,1,5,2,1,0,2,6,4,10,3,7,17,6,10,7,11,6,6,7,6,5,12,28,14,21,10,26,13,26,18,26,25,32,24,38,25,30,29,44,38,51,42,56,50,65,49,52,67,88,73,61,70,69,77,71,66,93,91,75,88,113,85,113,85,91,85,101,86,60,70,79,60,77,79,80,79,81,74,70,63,66,48,63,90,46,53,70,44,49,36,56,55,44,40,30,34,30,33,30,27,23,22,16,11,16,16,9,25,12,20,13,8,8,11,1,8,11,3,1,3,1,1,3,0,0,0,1,3,2,0,2,0,1,0,1,0,2,2,0,0,0,0,0,1,0,0,0,0,0,0,0,0,0,0,0,0,0,0,0,0,0,0,0,0,0,0,0,0,0,0,0,0,0,0,0,0,0,0,0,0,0,0,0,0,0,0,0,0,0,0,0,0,0,0,0,0,0,0,0,0,0,0,0,0,0,0,0,0,0,0,0,0,0,0,0,0,0,0,0,0,0,0,0,0,0,0,0,0,0,0,0,0,0,0,0,0,0,0,0,0,0,0,0,0,0,0,0,0,0,0,0,0,0,0,0,0,0,0,0,0,0,0,0,0,0,0,0,0,0,0,0,0,0,0,0,0,1,0,0,0,0,0,0,0,0,0,0,0,0,0,0,0,0,0,0,0,0,1,0,0,0,0,0,0,0,0,0,0,0,0,0,3,0,0,0,0,1,0,0,0,1,0,0,1,0,0,0,0,3,0,0,0,1,2,0,0,0,2,1,2,3,1,3,2,2,1,0,4,0,1}
Count:   0.0   0.0   0.0   0.0   0.0   0.0   0.0   0.3   0.5   0.4   0.3   0.3   0.2   0.2   0.1   0.1   0.1   0.1   0.1   0.0   0.0   0.0   0.0   0.0   0.0   0.0   0.0   0.0   0.0   0.0   0.0   0.3   0.3   0.3   0.2   0.2   0.2   0.1   0.1   0.1   0.1   0.1   0.0   0.0   0.0   0.0   0.0   0.0   0.0   0.0   0.0   0.0   0.0   0.0   0.0   0.0   0.0   0.0   0.0   0.2   0.3   0.2   0.2   0.2   0.2   0.2   0.2   0.2   0.2   0.1   0.1   0.1   0.0   0.0   0.0   0.0   0.0   0.0   0.0   0.0   0.0   0.0   0.0   0.0   0.0   0.0   0.0   0.0   0.2   0.2   0.3   0.3   0.3   0.1   0.1   0.2   0.1   0.1   0.2   0.1   0.1   0.0   0.0   0.0   0.0   0.0   0.0   0.0   0.0   0.0   0.0   0.1   0.2   0.2   0.3   0.2   0.1   0.2   0.1   0.1   0.1   0.1   0.0   0.0   0.0   0.0   0.0   0.0   0.0   0.0   0.0   0.0   0.0   0.0   0.0   0.2   0.3   0.2   0.2   0.2   0.2   0.1   0.1   0.1   0.0   0.1   0.0   0.0   0.0   0.0   0.0   0.0   0.0   0.0   0.0   0.0   0.0   0.0   0.0   0.0   0.0   0.0   0.0   0.0   0.1   0.3   0.2   0.2   0.2   0.1   0.1   0.2   0.2   0.1   0.1   0.0   0.0   0.0   0.0   0.0   0.0   0.0   0.0   0.0   0.0   0.0   0.0   0.0   0.0   0.0   0.0   0.0   0.1   0.2   0.3   0.2   0.2   0.1   0.1   0.1 
B: * * * * 26.0 * * 34.0 36.1 32.3 35.0 34.2 35.6 31.4 32.6 29.1 31.5 27.8 34.6 24.5 23.7 52.7 * * * * * * * * 33.0 33.6 32.9 32.9 33.2 34.9 34.1 27.4 31.3 25.8 27.0 30.6 24.7 23.4 33.5 * * * * * * * * * * * 32.0 * * 32.0 33.9 35.5 34.6 33.9 36.6 37.0 32.1 33.9 32.8 28.0 25.9 26.8 31.4 52.3 * * * * * * * * * * 32.5 * 26.5 * 35.3 36.3 32.2 31.5 36.3 30.1 30.7 34.0 28.8 32.2 28.6 30.0 28.3 27.0 43.0 32.0 50.0 * * * * * 25.0 35.3 33.8 36.3 33.3 34.8 32.0 35.0 33.4 40.1 31.0 30.6 32.5 37.3 26.0 21.6 * * * * 30.0 * 42.0 * 25.0 41.2 40.1 41.6 41.1 42.4 44.2 37.9 37.0 37.3 38.5 30.7 33.3 33.6 32.2 65.2 * * * * * * * * * * * * * * 38.2 39.5 39.1 39.8 41.6 35.9 37.6 41.8 42.3 36.6 38.0 49.1 33.0 32.3 53.1 * * * * 47.0 30.0 41.0 27.0 * * * * * 40.8 38.6 47.2 42.1 39.0 36.0 39.3 39.0 
Direction: * * * *  n* *  n n n n n n n n n n n n n n n* * * * * * * *  n n n n n n n n n n n n n n n* * * * * * * * * * *  n* *  n n n n n n n n n n n n n n n* * * * * * * * * *  n*  n*  n n n n n n n n n n n n n n n n n* * * * *  n n n n n n n n n n n n n n n n* * * *  n*  n*  n n n n n n n n n n n n n n n n* * * * * * * * * * * * * *  n n n n n n n n n n n n n n n* * * *  n n n n* * * * *  n n n n n n n n

55.2: Count:   0.1 (  0.2) A:  21.3 [20-34] B:  33.1 [20-85] Phase: 100% 73 (25.4) Direction:  {45 135}
Phase: {5,0,5,0,3,5,7,8,9,4,12,5,5,5,17,9,6,15,13,14,13,9,18,18,18,14,10,31,22,26,22,20,34,32,29,25,47,54,55,46,52,86,51,54,71,57,74,78,72,75,78,72,77,107,100,92,112,81,119,103,115,116,113,90,100,129,102,133,119,118,107,97,128,112,103,99,115,135,114,121,118,129,99,70,114,102,105,110,91,85,134,90,91,96,74,89,83,51,79,64,68,58,64,84,61,59,44,45,47,43,54,25,44,41,38,31,16,40,29,41,23,25,22,26,24,21,21,18,6,10,13,9,7,11,7,9,4,7,6,6,1,3,11,2,5,1,5,3,1,3,2,0,3,0,1,0,1,0,0,4,0,3,0,0,1,1,0,0,0,0,0,0,0,0,0,0,0,0,0,0,1,0,1,0,0,0,0,0,0,0,0,0,0,0,0,0,0,0,0,0,0,0,0,0,0,0,0,0,0,0,0,0,0,0,0,0,0,0,0,0,0,0,0,0,0,0,0,0,0,0,0,0,0,0,0,0,0,0,0,0,0,0,0,0,0,0,0,0,0,0,0,0,0,0,0,0,0,0,0,0,0,0,0,0,0,0,0,0,0,0,0,0,0,0,1,0,0,0,0,0,0,0,0,0,0,0,0,2,0,0,0,2,0,1,1,0,0,1,2,2,0,0,0,0,0,0,0,0,2,1,0,1,3,2,0,4,0,2,0,1,0,0,0,0,2,0,2,5,6,5,4,3,0,0,2,1,4,3,1,1,1,1,1,3,3,6,1,1,2,5,1,5,1,3,4,6,6,5,0,3}
Count:   0.0   0.0   0.0   0.0   0.0   0.0   0.0   0.5   0.6   0.6   0.5   0.3   0.3   0.3   0.2   0.2   0.1   0.1   0.1   0.1   0.0   0.0   0.0   0.0   0.0   0.0   0.0   0.0   0.0   0.0   0.0   0.4   0.4   0.4   0.4   0.4   0.4   0.2   0.2   0.2   0.1   0.1   0.1   0.0   0.0   0.0   0.0   0.0   0.0   0.0   0.0   0.0   0.0   0.0   0.0   0.0   0.0   0.0   0.0   0.2   0.4   0.4   0.4   0.4   0.3   0.3   0.3   0.3   0.2   0.2   0.1   0.1   0.1   0.0   0.0   0.0   0.0   0.0   0.0   0.0   0.0   0.0   0.0   0.0   0.0   0.0   0.0   0.0   0.4   0.3   0.4   0.4   0.4   0.4   0.3   0.3   0.2   0.2   0.2   0.1   0.1   0.1   0.0   0.0   0.0   0.0   0.0   0.0   0.0   0.0   0.0   0.1   0.4   0.3   0.3   0.4   0.3   0.4   0.2   0.2   0.2   0.1   0.1   0.1   0.0   0.0   0.0   0.0   0.0   0.0   0.0   0.0   0.0   0.0   0.0   0.3   0.5   0.3   0.4   0.4   0.3   0.2   0.2   0.1   0.1   0.1   0.1   0.1   0.0   0.0   0.0   0.0   0.0   0.0   0.0   0.0   0.0   0.0   0.0   0.0   0.0   0.0   0.0   0.0   0.3   0.4   0.3   0.4   0.3   0.3   0.2   0.2   0.2   0.2   0.2   0.1   0.1   0.1   0.0   0.0   0.0   0.0   0.0   0.0   0.0   0.0   0.0   0.0   0.0   0.0   0.0   0.0   0.1   0.3   0.4   0.4   0.3   0.2   0.2   0.2 
B: 25.0 24.5 * * 27.0 21.0 * 30.9 33.1 33.0 32.6 30.6 33.8 30.8 28.4 30.7 29.3 30.5 28.2 26.6 28.5 37.0 28.0 * * 22.0 * 23.0 26.0 20.0 28.1 31.2 31.5 30.3 30.5 30.9 31.5 28.5 30.0 28.6 27.3 25.0 26.6 28.7 32.1 24.0 * * * * * 45.0 * * * * 25.0 * * 30.7 33.5 32.6 31.7 33.0 30.4 32.5 30.7 29.0 28.5 29.0 30.1 27.5 31.1 32.0 * 20.0 * * 27.0 * * * * * 26.0 * * 27.0 31.2 32.9 31.4 32.0 31.7 30.2 30.3 30.5 31.0 29.1 30.5 27.7 28.3 27.3 27.0 * 40.5 * * * * 24.0 * 27.8 31.6 32.9 32.8 32.0 31.0 33.1 34.3 32.4 30.3 26.7 30.2 26.7 34.3 23.9 * 48.0 * * 42.0 24.0 * * 21.0 39.3 38.9 39.2 39.0 38.3 36.0 35.5 36.6 31.2 38.7 30.6 29.2 32.5 29.6 56.8 33.0 45.0 * * 20.0 * * 37.0 27.0 29.0 * 20.0 * * 35.0 39.4 36.3 37.5 35.9 36.9 37.0 35.2 36.7 37.1 33.2 31.6 28.2 32.8 49.2 * * 35.0 * 49.0 * * * 27.0 30.0 * * 23.0 39.5 36.0 40.6 37.9 37.5 38.1 34.9 37.8 
Direction:  n n* *  n n*  n n n n n n n n n n n n n n n n* *  n*  n n n n n n n n n n n n n n n n n n n* * * * *  n* * * *  n* *  n n n n n n n n n n n n n n n*  n* *  n* * * * *  n* *  n n n n n n n n n n n n n n n n*  n* * * *  n*  n n n n n n n n n n n n n n n*  n* *  n n* *  n n n n n n n n n n n n n n n n n n* *  n* *  n n n*  n* *  n n n n n n n n n n n n n n n* *  n*  n* * *  n n* *  n n n n n n n n n

55.3: Count:   0.2 (  0.2) A:  21.2 [20-32] B:  32.3 [20-80] Phase: 100% 74 (24.5) Direction:  {46 134}
Phase: {4,4,1,5,5,4,4,7,9,15,12,7,10,3,16,10,10,14,12,12,19,21,7,20,26,24,21,22,29,31,20,38,42,51,28,45,46,54,41,64,45,71,59,95,82,90,70,104,93,117,95,125,127,90,129,133,146,140,176,167,146,122,143,168,125,121,166,131,144,151,131,157,181,146,127,171,169,142,158,172,159,177,139,153,141,118,144,150,126,161,152,117,133,126,157,105,127,108,92,117,93,74,94,100,101,92,82,60,110,67,64,55,72,44,71,36,32,39,27,36,24,27,31,17,30,16,15,15,9,24,14,8,5,15,8,8,1,1,2,7,1,3,5,3,1,0,0,0,2,3,1,3,0,1,0,2,2,1,0,0,0,0,0,0,0,0,2,0,1,0,0,0,0,0,0,0,0,0,0,0,0,0,0,0,0,0,0,0,0,0,0,0,0,0,0,0,0,0,0,0,0,0,0,0,0,0,0,0,0,0,0,0,0,0,0,0,0,0,0,0,0,0,0,0,0,0,0,0,0,0,0,0,0,0,0,0,0,0,0,0,0,0,0,0,0,0,0,0,0,0,0,0,0,0,0,0,0,0,0,0,0,0,0,0,0,0,0,0,0,0,0,0,0,0,0,0,0,0,0,0,0,0,0,0,0,0,0,0,1,0,0,0,0,3,0,0,0,0,0,0,0,0,0,1,0,4,0,1,0,2,0,0,0,0,1,0,0,0,2,0,2,0,2,0,2,0,0,3,0,0,0,0,0,1,0,0,3,0,0,0,1,0,0,0,3,1,1,3,4,4,0,0,1,1,0,2,4,3,11,2}
Count:   0.0   0.0   0.0   0.0   0.0   0.0   0.0   0.6   0.7   0.8   0.7   0.5   0.4   0.4   0.3   0.2   0.2   0.1   0.1   0.0   0.1   0.0   0.0   0.0   0.0   0.0   0.0   0.0   0.0   0.0   0.1   0.6   0.5   0.6   0.5   0.4   0.4   0.3   0.2   0.2   0.2   0.1   0.1   0.0   0.0   0.0   0.0   0.0   0.0   0.0   0.0   0.0   0.0   0.0   0.0   0.0   0.0   0.0   0.0   0.3   0.6   0.5   0.5   0.5   0.4   0.5   0.4   0.3   0.3   0.3   0.2   0.1   0.1   0.0   0.0   0.0   0.0   0.0   0.0   0.0   0.0   0.0   0.0   0.0   0.0   0.0   0.0   0.0   0.6   0.5   0.6   0.5   0.5   0.5   0.5   0.3   0.4   0.3   0.2   0.2   0.1   0.1   0.0   0.0   0.0   0.0   0.0   0.0   0.0   0.0   0.0   0.1   0.4   0.4   0.5   0.5   0.3   0.4   0.2   0.3   0.2   0.2   0.1   0.1   0.1   0.1   0.0   0.0   0.0   0.0   0.0   0.0   0.0   0.0   0.0   0.4   0.5   0.6   0.5   0.5   0.4   0.5   0.3   0.2   0.2   0.1   0.1   0.0   0.0   0.0   0.0   0.0   0.0   0.0   0.0   0.0   0.0   0.0   0.0   0.0   0.0   0.0   0.0   0.0   0.3   0.6   0.4   0.5   0.5   0.4   0.4   0.3   0.3   0.3   0.2   0.1   0.1   0.1   0.0   0.0   0.0   0.0   0.0   0.0   0.0   0.0   0.0   0.0   0.0   0.0   0.0   0.0   0.2   0.5   0.6   0.5   0.5   0.5   0.4   0.3 
B: * * * 20.0 20.0 * 21.0 31.9 32.7 30.8 32.1 31.3 29.9 29.5 27.9 28.2 26.1 26.2 27.7 26.5 23.4 40.4 * * * * 26.0 * * * 24.7 32.5 33.0 31.3 30.7 30.7 29.3 28.1 28.8 27.5 27.5 28.9 28.5 27.0 27.2 * * 21.0 * * * * * * * * * * * 30.8 30.8 30.0 29.5 29.0 29.3 29.2 29.7 27.6 27.9 27.3 26.5 24.8 28.0 23.9 * * * * 25.0 * * * * 21.0 28.0 * * 29.0 31.0 30.8 30.8 31.1 30.3 31.1 31.6 29.4 30.8 28.6 27.9 29.2 27.2 30.1 36.0 * * 21.0 * * * * * 28.2 31.6 30.3 30.1 30.4 31.2 29.2 31.1 33.7 32.4 29.3 30.6 28.6 30.4 26.4 42.0 31.0 * * 21.0 * * * * 36.8 36.1 39.7 39.8 36.7 36.3 34.9 36.0 33.3 30.9 31.3 29.6 29.9 32.5 32.2 30.0 * * * * * * * * * * 24.0 * 32.0 35.6 36.2 36.2 36.2 37.3 35.8 35.0 34.4 34.5 35.3 36.3 34.2 29.4 27.6 52.8 * * * * 27.0 * * * * 20.0 * * * 34.1 38.8 39.4 38.3 38.9 36.0 36.6 37.4 
Direction: * * *  n n*  n n n n n n n n n n n n n n n n* * * *  n* * *  n n n n n n n n n n n n n n n* *  n* * * * * * * * * * *  n n n n n n n n n n n n n n n* * * *  n* * * *  n n* *  n n n n n n n n n n n n n n n n* *  n* * * * *  n n n n n n n n n n n n n n n n n* *  n* * * *  n n n n n n n n n n n n n n n n* * * * * * * * * *  n*  n n n n n n n n n n n n n n n n* * * *  n* * * *  n* * *  n n n n n n n n

55.4: Count:   0.1 (  0.2) A:  21.2 [20-32] B:  33.3 [20-88] Phase: 100% 73 (23.0) Direction:  {45 135}
Phase: {1,1,0,3,4,4,3,4,2,9,6,5,1,8,6,6,4,5,16,12,9,8,12,22,13,16,12,20,14,30,29,27,22,38,17,38,34,40,43,50,55,57,23,61,54,57,79,62,73,85,64,87,113,127,82,100,109,92,126,116,141,134,141,128,109,134,139,112,116,126,104,100,150,161,101,135,120,146,118,144,106,126,96,132,111,97,130,96,105,107,122,92,104,91,94,106,77,83,83,103,87,66,58,57,59,63,60,72,46,46,41,42,35,25,37,23,16,22,19,22,16,9,6,19,15,8,13,5,4,15,8,7,5,6,9,3,2,0,2,1,2,1,1,0,0,2,1,0,0,0,1,1,2,1,0,1,2,0,0,0,0,0,0,1,0,0,0,0,2,0,3,0,0,0,0,0,0,0,0,0,0,0,0,0,0,0,0,0,0,0,0,0,0,0,0,0,0,0,0,0,0,0,0,0,0,0,0,0,0,0,0,0,0,0,0,0,0,0,0,0,0,0,0,0,0,0,0,0,0,0,0,0,0,0,0,0,0,0,0,0,0,0,0,0,0,0,0,0,0,0,0,0,0,0,0,0,0,0,0,0,0,0,0,0,0,0,0,0,0,0,0,0,0,0,0,0,0,0,0,0,0,0,0,0,2,0,0,0,0,0,0,0,0,0,0,0,0,0,0,0,0,0,1,3,0,0,0,0,0,0,3,0,0,0,1,0,0,0,0,2,1,0,0,0,0,0,0,3,0,1,0,1,0,2,0,0,3,0,0,2,1,0,0,0,0,0,0,0,3,0,0,0,0,0,0,1,2,0,2,1}
Count:   0.0   0.0   0.0   0.0   0.0   0.0   0.0   0.6   0.6   0.6   0.6   0.4   0.3   0.3   0.3   0.2   0.2   0.1   0.1   0.0   0.0   0.0   0.0   0.0   0.0   0.0   0.0   0.0   0.0   0.0   0.0   0.5   0.3   0.3   0.4   0.3   0.3   0.3   0.2   0.2   0.1   0.1   0.1   0.0   0.0   0.0   0.0   0.0   0.0   0.0   0.0   0.0   0.0   0.0   0.0   0.0   0.0   0.0   0.0   0.3   0.4   0.4   0.5   0.4   0.3   0.3   0.3   0.3   0.2   0.2   0.1   0.1   0.1   0.1   0.0   0.0   0.0   0.0   0.0   0.0   0.0   0.0   0.0   0.0   0.0   0.0   0.0   0.0   0.4   0.5   0.5   0.4   0.3   0.3   0.4   0.2   0.3   0.1   0.2   0.1   0.1   0.1   0.0   0.0   0.0   0.0   0.0   0.0   0.0   0.0   0.0   0.0   0.4   0.4   0.3   0.3   0.2   0.2   0.2   0.2   0.1   0.2   0.1   0.0   0.1   0.0   0.0   0.0   0.0   0.0   0.0   0.0   0.0   0.0   0.0   0.3   0.5   0.5   0.3   0.4   0.3   0.4   0.2   0.1   0.1   0.1   0.1   0.0   0.0   0.1   0.0   0.0   0.0   0.0   0.0   0.0   0.0   0.0   0.0   0.0   0.0   0.0   0.0   0.0   0.3   0.3   0.3   0.3   0.3   0.2   0.2   0.3   0.3   0.2   0.2   0.1   0.1   0.1   0.0   0.0   0.0   0.0   0.0   0.0   0.0   0.0   0.0   0.0   0.0   0.0   0.0   0.0   0.1   0.4   0.3   0.4   0.3   0.3   0.3   0.2 
B: * * * * * * * 31.8 32.7 32.2 33.0 32.0 29.9 31.0 27.8 29.1 27.2 31.3 28.5 28.1 25.1 34.2 * * * * * * * * 22.7 33.1 33.0 30.8 32.8 31.1 30.2 29.3 27.8 27.9 26.6 29.7 28.7 28.9 30.6 * 36.0 * * * * 25.0 * * * 20.0 * 22.0 * 32.4 33.1 30.8 31.6 32.0 31.5 31.8 31.8 29.4 27.7 28.0 28.8 26.5 25.5 33.4 * * * * * 26.5 * 27.0 * * * 35.0 * 23.0 33.8 33.4 32.6 30.4 33.7 30.1 29.8 31.1 29.6 28.6 28.8 26.9 27.2 27.6 33.6 * * * 30.0 * * * 23.0 27.6 33.0 32.4 29.4 31.0 31.6 31.3 30.8 34.7 32.8 31.0 30.3 28.0 36.6 29.3 * * * * * * 25.0 50.0 * 37.0 38.0 39.3 41.7 38.6 37.8 37.5 37.6 33.5 38.7 31.1 33.5 31.2 27.2 44.3 * * * * * * * * * * * * 21.0 37.3 38.7 37.2 36.2 37.4 37.2 39.0 34.2 36.8 34.8 35.3 36.9 32.9 32.1 26.2 64.5 * * * * * * * 36.0 * * * * * 38.2 41.4 39.0 39.3 40.7 34.5 38.1 35.2 
Direction: * * * * * * *  n n n n n n n n n n n n n n n* * * * * * * *  n n n n n n n n n n n n n n n*  n* * * *  n* * *  n*  n*  n n n n n n n n n n n n n n n* * * * *  n*  n* * *  n*  n n n n n n n n n n n n n n n n* * *  n* * *  n n n n n n n n n n n n n n n n* * * * * *  n n*  n n n n n n n n n n n n n n n* * * * * * * * * * * *  n n n n n n n n n n n n n n n n n* * * * * * *  n* * * * *  n n n n n n n n

55.5: Count:   0.1 (  0.1) A:  21.0 [20-30] B:  35.9 [20-93] Phase: 100% 72 (17.3) Direction:  {44 136}
Phase: {0,2,0,0,2,2,5,1,2,0,1,4,3,0,0,4,2,0,2,1,1,3,7,10,14,7,5,7,6,10,10,5,3,11,8,20,13,8,19,28,15,30,21,31,31,21,34,41,38,53,40,61,48,40,60,54,33,78,69,73,87,109,77,84,87,108,68,91,87,91,89,92,130,83,94,84,72,85,72,83,87,101,75,64,84,54,63,64,82,64,59,41,47,45,45,41,36,41,26,48,34,30,28,26,17,10,34,20,15,12,18,10,28,5,12,19,6,4,6,5,4,6,2,7,3,8,4,3,1,0,0,1,2,4,1,2,3,1,1,1,0,1,0,1,2,1,0,0,2,0,0,0,0,0,0,0,0,0,0,0,0,0,0,0,0,0,0,0,0,0,0,0,0,0,0,0,0,0,0,0,0,0,0,0,0,0,0,0,0,0,0,0,0,0,0,0,0,0,0,0,0,0,0,0,0,0,0,0,0,0,0,0,0,0,0,0,0,0,0,0,0,0,0,0,0,0,0,0,0,0,0,0,0,0,0,0,0,0,0,0,0,0,0,0,0,0,0,0,0,0,0,0,0,0,0,0,0,0,0,0,0,0,0,0,0,0,0,0,0,0,0,0,0,0,0,0,0,0,0,0,0,0,0,0,0,0,0,0,0,0,0,0,0,0,0,0,0,0,0,0,0,0,0,0,0,0,0,0,0,0,0,0,0,0,0,0,1,0,0,0,1,0,0,0,0,0,0,0,0,0,0,0,1,0,0,0,0,0,0,0,0,0,0,0,0,0,0,0,0,0,0,0,0,0,0,0,0,2,0,1}
Count:   0.0   0.0   0.0   0.0   0.0   0.0   0.0   0.5   0.3   0.4   0.4   0.2   0.2   0.2   0.1   0.1   0.1   0.0   0.1   0.0   0.0   0.0   0.0   0.0   0.0   0.0   0.0   0.0   0.0   0.0   0.0   0.3   0.2   0.2   0.2   0.2   0.2   0.1   0.1   0.1   0.1   0.0   0.0   0.0   0.0   0.0   0.0   0.0   0.0   0.0   0.0   0.0   0.0   0.0   0.0   0.0   0.0   0.0   0.0   0.2   0.3   0.2   0.3   0.2   0.1   0.2   0.1   0.2   0.1   0.1   0.1   0.0   0.1   0.0   0.0   0.0   0.0   0.0   0.0   0.0   0.0   0.0   0.0   0.0   0.0   0.0   0.0   0.0   0.3   0.2   0.3   0.2   0.2   0.2   0.1   0.2   0.1   0.1   0.1   0.0   0.0   0.0   0.0   0.0   0.0   0.0   0.0   0.0   0.0   0.0   0.0   0.0   0.3   0.2   0.1   0.1   0.2   0.2   0.1   0.1   0.0   0.1   0.1   0.0   0.0   0.0   0.0   0.0   0.0   0.0   0.0   0.0   0.0   0.0   0.0   0.2   0.4   0.3   0.2   0.2   0.1   0.2   0.1   0.1   0.0   0.1   0.0   0.0   0.0   0.0   0.0   0.0   0.0   0.0   0.0   0.0   0.0   0.0   0.0   0.0   0.0   0.0   0.0   0.0   0.2   0.2   0.1   0.1   0.1   0.1   0.1   0.1   0.1   0.1   0.1   0.1   0.0   0.0   0.0   0.0   0.0   0.0   0.0   0.0   0.0   0.0   0.0   0.0   0.0   0.0   0.0   0.0   0.1   0.2   0.2   0.1   0.2   0.1   0.1   0.1 
B: * * * * * * * 35.0 34.6 34.4 35.8 33.7 32.6 31.1 36.0 31.9 30.1 33.8 30.7 25.3 28.0 38.5 * * 24.0 * * * * * 20.0 35.9 34.6 34.1 32.0 33.4 36.2 30.7 33.0 32.6 32.0 34.3 24.1 29.0 34.0 * * * 30.0 * * * * * * * * * * 33.5 35.3 34.7 33.7 32.6 34.6 29.4 32.9 33.2 35.0 32.7 35.5 28.1 28.5 44.0 * * * 21.0 * 39.0 * * * * * * * 20.0 35.8 32.5 33.6 36.0 34.1 31.2 30.5 30.7 29.8 30.2 30.8 33.3 27.5 29.0 37.8 * * * * * * * * 32.4 35.9 33.4 33.3 35.9 31.7 34.6 33.7 31.4 30.3 40.0 35.9 42.5 32.9 26.0 * * * * * * * * * 38.4 41.5 41.9 40.2 41.0 41.5 42.3 42.4 39.1 38.6 33.8 30.8 38.3 31.0 49.1 * * * * * * * * * * * * * * 41.6 42.7 38.4 41.3 43.0 42.2 37.5 40.1 35.7 40.8 43.3 36.6 44.1 34.1 48.0 * * * * * 20.0 * * * * * * * 37.4 41.7 42.7 41.0 44.4 42.7 43.4 40.6 
Direction: * * * * * * *  n n n n n n n n n n n n n n n* *  n* * * * *  n n n n n n n n n n n n n n n* * *  n* * * * * * * * * *  n n n n n n n n n n n n n n n* * *  n*  n* * * * * * *  n n n n n n n n n n n n n n n n* * * * * * * *  n n n n n n n n n n n n n n n* * * * * * * * *  n n n n n n n n n n n n n n n* * * * * * * * * * * * * *  n n n n n n n n n n n n n n n* * * * *  n* * * * * * *  n n n n n n n n

55.6: Count:   0.1 (  0.1) A:  21.0 [20-31] B:  35.6 [20-97] Phase: 100% 73 (18.4) Direction:  {45 135}
Phase: {0,0,0,1,3,0,1,4,0,2,0,0,1,4,1,0,0,5,7,2,0,3,1,2,4,9,7,6,6,3,6,8,4,20,21,15,14,17,23,20,23,28,18,34,37,38,32,47,41,43,64,57,65,70,71,71,61,92,83,80,84,92,106,105,113,101,121,98,105,98,101,69,124,106,112,99,128,89,99,91,107,108,115,86,84,85,98,97,97,64,87,63,70,69,59,43,45,53,38,51,29,31,35,34,37,21,24,19,27,18,7,15,20,13,5,8,7,6,2,10,0,1,1,3,3,1,4,1,0,0,0,0,0,1,1,0,0,0,0,0,0,0,3,0,0,0,0,0,0,0,0,0,0,0,0,0,0,0,0,0,0,0,0,0,0,0,0,0,0,0,0,0,0,0,0,0,0,0,0,0,0,0,0,0,0,0,0,0,0,0,0,0,0,0,0,0,0,0,0,0,0,0,0,0,0,0,0,0,0,0,0,0,0,0,0,0,0,0,0,0,0,0,0,0,0,0,0,0,0,0,0,0,0,0,0,0,0,0,0,0,0,0,0,0,0,0,0,0,0,0,0,0,0,0,0,0,0,0,0,0,0,0,0,0,0,0,0,0,0,0,0,0,0,0,0,0,0,0,0,0,0,0,0,0,0,0,0,0,0,0,0,0,0,0,0,0,0,0,0,0,0,0,0,0,0,0,0,0,0,0,0,0,0,0,0,0,0,0,0,0,0,0,0,0,0,0,0,0,0,0,0,0,0,0,0,0,0,0,0,0,0,0,0,0,0,0,0,0,0,0,0,1,0,2,0,0,0,0,0,0}
Count:   0.0   0.0   0.0   0.0   0.0   0.0   0.0   0.4   0.5   0.5   0.4   0.2   0.2   0.2   0.1   0.1   0.1   0.1   0.1   0.0   0.1   0.0   0.0   0.0   0.0   0.0   0.0   0.0   0.0   0.0   0.0   0.4   0.2   0.2   0.2   0.3   0.2   0.2   0.1   0.1   0.1   0.0   0.0   0.0   0.0   0.0   0.0   0.0   0.0   0.0   0.0   0.0   0.0   0.0   0.0   0.0   0.0   0.0   0.0   0.3   0.2   0.3   0.4   0.2   0.2   0.2   0.2   0.2   0.1   0.1   0.1   0.1   0.1   0.0   0.0   0.0   0.0   0.0   0.0   0.0   0.0   0.0   0.0   0.0   0.0   0.0   0.0   0.0   0.3   0.3   0.3   0.2   0.2   0.3   0.2   0.2   0.2   0.2   0.1   0.1   0.1   0.0   0.0   0.0   0.0   0.0   0.0   0.0   0.0   0.0   0.0   0.0   0.2   0.3   0.2   0.2   0.2   0.2   0.2   0.1   0.1   0.1   0.1   0.0   0.0   0.0   0.0   0.0   0.0   0.0   0.0   0.0   0.0   0.0   0.0   0.2   0.4   0.3   0.2   0.2   0.1   0.2   0.2   0.1   0.0   0.0   0.0   0.0   0.0   0.0   0.0   0.0   0.0   0.0   0.0   0.0   0.0   0.0   0.0   0.0   0.0   0.0   0.0   0.0   0.2   0.2   0.2   0.2   0.1   0.2   0.1   0.1   0.1   0.1   0.1   0.1   0.0   0.0   0.0   0.0   0.0   0.0   0.0   0.0   0.0   0.0   0.0   0.0   0.0   0.0   0.0   0.0   0.1   0.2   0.1   0.2   0.2   0.2   0.2   0.2 
B: * * * * * * * 36.4 34.0 33.7 35.9 34.6 34.9 32.5 33.9 33.2 32.3 36.7 30.1 25.8 31.3 34.5 * * * * * * * * 29.0 33.8 33.8 34.0 33.8 34.6 32.7 31.8 33.6 31.0 30.1 26.8 37.2 38.3 28.2 25.0 * * * * * * * * * * 24.0 * * 37.7 33.3 33.5 35.8 33.9 35.0 31.3 32.3 33.4 36.4 31.7 35.4 27.0 30.2 33.6 * * * * * * * * * * * * * 29.2 35.5 34.3 31.0 31.9 36.6 32.3 33.2 32.6 32.9 35.9 30.1 30.3 28.7 27.0 32.5 * * * * * * * * 40.5 36.1 33.4 33.9 33.2 30.6 33.6 33.3 34.9 32.7 35.5 35.5 34.4 29.3 41.6 * * * * * * * * * 41.0 39.9 40.0 41.6 42.0 37.3 40.1 38.4 35.5 37.0 34.0 37.5 37.0 42.0 21.0 * * * * * * * * * * * * * 67.0 43.1 39.1 38.6 39.2 42.1 41.6 38.0 39.3 39.6 36.6 42.8 38.4 40.4 36.2 24.0 * * * * * * * * * 23.0 * * * 39.9 39.3 40.1 37.9 43.4 41.1 39.9 45.3 
Direction: * * * * * * *  n n n n n n n n n n n n n n n* * * * * * * *  n n n n n n n n n n n n n n n n* * * * * * * * * *  n* *  n n n n n n n n n n n n n n n* * * * * * * * * * * * *  n n n n n n n n n n n n n n n n* * * * * * * *  n n n n n n n n n n n n n n n* * * * * * * * *  n n n n n n n n n n n n n n n* * * * * * * * * * * * *  n n n n n n n n n n n n n n n n* * * * * * * * *  n* * *  n n n n n n n n

55.7: Count:   0.1 (  0.2) A:  21.4 [20-33] B:  33.0 [20-85] Phase: 100% 71 (21.8) Direction:  {43 137}
Phase: {2,6,0,0,1,5,4,6,6,4,8,4,1,10,0,0,10,12,14,9,8,7,10,18,17,22,24,20,19,30,31,34,33,30,51,54,43,42,47,56,48,70,66,54,57,89,62,103,64,110,67,106,107,138,91,85,113,114,140,98,127,113,142,132,106,133,153,169,131,152,144,90,152,133,130,135,109,133,117,133,141,127,132,118,116,104,116,102,98,93,111,83,90,82,89,92,55,64,79,76,57,75,56,62,53,54,60,51,51,46,51,28,39,33,33,20,27,44,22,33,22,15,11,15,18,18,20,22,3,10,11,14,3,9,6,7,3,2,3,5,4,3,1,4,0,0,0,0,0,0,0,0,0,1,0,2,0,0,0,0,0,0,0,0,0,0,0,0,1,0,0,0,0,0,0,0,0,0,0,0,0,0,0,0,0,0,0,0,0,0,0,0,0,0,0,0,0,0,0,0,0,0,0,0,0,0,0,0,0,0,0,0,0,0,0,0,0,0,0,0,0,0,0,0,0,0,0,0,0,0,0,0,0,0,0,0,0,0,0,0,0,0,0,0,0,0,0,0,0,0,0,0,0,0,0,0,0,0,0,0,0,0,0,0,0,0,0,0,0,0,0,0,0,0,0,0,0,0,0,0,0,0,0,0,0,0,0,0,0,0,0,0,0,0,0,0,0,0,0,0,0,0,0,0,0,0,0,0,0,0,2,2,0,0,0,0,0,0,1,0,0,0,0,0,0,2,0,2,2,1,0,1,0,0,0,0,1,0,0,0,2,3,0,0,0,0,0,0,0,0,1,0,1,5,2,1,0,2,3,0}
Count:   0.0   0.0   0.0   0.0   0.0   0.0   0.0   0.5   0.6   0.6   0.6   0.4   0.2   0.3   0.2   0.2   0.2   0.1   0.1   0.0   0.1   0.0   0.0   0.0   0.0   0.0   0.0   0.0   0.0   0.0   0.0   0.4   0.4   0.4   0.4   0.4   0.3   0.3   0.2   0.2   0.1   0.1   0.0   0.0   0.0   0.0   0.0   0.0   0.0   0.0   0.0   0.0   0.0   0.0   0.0   0.0   0.0   0.0   0.0   0.5   0.5   0.4   0.4   0.3   0.3   0.4   0.3   0.4   0.3   0.2   0.1   0.1   0.1   0.0   0.0   0.0   0.0   0.0   0.0   0.0   0.0   0.0   0.0   0.0   0.0   0.0   0.0   0.0   0.5   0.5   0.3   0.4   0.4   0.4   0.4   0.3   0.3   0.2   0.2   0.2   0.1   0.1   0.0   0.0   0.0   0.0   0.0   0.0   0.0   0.0   0.0   0.1   0.4   0.4   0.3   0.4   0.4   0.2   0.3   0.2   0.2   0.2   0.1   0.1   0.1   0.1   0.0   0.0   0.0   0.0   0.0   0.0   0.0   0.0   0.0   0.4   0.5   0.4   0.4   0.3   0.2   0.2   0.2   0.2   0.1   0.1   0.0   0.0   0.0   0.0   0.0   0.0   0.0   0.0   0.0   0.0   0.0   0.0   0.0   0.0   0.0   0.0   0.0   0.0   0.4   0.3   0.4   0.3   0.2   0.3   0.2   0.2   0.2   0.2   0.1   0.1   0.1   0.0   0.0   0.0   0.0   0.0   0.0   0.0   0.0   0.0   0.0   0.0   0.0   0.0   0.0   0.0   0.1   0.2   0.3   0.3   0.5   0.3   0.4   0.3 
B: * * * * * * * 32.7 31.7 30.5 32.1 32.8 29.7 30.1 29.0 29.4 30.1 29.5 28.4 24.9 29.8 35.0 * * * * * * * * 27.5 31.3 31.5 31.0 31.7 32.3 29.7 29.9 28.1 26.5 29.5 25.7 30.2 23.4 24.3 22.0 28.0 * * * * * * 39.0 * * * * * 34.2 32.9 32.0 30.9 30.9 31.7 31.0 30.3 33.2 30.5 27.1 26.7 29.0 29.8 31.4 37.0 * * * * * 24.0 * * 27.0 38.0 * * 27.2 32.5 33.0 31.5 30.6 32.6 30.0 31.5 30.9 31.4 31.3 28.8 28.6 27.0 30.0 41.0 * * * 23.0 22.3 * * * 32.7 34.7 30.0 33.6 33.5 29.9 31.7 31.5 32.8 31.8 35.6 29.0 31.4 27.4 24.0 * * * * * * * * * 39.6 38.6 38.2 40.0 38.7 34.1 37.2 35.3 34.7 36.1 28.0 31.5 30.6 32.1 26.8 * * * 20.0 * * * * * * * * * 20.0 37.5 38.9 37.0 37.4 38.2 37.8 35.0 33.8 33.7 32.7 35.3 32.4 33.3 35.7 * * * * * * * * * * * * * 23.0 35.0 37.6 36.1 35.4 38.1 38.4 36.8 39.3 
Direction: * * * * * * *  n n n n n n n n n n n n n n n* * * * * * * *  n n n n n n n n n n n n n n n n n* * * * * *  n* * * * *  n n n n n n n n n n n n n n n n* * * * *  n* *  n n* *  n n n n n n n n n n n n n n n n* * *  n n* * *  n n n n n n n n n n n n n n n* * * * * * * * *  n n n n n n n n n n n n n n n* * *  n* * * * * * * * *  n n n n n n n n n n n n n n n* * * * * * * * * * * * *  n n n n n n n n n

55.8: Count:   0.1 (  0.2) A:  21.6 [20-35] B:  30.6 [20-76] Phase: 100% 69 (29.1) Direction:  {41 139}
Phase: {6,4,2,11,7,18,16,17,13,7,19,16,15,16,29,23,21,18,34,25,40,37,40,23,45,37,32,46,36,60,41,40,52,43,41,37,55,65,47,56,58,75,69,82,77,96,70,93,81,73,81,82,70,114,95,109,79,90,104,105,90,127,97,83,87,83,108,113,116,115,107,94,128,105,101,113,91,81,104,114,124,79,102,109,90,85,93,90,80,73,86,72,72,77,73,76,55,67,70,68,49,48,51,57,55,41,25,38,58,30,36,42,21,38,39,34,23,40,32,30,52,24,17,40,17,25,27,19,31,23,21,23,21,19,19,24,11,11,7,18,15,6,11,10,10,6,8,17,10,1,7,5,6,5,6,4,4,1,6,3,8,2,2,4,4,2,1,1,1,0,0,1,2,0,0,0,0,0,0,0,0,0,2,0,0,0,0,0,0,0,0,0,0,0,0,0,0,0,0,0,0,0,0,3,0,0,1,0,0,0,0,0,0,0,0,0,0,0,0,0,0,0,0,0,0,0,0,0,0,0,0,0,0,0,0,0,0,0,0,0,0,0,0,0,0,0,0,0,0,3,0,0,0,0,0,0,0,0,0,0,0,0,0,0,0,0,0,0,0,0,0,0,0,0,0,0,0,0,0,0,0,0,0,0,0,0,0,0,1,0,1,0,1,0,1,0,1,0,1,3,1,1,2,1,0,0,5,1,1,2,2,5,4,1,1,2,2,5,1,0,1,1,3,4,4,1,2,3,2,6,0,7,0,1,4,3,2,1,5,0,2,0,2,1,0,2,2,4,1,0,5,6,9,6,8,2,0,1,5,3}
Count:   0.0   0.0   0.0   0.0   0.0   0.0   0.0   0.6   0.4   0.5   0.6   0.5   0.3   0.3   0.3   0.2   0.2   0.1   0.0   0.1   0.0   0.0   0.0   0.0   0.0   0.0   0.0   0.0   0.0   0.0   0.0   0.4   0.4   0.4   0.3   0.2   0.3   0.2   0.2   0.1   0.1   0.1   0.0   0.0   0.0   0.0   0.0   0.0   0.0   0.0   0.0   0.0   0.0   0.0   0.0   0.0   0.0   0.0   0.0   0.6   0.4   0.4   0.3   0.4   0.3   0.3   0.3   0.2   0.3   0.2   0.1   0.1   0.1   0.1   0.0   0.0   0.0   0.0   0.0   0.0   0.0   0.0   0.0   0.0   0.0   0.0   0.0   0.0   0.4   0.4   0.4   0.3   0.3   0.4   0.3   0.3   0.2   0.1   0.2   0.1   0.1   0.1   0.0   0.0   0.0   0.0   0.0   0.0   0.0   0.0   0.0   0.1   0.3   0.4   0.3   0.3   0.4   0.2   0.3   0.2   0.2   0.1   0.1   0.1   0.0   0.0   0.0   0.0   0.0   0.0   0.0   0.0   0.0   0.0   0.0   0.4   0.5   0.5   0.4   0.4   0.2   0.2   0.2   0.2   0.1   0.1   0.1   0.1   0.0   0.0   0.0   0.0   0.0   0.0   0.0   0.0   0.0   0.0   0.0   0.0   0.0   0.0   0.0   0.0   0.5   0.4   0.4   0.3   0.2   0.3   0.3   0.2   0.2   0.2   0.2   0.1   0.2   0.1   0.0   0.0   0.0   0.0   0.0   0.0   0.0   0.0   0.0   0.0   0.0   0.0   0.0   0.0   0.2   0.4   0.4   0.3   0.3   0.4   0.4   0.3 
B: * 25.0 * * 23.6 * * 31.5 28.5 29.5 30.7 30.1 28.0 29.2 26.7 26.8 29.0 26.8 26.4 28.7 24.0 40.7 33.3 * * 28.0 * * 22.0 * 25.2 29.9 29.9 28.9 29.0 29.2 28.7 27.2 28.0 26.8 28.7 25.0 29.1 25.6 24.6 21.0 * 22.0 * 21.0 * 20.0 * * 25.0 * 25.0 * * 32.0 31.1 28.1 28.5 30.8 28.8 28.1 27.1 29.6 27.4 28.5 26.9 26.5 26.5 40.4 * 26.0 * 20.0 25.0 22.0 * * 26.0 * * * 27.0 35.1 29.5 29.8 29.4 29.4 29.2 27.8 29.1 28.5 32.5 28.2 28.5 28.1 25.7 25.0 35.0 24.0 * 22.0 27.0 * * 24.0 25.0 28.8 28.1 31.6 28.9 28.9 30.1 27.8 27.6 27.9 28.6 29.0 26.4 31.2 25.0 32.2 * * * 23.0 * * * * * 37.3 33.5 35.3 34.0 32.3 32.0 32.5 33.5 33.1 34.8 29.3 25.5 28.9 26.1 34.4 * 25.0 * * * * * * * * * * * 32.3 34.6 35.9 31.9 33.4 32.7 32.9 34.0 30.8 32.6 31.9 33.1 30.3 32.1 35.0 47.1 * 23.3 34.0 * 22.8 49.0 23.5 30.0 * * * * * 30.5 33.4 32.4 34.8 32.8 33.3 32.6 35.2 
Direction: *  n* *  n* *  n n n n n n n n n n n n n n n n* *  n* *  n*  n n n n n n n n n n n n n n n n*  n*  n*  n* *  n*  n* *  n n n n n n n n n n n n n n n*  n*  n n n* *  n* * *  n n n n n n n n n n n n n n n n n n*  n n* *  n n n n n n n n n n n n n n n n n* * *  n* * * * *  n n n n n n n n n n n n n n n*  n* * * * * * * * * * *  n n n n n n n n n n n n n n n n*  n n*  n n n n* * * * *  n n n n n n n n

55.9: Count:   0.1 (  0.1) A:  21.7 [20-32] B:  28.5 [20-79] Phase: 100% 54 (35.7) Direction:  {31 149}
Phase: {27,11,22,20,17,34,30,20,28,23,32,28,38,34,33,56,39,46,63,51,67,49,64,65,54,69,56,86,52,87,69,59,54,53,77,78,60,53,68,61,68,71,68,67,44,52,47,73,58,60,66,61,48,41,53,52,60,47,52,45,58,39,59,51,40,47,63,39,46,54,53,47,68,56,44,54,48,56,42,43,48,38,52,38,40,39,34,42,37,46,62,38,41,41,30,51,49,31,39,34,31,33,27,43,54,27,32,28,21,27,28,35,15,30,31,29,17,37,22,33,30,25,30,39,23,27,33,29,26,30,33,27,25,16,16,17,28,24,24,8,18,22,24,13,16,9,17,4,12,11,19,9,8,14,15,8,11,10,6,4,11,5,7,0,5,6,1,3,1,5,7,0,1,1,2,0,0,0,0,1,0,3,5,0,0,0,0,0,3,0,0,0,1,0,0,1,0,0,0,0,0,0,0,0,0,0,0,0,0,0,0,0,0,0,0,0,0,0,0,0,0,0,0,0,0,0,0,0,0,0,1,0,0,0,0,0,0,0,0,0,0,0,0,0,0,0,0,0,0,0,0,0,0,0,0,0,0,0,0,0,0,0,0,0,0,0,0,0,0,0,0,1,0,0,0,0,1,0,1,0,2,0,1,0,4,2,0,0,0,1,1,3,1,1,2,5,2,1,1,0,3,14,2,0,2,6,4,6,1,7,1,2,8,5,9,5,1,6,4,2,1,5,8,2,1,1,2,9,1,3,5,0,5,7,3,6,3,3,5,1,11,6,9,5,10,4,4,5,9,7,9,6,8,9,12,4,14,13,18,22}
Count:   0.0   0.0   0.0   0.0   0.0   0.0   0.0   0.4   0.4   0.5   0.4   0.3   0.2   0.2   0.3   0.1   0.1   0.1   0.0   0.1   0.0   0.0   0.0   0.0   0.0   0.0   0.0   0.0   0.0   0.0   0.0   0.3   0.3   0.4   0.2   0.2   0.2   0.2   0.1   0.1   0.1   0.0   0.0   0.0   0.0   0.0   0.0   0.0   0.0   0.0   0.0   0.0   0.0   0.0   0.0   0.0   0.0   0.0   0.0   0.3   0.3   0.2   0.2   0.2   0.2   0.2   0.2   0.2   0.2   0.1   0.1   0.1   0.0   0.0   0.0   0.0   0.0   0.0   0.0   0.0   0.0   0.0   0.0   0.0   0.0   0.0   0.0   0.0   0.3   0.4   0.4   0.3   0.2   0.2   0.2   0.2   0.2   0.2   0.1   0.1   0.1   0.1   0.0   0.0   0.0   0.0   0.0   0.0   0.0   0.0   0.0   0.1   0.3   0.3   0.2   0.2   0.3   0.2   0.2   0.2   0.2   0.1   0.1   0.0   0.1   0.0   0.0   0.0   0.0   0.0   0.0   0.0   0.0   0.0   0.0   0.3   0.4   0.3   0.3   0.4   0.2   0.2   0.2   0.2   0.1   0.1   0.0   0.0   0.0   0.0   0.0   0.0   0.0   0.0   0.0   0.0   0.0   0.0   0.0   0.0   0.0   0.0   0.0   0.0   0.5   0.4   0.4   0.3   0.2   0.2   0.3   0.2   0.2   0.2   0.2   0.1   0.1   0.1   0.0   0.0   0.0   0.0   0.0   0.0   0.0   0.0   0.0   0.0   0.0   0.0   0.0   0.0   0.1   0.5   0.3   0.3   0.3   0.4   0.5   0.2 
B: 20.0 * * * 24.0 * * 29.1 26.9 28.5 28.7 28.0 27.1 26.6 26.8 25.9 27.0 24.6 29.1 30.0 21.8 34.0 24.0 * * 22.0 24.0 27.0 22.0 * 27.5 27.8 26.9 27.6 26.5 27.3 25.7 26.3 26.3 26.3 23.9 23.4 23.1 20.6 30.0 36.0 34.0 29.0 * 21.0 27.0 * 22.0 23.2 26.0 25.0 * * * 29.1 26.9 26.6 29.8 27.6 26.2 29.6 27.0 26.5 27.1 24.8 26.3 27.5 27.5 21.5 * 27.0 20.0 * * * 30.0 23.6 27.0 25.0 25.6 21.3 23.6 26.2 30.1 27.6 28.2 29.0 28.4 26.2 25.2 28.9 25.9 24.8 29.8 25.0 23.1 23.6 36.1 * * * 28.0 28.0 * 26.6 21.0 27.7 27.5 27.9 27.6 28.4 25.7 30.2 25.8 26.5 27.7 25.9 26.0 25.2 23.6 22.3 * * 29.0 30.0 27.0 23.0 * * 20.0 34.0 32.5 31.0 30.8 30.6 30.0 30.4 27.9 29.0 25.8 25.5 24.7 30.1 27.0 30.3 * * 21.0 30.0 * 24.6 * 21.0 26.5 23.0 * 25.0 * 28.9 29.5 32.5 30.8 29.9 31.4 30.0 29.1 28.8 29.1 28.5 27.9 32.9 28.1 27.8 22.5 49.0 24.0 31.6 * * * 33.0 21.0 * * * * 35.0 27.4 32.5 30.4 28.8 31.9 29.8 31.2 27.1 
Direction:  n* * *  n* *  n n n n n n n n n n n n n n n n* *  n n n n*  n n n n n n n n n n n n n n n n n n*  n n*  n n n n* * *  n n n n n n n n n n n n n n n*  n n* * *  n n n n n n n n n n n n n n n n n n n n n n n* * *  n n*  n n n n n n n n n n n n n n n n n* *  n n n n* *  n n n n n n n n n n n n n n n n* *  n n*  n*  n n n*  n*  n n n n n n n n n n n n n n n n n n n* * *  n n* * * *  n n n n n n n n n

56.0: Count:   0.1 (  0.1) A:  21.4 [20-40] B:  27.9 [20-71] Phase: 100% 54 (29.6) Direction:  {31 149}
Phase: {12,4,8,19,5,14,13,11,15,12,32,15,17,30,18,32,34,23,49,40,25,42,29,42,43,42,17,28,39,45,49,46,45,41,34,60,48,39,44,36,43,60,40,43,40,42,24,48,32,55,27,43,31,35,47,51,52,44,32,57,61,52,38,47,19,26,41,33,31,36,42,32,25,21,43,39,33,23,21,37,22,26,38,24,18,47,23,33,30,19,49,16,20,11,24,16,33,21,22,22,22,17,23,20,23,23,14,19,28,17,24,18,11,9,24,11,15,30,18,12,21,13,5,13,20,11,13,7,12,8,11,12,15,8,3,8,7,5,7,11,5,7,5,7,5,8,3,11,2,5,3,3,12,0,1,4,5,2,3,0,1,1,2,1,0,4,1,0,2,0,3,0,0,0,0,0,0,0,1,0,0,0,0,0,0,0,0,0,0,0,0,0,0,0,0,0,0,0,0,0,0,0,0,0,0,0,0,0,0,0,0,0,0,0,0,0,0,0,0,0,0,0,0,0,0,0,0,0,0,0,0,0,0,0,0,0,0,0,0,0,0,0,0,0,0,0,0,0,0,0,0,0,0,0,0,0,0,0,0,0,0,0,0,0,0,0,0,0,0,0,0,0,0,0,0,0,0,0,0,0,0,0,0,0,0,1,0,0,5,1,1,1,1,3,0,2,0,1,1,1,0,0,4,4,0,4,2,0,0,1,0,3,1,1,3,1,2,1,2,3,0,8,10,0,1,1,1,3,5,1,6,1,1,0,3,5,2,1,2,0,4,4,1,9,0,1,3,3,0,3,7,3,6,4,5,13,13,5,12,7}
Count:   0.0   0.0   0.0   0.0   0.0   0.0   0.0   0.3   0.3   0.3   0.3   0.1   0.2   0.1   0.1   0.1   0.1   0.0   0.0   0.0   0.0   0.0   0.0   0.0   0.0   0.0   0.0   0.0   0.0   0.0   0.0   0.2   0.2   0.2   0.1   0.1   0.1   0.1   0.1   0.0   0.0   0.0   0.0   0.0   0.0   0.0   0.0   0.0   0.0   0.0   0.0   0.0   0.0   0.0   0.0   0.0   0.0   0.0   0.0   0.3   0.2   0.1   0.1   0.2   0.1   0.2   0.1   0.1   0.1   0.1   0.1   0.0   0.0   0.0   0.0   0.0   0.0   0.0   0.0   0.0   0.0   0.0   0.0   0.0   0.0   0.0   0.0   0.0   0.2   0.2   0.1   0.2   0.2   0.2   0.2   0.2   0.1   0.1   0.0   0.0   0.1   0.0   0.0   0.0   0.0   0.0   0.0   0.0   0.0   0.0   0.0   0.1   0.2   0.1   0.1   0.1   0.1   0.1   0.1   0.1   0.1   0.0   0.0   0.0   0.0   0.0   0.0   0.0   0.0   0.0   0.0   0.0   0.0   0.0   0.0   0.2   0.3   0.3   0.3   0.3   0.2   0.1   0.2   0.1   0.0   0.0   0.0   0.1   0.0   0.0   0.0   0.0   0.0   0.0   0.0   0.0   0.0   0.0   0.0   0.0   0.0   0.0   0.0   0.0   0.3   0.2   0.3   0.1   0.2   0.1   0.1   0.1   0.1   0.1   0.1   0.0   0.1   0.0   0.0   0.0   0.0   0.0   0.0   0.0   0.0   0.0   0.0   0.0   0.0   0.0   0.0   0.0   0.1   0.4   0.2   0.2   0.2   0.2   0.2   0.2 
B: * * * 21.0 * * * 27.4 27.2 26.9 27.1 26.7 25.4 25.7 24.1 25.4 25.8 26.6 22.0 23.2 26.2 55.0 28.5 * * * 24.0 30.0 * * 28.0 26.7 25.1 26.2 27.0 24.1 23.9 25.8 22.5 25.7 27.1 23.1 * 32.0 25.0 33.0 * 29.0 * * * * * * 27.0 20.0 * 24.0 29.0 28.9 30.1 26.8 25.7 27.4 25.3 26.3 23.5 26.4 29.2 26.0 27.2 27.1 24.3 21.0 * * 30.5 * * * * * 22.0 * 27.0 * * * 27.4 25.9 24.8 27.0 27.6 26.3 25.7 27.7 25.9 25.2 31.6 26.6 23.2 25.3 40.5 23.0 * * 30.0 * 25.3 * 23.0 28.0 29.6 25.7 25.0 26.3 26.2 26.0 26.3 25.1 28.8 22.5 24.7 24.5 25.0 24.0 * * * 29.0 30.0 30.0 * * * 34.6 29.0 31.2 31.4 30.3 32.2 26.8 25.0 24.8 24.8 28.7 23.0 24.6 33.0 24.2 * 21.0 * * * 35.0 * 26.0 * * * * * 28.7 31.0 30.1 33.4 27.7 28.0 28.4 29.0 28.3 26.8 27.8 30.3 29.2 29.6 27.0 47.7 * * * 29.0 26.0 * * * 34.0 * 24.0 * 21.0 30.4 29.4 30.0 29.5 30.6 28.4 29.5 28.8 
Direction: * * *  n* * *  n n n n n n n n n n n n n n n n* * *  n n* *  n n n n n n n n n n n n*  n n n*  n* * * * * *  n n*  n n n n n n n n n n n n n n n n n* *  n* * * * *  n*  n* * *  n n n n n n n n n n n n n n n n* *  n*  n*  n n n n n n n n n n n n n n n n* * *  n n n* * *  n n n n n n n n n n n n n n n*  n* * *  n*  n* * * * *  n n n n n n n n n n n n n n n n* * *  n n* * *  n*  n*  n n n n n n n n n

