54.0: Count:   1.4 (  0.4) A:  16.8 [15-43] B:  33.3 [15-119] Phase: 37% 55 (41.1) Direction:  {33 147}  26% 245 (33.7) Direction:  n  95% 284 (19.0) Direction:  {310 230}
Phase: {216,118,145,159,191,159,184,165,175,154,172,168,183,166,145,155,169,188,217,171,176,196,161,177,174,181,157,169,171,164,180,177,184,170,183,177,158,184,182,176,148,173,197,181,179,212,178,210,203,173,197,219,192,194,193,216,238,190,221,217,217,216,211,225,175,213,188,248,222,224,225,207,239,218,268,257,226,235,218,238,251,211,229,205,211,214,201,236,213,210,260,174,200,214,190,183,171,211,179,170,180,187,170,160,129,152,153,166,152,126,127,146,120,119,125,117,91,134,126,100,100,115,116,102,101,99,78,98,108,88,81,79,80,80,72,82,67,62,92,62,70,67,71,65,42,67,75,51,58,50,59,69,78,57,47,50,59,56,70,46,53,41,55,61,44,52,51,44,55,48,45,36,32,44,57,55,52,51,47,41,60,41,46,40,65,43,43,55,37,36,51,51,42,49,35,58,58,57,50,52,61,57,53,58,52,73,63,56,64,55,79,67,82,67,102,90,93,124,114,115,123,117,113,104,150,157,146,160,168,167,188,185,173,221,209,219,198,222,282,242,270,274,303,329,256,338,307,341,358,369,396,383,404,414,442,404,486,554,466,531,503,517,507,531,527,573,618,570,615,568,777,572,620,626,645,618,642,681,642,679,690,679,618,660,605,682,686,638,647,569,601,584,598,606,532,551,476,572,538,483,459,491,463,439,405,438,410,393,366,355,328,342,322,323,296,295,278,263,250,247,253,213,234,224,243,187,207,186,213,175,188,154,147,185,159,153,150,165,143,138,153,163,138,148,147,132,153,165,121,145,148,138,147,165,137,142,159,172,143,143}
Count:   1.4   1.4   1.5   1.4   1.2   1.4   1.4   1.4   1.2   1.1   1.2   1.0   1.1   1.1   1.1   1.0   1.1   1.2   1.1   1.1   1.1   1.1   1.0   2.3   2.3   2.3   2.0   2.1   2.0   2.0   1.9   1.7   1.8   1.6   1.6   1.4   1.6   1.4   1.4   1.3   1.2   1.2   0.9   1.0   1.1   1.1   1.1   1.1   1.1   1.1   1.0   1.5   2.3   2.0   1.8   1.9   1.5   1.7   1.6   1.7   1.4   1.4   1.5   1.3   1.3   1.3   1.0   1.0   1.0   1.1   1.1   1.1   1.1   1.1   1.1   1.9   2.1   1.8   1.8   1.7   1.9   1.6   1.8   1.5   1.3   1.4   1.4   1.3   1.2   1.3   1.1   1.0   1.0   1.1   1.1   1.0   1.1   1.1   1.0   2.2   2.0   2.1   1.8   2.0   1.7   1.6   1.7   1.5   1.5   1.5   1.2   1.2   1.2   1.0   1.0   1.0   1.0   1.1   1.0   1.1   1.0   1.0   1.4   2.1   2.1   1.8   1.8   1.8   1.7   1.4   1.5   1.4   1.4   1.3   1.3   1.2   1.2   1.2   1.0   1.1   1.0   1.1   1.1   1.1   1.1   1.1   1.5   1.9   1.9   1.9   1.7   1.8   1.6   1.6   1.6   1.3   1.3   1.3   1.2   1.2   1.2   1.0   1.0   1.0   1.0   1.0   1.1   1.1   1.1   0.9   1.0   1.0   1.0   1.1   1.0   2.0   2.0   1.7   1.7   1.9   1.7   1.6   1.7   1.4   1.5   1.4   1.2   1.4   1.3   1.1   1.1   1.1   1.2   1.1   1.1   1.0   1.0   0.9   0.9   0.9 
B: 30.9 30.6 33.0 31.5 33.4 32.4 32.6 31.9 33.1 33.7 34.6 34.0 35.0 34.5 35.1 33.7 34.7 34.6 34.6 35.0 33.1 35.4 34.3 36.9 35.2 34.5 34.8 34.9 34.1 34.6 35.0 34.8 34.4 32.8 34.7 32.3 33.7 32.6 33.9 33.7 33.6 33.1 36.1 35.0 34.8 35.4 34.7 35.6 34.8 35.2 34.4 35.7 35.1 35.3 35.2 34.7 33.4 33.8 33.2 33.2 33.0 33.1 33.9 33.3 33.5 32.5 34.5 35.6 35.1 36.0 34.3 36.0 35.2 33.7 35.8 38.8 35.5 35.0 34.5 34.3 34.7 32.4 33.4 32.9 33.3 32.8 32.8 33.5 32.6 35.0 33.9 34.7 34.7 34.9 36.1 35.7 34.4 34.5 33.7 36.4 33.9 35.0 34.4 33.8 34.4 33.1 34.2 33.6 32.4 32.8 33.9 32.9 33.2 35.0 34.8 34.7 34.9 34.6 34.7 32.9 35.6 34.2 40.4 37.2 35.7 34.8 34.1 33.5 33.6 33.3 32.3 33.1 32.9 34.1 33.4 33.8 32.7 36.4 35.4 34.6 34.3 35.0 35.2 34.8 34.7 34.9 37.2 35.1 35.4 33.9 35.1 34.7 34.0 32.9 33.0 32.9 34.2 33.9 30.6 28.7 29.2 29.5 29.7 28.8 29.2 29.4 31.0 28.6 29.0 30.0 29.2 29.5 30.3 28.8 29.3 31.3 28.9 28.0 28.6 28.6 27.8 28.7 27.9 27.9 27.7 28.1 27.9 27.6 28.3 27.4 27.9 28.9 28.4 28.4 29.1 30.0 29.5 29.7 29.2 29.1 
Direction:  n n n n n n n n n n n n n n n n n n n n n n n n n n n n n n n n n n n n n n n n n n n n n n n n n n n n n n n n n n n n n n n n n n n n n n n n n n n n n n n n n n n n n n n n n n n n n n n n n n n n n n n n n n n n n n n n n n n n n n n n n n n n n n n n n n n n n n n n n n n n n n n n n n n n n n n n n n n n n n n n n n n n n n n n n n n n n n n n n n n n n n n n n n n n n n n n n n n n n n n n

54.1: Count:   1.6 (  0.4) A:  16.7 [15-51] B:  32.3 [15-111] Phase: 33% 56 (42.1) Direction:  {34 146}  21% 251 (33.2) Direction:  n  88% 283 (21.3) Direction:  {310 230}
Phase: {225,160,206,189,194,163,176,179,167,166,201,202,196,189,198,192,199,199,223,195,208,190,211,195,176,200,179,212,230,220,177,203,185,198,189,214,207,211,230,189,261,203,216,253,222,220,243,250,204,216,245,229,227,255,238,231,264,210,275,202,268,254,267,296,196,278,218,254,255,261,257,234,292,241,280,252,268,273,247,249,220,227,218,239,253,206,283,251,217,213,298,197,204,231,209,204,217,193,177,200,193,205,179,216,161,162,172,166,191,162,161,168,146,165,161,154,125,150,150,143,133,137,125,120,111,123,127,114,105,102,103,102,90,97,83,109,99,92,71,84,79,72,89,94,79,84,70,69,82,69,69,63,67,85,53,77,78,67,63,56,61,50,68,51,65,67,48,65,48,53,54,64,56,49,45,46,43,56,43,49,67,34,41,54,57,50,34,51,39,42,41,58,49,49,57,40,65,45,56,69,57,51,65,61,55,52,54,69,74,64,69,69,81,78,89,69,92,95,106,110,99,107,123,128,116,153,133,140,158,159,158,162,175,218,189,228,227,209,275,241,252,299,318,383,266,347,372,417,410,417,479,469,519,470,535,542,561,599,565,634,609,611,685,680,697,698,719,724,753,737,1044,705,816,828,895,812,823,861,819,856,839,868,777,849,802,805,805,829,800,718,796,698,772,748,680,722,585,695,659,540,611,549,579,565,481,493,490,447,434,402,432,376,389,359,330,338,325,318,287,285,282,244,229,241,224,222,212,179,200,190,180,193,204,204,184,188,156,168,171,145,155,138,156,144,174,171,167,138,164,174,183,154,181,166,151,177,203,204,189,166}
Count:   1.7   1.6   1.9   1.7   1.7   1.5   1.6   1.4   1.5   1.1   1.2   1.2   1.1   1.2   1.2   1.2   1.2   1.3   1.2   1.2   1.2   1.3   1.2   2.6   2.4   2.7   2.4   2.6   2.3   2.4   2.1   2.2   2.0   2.0   1.8   1.8   1.7   1.7   1.7   1.6   1.6   1.4   1.2   1.3   1.3   1.4   1.3   1.4   1.4   1.4   1.3   1.8   2.5   2.3   2.2   2.2   2.0   2.0   2.0   1.9   1.5   1.7   1.5   1.5   1.5   1.5   1.2   1.2   1.3   1.2   1.3   1.3   1.3   1.2   1.2   2.3   2.4   2.3   2.1   2.2   2.0   1.9   1.9   1.8   1.6   1.5   1.6   1.5   1.4   1.4   1.2   1.3   1.2   1.2   1.3   1.2   1.2   1.2   1.2   2.3   2.2   2.4   2.2   2.3   2.0   2.0   1.8   1.8   1.8   1.6   1.6   1.6   1.5   1.3   1.3   1.2   1.2   1.1   1.2   1.1   1.2   1.1   1.5   2.3   2.4   2.2   2.1   2.0   2.1   1.7   1.8   1.6   1.6   1.5   1.5   1.4   1.5   1.3   1.2   1.4   1.2   1.2   1.1   1.3   1.2   1.2   1.7   2.1   2.2   2.3   2.0   2.0   2.0   1.9   1.8   1.5   1.6   1.6   1.4   1.3   1.5   1.1   1.2   1.1   1.2   1.2   1.2   1.2   1.3   1.1   1.1   1.0   1.3   1.2   1.2   2.4   2.3   2.1   2.2   2.0   2.0   2.2   1.9   1.7   1.6   1.8   1.6   1.6   1.4   1.4   1.3   1.3   1.4   1.4   1.0   1.3   1.1   1.0   1.1   1.0 
B: 31.0 29.8 31.4 31.4 31.7 31.5 31.4 30.9 32.5 33.6 33.7 33.6 33.4 34.7 34.3 33.7 34.1 33.7 33.2 34.5 33.9 33.3 35.5 35.3 33.7 33.6 33.2 33.5 34.2 33.3 33.9 32.1 33.1 33.0 32.4 31.3 34.1 32.0 32.5 32.2 33.4 33.2 34.0 34.3 32.7 34.4 34.8 33.3 35.6 33.6 33.1 35.5 33.5 34.1 33.7 33.4 33.4 32.0 31.9 32.2 31.7 31.4 32.8 32.2 32.2 32.8 34.7 34.4 33.9 33.8 34.2 34.4 34.1 32.8 34.7 37.2 34.6 33.3 33.9 32.5 32.4 32.8 32.2 31.3 32.4 32.8 31.6 33.0 31.1 33.5 34.3 33.4 34.2 33.7 34.4 34.0 33.8 34.1 35.3 34.7 34.5 34.5 34.1 33.0 33.0 32.6 31.7 32.1 32.6 32.0 31.8 32.5 32.2 33.7 33.9 33.9 33.8 33.9 34.1 33.3 34.6 33.1 39.5 34.6 34.1 33.1 33.3 32.5 32.7 32.0 31.4 31.7 31.4 32.0 32.8 32.3 32.1 34.3 33.6 34.1 34.1 34.2 34.1 35.1 33.2 34.4 36.6 34.5 33.2 33.7 33.1 32.9 32.8 32.7 32.1 32.2 31.6 31.9 30.0 27.9 28.5 28.3 29.3 28.3 29.1 28.4 28.5 28.2 28.6 28.7 29.0 29.7 28.5 28.5 28.7 30.4 27.4 27.6 27.3 28.5 27.5 27.7 27.2 26.9 27.3 27.2 26.9 27.6 27.1 26.8 27.4 27.9 27.3 27.9 28.3 29.6 28.7 29.3 28.3 29.9 
Direction:  n n n n n n n n n n n n n n n n n n n n n n n n n n n n n n n n n n n n n n n n n n n n n n n n n n n n n n n n n n n n n n n n n n n n n n n n n n n n n n n n n n n n n n n n n n n n n n n n n n n n n n n n n n n n n n n n n n n n n n n n n n n n n n n n n n n n n n n n n n n n n n n n n n n n n n n n n n n n n n n n n n n n n n n n n n n n n n n n n n n n n n n n n n n n n n n n n n n n n n n n

54.2: Count:   1.3 (  0.5) A:  16.4 [15-51] B:  32.0 [15-109] Phase: 42% 66 (40.6) Direction:  {41 139}  30% 288 (29.7) Direction:  {314 226}  7% 274 (25.1) Direction:  {301 239}  8% 276 (23.4) Direction:  {303 237}  18% 276 (21.0) Direction:  {303 237}  9% 275 (20.3) Direction:  {302 238}  7% 275 (20.7) Direction:  {302 238}  12% 276 (20.4) Direction:  {303 237}
Phase: {174,135,152,148,132,133,128,153,137,164,128,162,170,163,149,145,177,182,175,145,174,160,182,162,181,182,160,218,210,164,174,178,182,201,203,218,225,210,218,215,199,190,220,242,201,260,247,304,241,258,257,228,277,221,253,238,238,231,298,267,266,266,302,274,245,286,282,251,281,263,285,249,301,286,272,270,263,275,218,258,253,216,244,281,216,226,261,262,225,187,310,226,242,246,228,230,217,226,193,206,226,217,201,207,191,200,187,199,193,182,182,194,162,197,154,168,140,187,154,160,169,112,144,131,131,148,105,136,105,112,120,98,94,87,89,97,83,82,103,94,89,85,84,81,76,73,73,59,64,72,56,57,51,61,48,50,48,48,43,50,66,44,65,36,51,36,45,39,39,35,26,32,43,33,33,48,30,49,38,29,63,29,42,29,25,29,34,43,36,18,30,39,31,38,26,34,29,30,29,16,34,28,33,19,24,24,20,32,34,27,29,24,46,34,41,35,33,36,41,39,33,45,59,46,55,53,68,57,50,69,70,94,66,84,68,93,98,97,132,93,121,142,191,193,150,204,174,224,241,235,326,254,271,380,345,320,370,422,441,509,451,480,517,521,489,531,565,551,611,509,730,558,700,604,709,681,684,700,699,696,650,667,650,714,595,610,627,568,666,554,576,587,547,554,480,440,388,517,454,378,409,409,333,313,291,256,284,274,260,260,241,211,240,211,195,186,158,178,168,141,161,126,152,140,140,131,119,112,128,113,130,108,143,152,105,110,119,117,117,125,119,97,130,110,141,121,123,127,123,152,127,158,142,153,113,149,158,127,134,131}
Count:   1.4   1.5   1.6   1.3   1.3   1.2   1.3   1.2   1.1   0.7   0.9   0.9   0.8   0.8   0.8   0.9   0.9   0.9   0.9   0.9   0.8   0.9   0.9   2.2   2.2   2.3   2.1   2.1   2.1   2.1   1.9   1.9   1.6   1.5   1.6   1.4   1.4   1.4   1.3   1.2   1.1   1.0   0.9   1.0   0.9   0.9   0.9   0.9   0.9   1.0   0.8   1.4   2.5   2.0   2.0   2.0   1.7   1.7   1.5   1.4   1.3   1.3   1.2   1.2   1.1   1.0   0.9   0.8   0.9   0.8   0.9   0.9   0.8   1.0   0.9   2.0   2.2   2.1   1.8   1.8   1.7   1.7   1.5   1.4   1.2   1.2   1.2   1.1   1.0   1.1   0.9   0.8   0.8   0.8   0.9   0.9   0.8   0.9   0.8   2.0   2.1   2.0   2.0   2.0   1.7   1.8   1.6   1.5   1.4   1.4   1.4   1.3   1.1   1.0   0.9   0.7   0.9   0.8   0.8   0.8   0.9   0.8   1.2   2.2   2.1   1.9   2.0   1.9   1.7   1.5   1.6   1.4   1.2   1.1   1.1   1.1   1.1   0.9   0.7   0.9   0.8   0.8   0.7   1.0   0.9   0.8   1.2   2.0   2.0   1.8   1.9   1.8   1.6   1.6   1.4   1.2   1.3   1.3   1.0   0.8   1.0   0.6   0.8   0.6   0.8   0.7   0.9   0.7   0.8   0.7   0.7   0.8   0.8   0.8   0.8   1.9   2.0   1.9   2.0   1.8   1.8   1.7   1.5   1.5   1.3   1.4   1.0   1.2   1.0   1.0   1.0   0.8   0.9   1.0   0.8   0.8   0.8   0.7   0.7   0.6 
B: 29.2 29.2 31.2 29.6 30.2 30.0 30.8 30.5 32.6 34.3 34.2 34.3 34.8 34.5 32.8 35.0 34.3 34.9 34.2 34.0 34.0 32.9 34.1 34.9 34.1 32.9 33.2 33.4 32.5 32.8 32.6 31.4 32.6 32.8 30.6 30.0 31.8 30.2 32.7 31.8 31.6 31.3 34.9 34.0 34.0 34.2 35.2 33.8 34.6 34.1 34.6 35.7 34.1 32.6 33.0 33.3 32.0 31.2 30.6 31.6 29.9 30.8 32.0 32.2 32.1 33.5 34.3 34.9 33.7 35.1 32.5 34.1 35.5 35.1 32.0 38.0 34.5 32.5 33.4 32.9 32.0 31.2 32.1 30.6 31.7 31.6 31.2 33.0 31.1 32.2 35.4 34.7 33.9 34.4 34.4 34.1 33.3 34.4 35.6 34.5 33.8 33.6 33.4 32.5 31.5 32.0 30.7 32.1 31.0 32.5 30.6 31.7 32.7 33.6 34.1 34.1 35.1 34.0 34.0 35.4 33.9 35.0 40.7 35.6 32.4 32.7 32.4 31.6 32.0 31.3 32.3 29.8 31.0 30.9 31.6 31.7 32.0 34.9 33.8 34.8 34.2 33.1 34.3 35.4 32.9 34.0 36.0 34.5 33.5 33.2 32.5 32.1 31.7 31.2 31.1 31.0 29.5 31.4 29.2 27.6 29.0 29.3 29.1 28.8 29.8 28.8 29.9 28.7 29.3 28.2 28.6 29.6 28.6 28.8 29.7 29.9 27.0 27.4 26.5 27.2 26.3 26.4 26.1 25.8 26.9 26.8 26.7 27.2 27.5 27.2 27.5 28.0 27.0 28.2 28.6 30.0 29.1 29.4 28.8 30.2 
Direction:  n n n n n n n n n n n n n n n n n n n n n n n n n n n n n n n n n n n n n n n n n n n n n n n n n n n n n n n n n n n n n n n n n n n n n n n n n n n n n n n n n n n n n n n n n n n n n n n n n n n n n n n n n n n n n n n n n n n n n n n n n n n n n n n n n n n n n n n n n n n n n n n n n n n n n n n n n n n n n n n n n n n n n n n n n n n n n n n n n n n n n n n n n n n n n n n n n n n n n n n n

54.3: Count:   0.7 (  0.4) A:  16.3 [15-45] B:  31.2 [15-111] Phase: 18% 79 (56.6) Direction:  {51 129}  36% 79 (34.4) Direction:  {51 129}  18% 35 (38.1) Direction:  {20 160}  18% 283 (33.5) Direction:  {310 230}  18% 281 (29.7) Direction:  {308 232}  18% 283 (31.9) Direction:  {310 230}  21% 77 (31.8) Direction:  {50 130}  20% 285 (32.5) Direction:  {312 228}
Phase: {141,87,95,102,89,109,79,104,123,87,114,101,85,95,91,114,83,118,111,86,111,98,117,85,115,108,92,128,140,104,118,116,115,130,143,123,149,136,155,134,140,131,145,160,156,183,154,194,180,170,208,192,206,170,215,208,212,203,242,201,247,212,253,256,184,258,203,279,238,229,234,178,272,234,275,279,266,265,211,286,265,248,255,279,233,243,252,225,238,212,299,205,217,217,210,190,204,194,179,181,189,200,173,199,137,157,143,167,159,120,122,132,124,126,120,129,118,103,103,92,86,91,86,79,81,69,77,66,65,54,58,73,63,54,63,60,52,37,30,48,49,39,39,36,30,33,38,36,38,31,37,30,42,32,29,24,23,36,28,27,35,23,23,44,28,35,14,25,34,26,17,26,16,31,13,19,11,27,15,18,17,14,16,20,12,11,10,9,19,17,15,17,11,21,14,20,17,16,16,10,15,18,17,19,9,17,7,13,14,11,17,10,20,16,10,13,5,13,8,29,16,10,15,16,15,10,14,18,25,19,21,28,22,19,12,30,21,26,34,26,29,34,51,47,53,56,64,61,66,65,89,78,83,94,106,98,108,114,97,152,135,169,158,150,162,162,190,192,196,166,225,170,232,255,239,232,284,236,276,252,267,281,245,267,230,247,240,261,260,199,233,196,221,209,196,185,123,213,191,171,176,136,132,128,139,161,108,105,112,99,104,97,71,104,92,73,86,93,62,83,57,75,57,64,59,71,53,57,59,62,64,63,65,64,76,59,58,71,75,57,69,69,72,81,84,73,66,83,64,91,90,89,76,98,72,97,79,84,98,84}
Count:   0.9   0.8   0.9   0.8   0.7   0.6   0.6   0.6   0.5   0.3   0.3   0.4   0.4   0.4   0.3   0.3   0.3   0.3   0.3   0.4   0.2   0.3   0.3   1.6   1.5   1.5   1.5   1.4   1.3   1.3   1.3   1.2   1.0   1.0   0.9   0.8   0.7   0.7   0.7   0.5   0.5   0.7   0.3   0.3   0.4   0.4   0.5   0.3   0.3   0.3   0.3   0.8   1.5   1.3   1.2   1.1   1.1   1.0   0.9   0.9   0.8   0.6   0.6   0.6   0.5   0.6   0.3   0.4   0.3   0.4   0.3   0.4   0.3   0.4   0.3   1.4   1.6   1.3   1.2   1.2   1.3   1.1   0.9   0.8   0.8   0.6   0.6   0.6   0.5   0.5   0.4   0.3   0.3   0.3   0.3   0.4   0.3   0.3   0.3   1.3   1.5   1.4   1.4   1.3   1.2   1.1   1.0   0.9   0.7   0.7   0.8   0.5   0.6   0.5   0.3   0.3   0.3   0.4   0.3   0.3   0.3   0.4   0.6   1.7   1.2   1.3   1.2   1.1   1.0   0.9   0.9   0.8   0.6   0.5   0.5   0.5   0.5   0.3   0.3   0.4   0.3   0.3   0.3   0.3   0.3   0.4   0.7   1.4   1.3   1.2   1.1   1.1   1.0   0.9   0.7   0.8   0.7   0.7   0.5   0.4   0.4   0.3   0.3   0.2   0.4   0.3   0.3   0.4   0.3   0.3   0.3   0.3   0.3   0.3   0.3   1.2   1.2   1.4   1.4   1.1   1.0   1.1   0.9   0.7   0.7   0.7   0.7   0.6   0.5   0.5   0.4   0.5   0.4   0.4   0.4   0.3   0.3   0.2   0.2   0.2 
B: 28.6 29.8 29.0 29.5 29.6 29.2 29.9 28.5 31.5 29.6 31.0 32.4 32.3 33.2 35.0 32.8 32.6 34.3 31.4 30.7 33.4 32.4 33.2 35.8 33.8 34.0 33.3 32.7 33.4 32.7 32.5 31.6 32.1 31.2 30.1 29.4 29.7 28.4 28.2 30.0 30.2 29.3 31.7 33.8 31.3 31.2 31.9 31.1 31.8 32.3 32.2 36.7 35.1 32.5 32.3 31.7 31.6 31.1 30.2 31.2 29.4 29.9 31.5 28.8 28.4 32.8 32.8 33.8 32.3 32.9 33.0 33.1 35.3 33.3 32.1 39.4 33.3 34.0 34.4 32.4 32.7 31.2 31.1 31.0 30.1 31.0 28.9 29.5 28.7 33.2 32.1 31.3 31.0 32.0 32.1 32.1 32.5 32.4 31.1 35.2 34.1 33.9 33.4 32.7 31.4 32.6 30.3 29.7 30.0 30.8 29.5 29.6 28.8 32.7 32.8 31.3 34.6 31.7 30.7 31.3 32.5 32.8 44.4 36.0 33.9 32.9 32.2 31.1 31.2 29.9 29.4 28.9 30.2 27.3 31.6 30.8 31.0 35.0 30.5 32.2 32.1 32.3 31.9 32.8 32.0 33.1 35.6 33.5 34.0 32.5 32.9 31.4 30.3 31.3 29.6 28.2 28.3 29.9 26.2 25.3 29.8 27.4 27.4 26.7 26.9 28.1 28.5 27.2 28.7 27.4 27.6 26.5 27.8 27.1 27.3 31.0 26.7 26.5 26.0 26.9 25.7 25.9 25.2 25.8 25.5 25.5 24.9 24.5 25.2 25.5 25.3 26.2 26.2 26.3 28.7 27.7 26.3 27.9 25.9 29.2 
Direction:  n n n n n n n n n n n n n n n n n n n n n n n n n n n n n n n n n n n n n n n n n n n n n n n n n n n n n n n n n n n n n n n n n n n n n n n n n n n n n n n n n n n n n n n n n n n n n n n n n n n n n n n n n n n n n n n n n n n n n n n n n n n n n n n n n n n n n n n n n n n n n n n n n n n n n n n n n n n n n n n n n n n n n n n n n n n n n n n n n n n n n n n n n n n n n n n n n n n n n n n n

54.4: Count:   0.6 (  0.4) A:  16.3 [15-47] B:  32.1 [15-109] Phase: 50% 59 (38.4) Direction:  {35 145}  34% 86 (23.9) Direction:  {58 122}  17% 74 (12.2) Direction:  {47 133}
Phase: {103,59,83,100,85,86,70,82,62,80,71,103,99,98,98,98,98,98,107,96,96,99,104,98,101,103,99,128,102,89,114,109,100,102,118,122,110,103,140,109,126,129,130,159,149,189,146,193,196,216,190,209,194,238,246,240,274,260,277,277,261,305,290,327,310,314,284,277,278,276,341,282,367,312,324,305,323,326,327,330,299,280,306,288,313,297,345,264,275,245,300,231,261,236,279,246,190,225,250,198,212,180,204,188,177,198,144,125,164,111,122,154,99,136,130,89,84,130,94,78,85,61,80,88,74,63,69,56,68,44,44,50,29,52,41,51,27,31,47,40,30,31,27,31,21,29,40,20,27,29,33,17,15,21,10,20,24,13,10,24,16,20,23,17,24,19,12,18,19,26,5,9,14,14,14,10,27,10,10,18,17,19,8,12,14,10,15,9,4,14,6,9,9,11,8,6,3,10,6,4,7,5,3,5,1,2,4,6,9,12,8,1,10,7,1,8,13,6,5,1,8,11,8,10,7,7,7,7,15,9,9,11,2,16,9,15,18,15,20,16,13,18,21,22,24,26,24,22,22,34,26,18,28,37,36,40,23,40,54,38,53,53,41,56,53,50,71,56,75,62,89,72,71,101,75,76,71,101,119,74,110,122,97,95,89,86,124,117,108,77,115,93,106,94,106,87,84,93,95,85,91,77,94,89,69,90,73,85,71,69,74,81,57,72,54,51,48,39,49,59,55,56,40,59,42,57,48,36,66,43,64,37,42,58,37,33,64,52,45,51,46,57,54,61,51,60,50,68,57,56,48,62,50,60,82,75,56,73,65,68}
Count:   0.9   0.9   0.7   0.6   0.6   0.5   0.5   0.5   0.4   0.2   0.2   0.1   0.2   0.2   0.2   0.2   0.2   0.2   0.2   0.2   0.2   0.2   0.2   1.4   1.5   1.6   1.3   1.3   1.3   1.2   1.2   1.2   1.0   0.8   0.8   0.8   0.6   0.7   0.5   0.4   0.4   0.4   0.2   0.2   0.2   0.2   0.2   0.1   0.2   0.2   0.2   0.8   1.5   1.2   1.2   1.1   1.1   0.8   0.8   0.7   0.7   0.6   0.5   0.4   0.3   0.4   0.2   0.2   0.1   0.2   0.2   0.2   0.2   0.2   0.2   1.3   1.4   1.3   1.0   1.2   1.0   0.8   0.7   0.7   0.6   0.4   0.5   0.5   0.4   0.3   0.2   0.2   0.2   0.2   0.3   0.1   0.2   0.2   0.2   1.1   1.4   1.3   1.3   1.2   0.9   1.0   0.9   0.8   0.6   0.6   0.5   0.5   0.4   0.3   0.2   0.2   0.2   0.2   0.2   0.2   0.2   0.2   0.4   1.4   1.2   1.1   1.1   1.0   1.0   0.8   0.9   0.7   0.6   0.5   0.4   0.4   0.4   0.2   0.2   0.2   0.2   0.2   0.1   0.2   0.2   0.2   0.5   1.3   1.2   1.2   1.2   1.0   0.8   0.9   0.7   0.6   0.6   0.6   0.4   0.4   0.3   0.1   0.2   0.2   0.2   0.2   0.1   0.1   0.2   0.1   0.2   0.2   0.1   0.1   0.1   1.1   1.3   1.3   1.2   1.0   0.9   1.0   0.8   0.7   0.8   0.6   0.6   0.5   0.5   0.4   0.4   0.3   0.3   0.3   0.2   0.2   0.1   0.1   0.1   0.1 
B: 31.2 30.3 31.8 29.4 30.5 26.9 28.0 26.0 29.9 29.4 28.9 29.1 28.2 29.8 31.5 29.5 32.0 30.6 28.7 29.6 26.4 27.7 31.7 36.9 36.7 35.9 36.7 36.2 35.0 34.5 34.0 33.7 34.3 31.9 30.4 31.1 30.0 30.4 27.5 28.8 28.7 29.8 30.4 27.4 29.1 29.7 27.5 30.4 31.0 28.0 29.9 37.2 37.3 36.1 34.8 35.4 33.4 34.3 33.2 32.3 30.7 28.1 29.0 27.2 28.0 31.4 29.4 27.6 30.1 32.5 29.7 30.8 28.9 31.6 29.3 39.9 35.8 34.9 35.9 34.7 32.8 31.1 31.8 32.2 31.3 29.6 26.7 29.8 28.3 32.4 29.0 27.8 28.6 27.6 29.4 30.3 33.5 30.1 28.6 36.8 36.3 36.3 35.4 34.3 33.1 33.5 31.3 33.0 31.5 29.9 28.8 27.2 28.7 34.4 29.2 27.3 28.3 31.0 29.3 29.2 26.7 30.7 46.3 37.4 37.4 35.3 34.0 35.8 32.7 30.7 32.0 30.2 30.9 31.9 31.6 29.4 27.5 32.3 27.8 29.0 30.9 29.4 31.0 29.6 29.6 31.4 35.8 37.0 36.2 34.0 34.2 34.3 34.2 32.5 31.2 31.8 28.6 29.9 24.6 25.2 28.9 24.3 26.0 24.7 25.8 25.4 24.3 27.4 26.7 28.8 27.4 24.4 25.4 25.4 27.1 29.7 27.4 27.9 29.0 26.8 26.9 27.7 25.5 27.1 25.1 25.0 25.5 24.6 24.5 24.6 24.9 25.6 22.7 26.5 24.5 25.4 24.1 26.5 25.2 23.8 
Direction:  n n n n n n n n n n n n n n n n n n n n n n n n n n n n n n n n n n n n n n n n n n n n n n n n n n n n n n n n n n n n n n n n n n n n n n n n n n n n n n n n n n n n n n n n n n n n n n n n n n n n n n n n n n n n n n n n n n n n n n n n n n n n n n n n n n n n n n n n n n n n n n n n n n n n n n n n n n n n n n n n n n n n n n n n n n n n n n n n n n n n n n n n n n n n n n n n n n n n n n n n

54.5: Count:   0.7 (  0.5) A:  16.4 [15-48] B:  32.8 [15-107] Phase: 53% 61 (34.6) Direction:  {37 143}  30% 86 (21.4) Direction:  {58 122}  13% 86 (10.9) Direction:  {58 122}  15% 68 (11.2) Direction:  {42 138}
Phase: {95,76,75,106,83,85,109,99,117,107,97,95,82,83,106,93,76,134,149,125,132,133,114,102,124,104,108,147,159,151,122,129,160,154,173,186,180,180,195,190,207,204,194,222,176,229,198,290,254,279,310,256,323,334,328,363,330,325,346,353,360,366,452,478,362,440,442,394,469,438,469,396,471,450,466,435,427,459,402,408,417,439,431,437,409,435,438,435,377,366,455,342,361,358,345,337,328,304,297,275,231,283,248,249,238,238,196,159,173,162,176,140,156,160,130,122,113,130,142,78,132,77,100,73,75,76,60,68,60,63,59,64,54,54,44,50,42,61,42,44,29,36,41,35,26,33,45,23,23,27,34,33,33,34,18,21,26,27,25,20,20,17,19,19,17,12,21,21,21,15,18,13,11,8,10,4,14,9,13,9,9,4,7,2,2,3,4,15,6,8,12,6,13,6,3,7,4,4,4,4,5,9,2,4,10,4,5,4,4,4,4,5,4,4,5,12,7,8,7,5,2,4,4,3,2,11,5,7,6,4,7,4,9,4,5,10,8,11,18,7,11,16,23,20,31,18,17,16,29,22,17,29,31,29,30,31,28,52,42,36,37,35,45,44,43,75,51,55,73,49,61,72,62,69,67,87,63,91,107,80,89,91,83,71,94,111,99,107,123,85,103,105,87,108,97,113,81,102,102,95,145,108,105,102,102,90,66,110,57,85,83,82,67,68,81,65,61,74,65,73,59,46,70,54,44,44,38,43,41,48,46,47,55,46,45,36,59,44,56,61,63,32,63,61,69,44,64,59,48,70,75,65,62,71,69,76,94,62,61,85}
Count:   1.2   1.2   1.0   1.0   0.7   0.7   0.7   0.5   0.7   0.1   0.2   0.2   0.2   0.2   0.2   0.2   0.2   0.2   0.2   0.2   0.2   0.2   0.2   1.7   2.0   1.9   1.7   1.6   1.8   1.6   1.4   1.5   1.3   1.1   0.9   0.9   0.9   0.9   0.7   0.6   0.5   0.6   0.3   0.2   0.2   0.2   0.2   0.2   0.2   0.2   0.2   0.9   1.7   1.6   1.5   1.3   1.6   1.2   1.0   1.0   1.0   0.8   0.7   0.5   0.5   0.5   0.1   0.2   0.2   0.2   0.1   0.2   0.2   0.2   0.2   1.3   1.7   1.7   1.4   1.5   1.2   1.1   1.0   0.9   0.9   0.7   0.5   0.5   0.5   0.4   0.2   0.3   0.3   0.2   0.2   0.2   0.2   0.2   0.2   1.4   1.8   1.8   1.6   1.5   1.4   1.3   1.2   1.1   0.9   0.7   0.6   0.5   0.6   0.4   0.1   0.2   0.2   0.2   0.2   0.1   0.2   0.1   0.4   1.9   1.7   1.5   1.4   1.2   1.3   1.1   1.0   0.8   0.6   0.6   0.7   0.5   0.4   0.2   0.2   0.2   0.2   0.2   0.2   0.1   0.2   0.2   0.7   1.5   1.6   1.5   1.4   1.2   1.1   1.0   1.0   1.0   0.8   0.6   0.5   0.4   0.4   0.2   0.2   0.2   0.1   0.1   0.2   0.1   0.2   0.1   0.1   0.2   0.1   0.1   0.2   1.3   1.5   1.5   1.4   1.4   1.2   1.3   1.1   1.0   0.8   0.8   0.9   0.8   0.5   0.6   0.5   0.4   0.3   0.4   0.1   0.2   0.1   0.1   0.2   0.1 
B: 31.9 30.9 31.8 30.8 28.3 29.1 29.6 28.7 30.2 28.9 26.8 27.9 28.8 27.1 26.1 28.0 28.3 27.8 27.0 29.7 28.6 26.6 27.2 37.1 37.4 37.4 38.3 36.8 37.7 36.8 34.6 34.0 34.6 32.8 32.2 31.3 31.6 31.0 28.3 30.3 28.1 27.3 32.0 29.0 28.9 30.2 30.9 29.9 28.3 27.7 28.4 37.2 37.6 37.8 36.5 36.7 35.6 34.7 34.5 32.4 32.8 29.9 31.0 29.0 29.1 29.0 31.7 29.0 29.9 28.2 27.5 29.1 27.2 28.5 26.9 40.2 38.3 37.0 36.2 35.4 32.3 33.4 32.7 33.0 30.4 30.8 28.4 30.4 28.8 29.1 26.7 28.9 28.4 29.0 30.2 29.0 29.7 27.0 28.3 38.5 37.4 37.7 36.9 36.2 34.9 33.2 34.4 32.6 31.6 30.1 29.0 28.6 27.9 35.4 31.3 27.2 28.7 28.1 28.4 30.2 27.2 26.3 41.2 39.6 38.1 37.9 35.9 35.8 35.0 33.0 32.9 29.9 29.2 28.5 28.4 29.1 27.4 29.0 26.6 29.2 28.3 29.1 26.3 26.4 27.9 30.1 37.7 39.4 36.9 36.2 35.3 35.1 33.6 32.4 32.2 31.7 30.0 31.6 23.4 24.4 26.6 26.4 24.5 23.5 24.0 24.8 25.4 23.0 24.5 27.1 23.1 24.5 23.7 25.5 24.5 30.4 29.8 29.3 29.1 28.5 28.9 28.7 27.4 27.3 26.0 25.1 27.2 25.4 26.1 23.8 25.2 22.5 22.9 24.1 22.7 25.2 27.5 23.8 23.0 26.4 
Direction:  n n n n n n n n n n n n n n n n n n n n n n n n n n n n n n n n n n n n n n n n n n n n n n n n n n n n n n n n n n n n n n n n n n n n n n n n n n n n n n n n n n n n n n n n n n n n n n n n n n n n n n n n n n n n n n n n n n n n n n n n n n n n n n n n n n n n n n n n n n n n n n n n n n n n n n n n n n n n n n n n n n n n n n n n n n n n n n n n n n n n n n n n n n n n n n n n n n n n n n n n

54.6: Count:   0.8 (  0.7) A:  16.6 [15-46] B:  32.9 [15-100] Phase: 72% 72 (32.3) Direction:  {45 135}  18% 76 (27.4) Direction:  {48 132}
Phase: {95,78,84,75,86,87,107,89,109,131,104,99,88,110,108,118,137,127,156,93,136,129,122,145,141,139,129,166,164,172,192,178,195,184,223,234,239,216,248,250,243,254,285,302,315,308,304,311,347,366,346,355,361,445,369,425,392,423,472,438,484,447,487,532,452,522,463,573,570,532,537,513,612,573,533,573,516,582,519,517,564,569,581,555,530,514,505,525,520,416,537,422,441,367,427,360,336,404,401,383,304,284,295,254,269,266,232,267,274,229,246,188,183,197,204,173,138,141,161,152,129,129,132,114,124,100,108,91,88,87,117,73,70,68,54,65,57,58,46,35,47,43,44,26,33,45,33,30,28,30,34,22,19,16,21,21,23,29,31,22,15,24,18,12,20,12,16,11,7,14,20,12,13,11,5,15,9,8,10,10,11,3,6,2,7,11,6,10,11,10,5,3,7,4,1,4,2,4,6,3,3,1,1,1,1,4,6,4,4,4,5,2,1,5,3,5,2,5,4,6,1,5,7,8,3,3,6,19,10,9,7,8,9,1,11,10,3,4,5,16,17,10,20,7,15,14,12,20,14,17,16,15,21,24,35,31,24,26,27,29,26,33,32,37,57,52,59,50,47,64,69,54,76,76,65,70,73,66,78,81,78,76,99,83,82,94,81,94,102,80,108,107,94,85,87,81,106,124,101,78,93,103,96,97,75,106,76,73,75,84,87,71,67,55,57,92,71,51,48,55,47,54,63,54,38,65,56,46,38,42,46,30,46,50,52,53,37,56,62,42,52,58,56,68,59,79,56,56,56,52,57,71,66,70,71,74,81,64,74,67}
Count:   1.4   1.5   1.2   1.2   0.9   0.7   0.8   0.7   0.7   0.2   0.1   0.2   0.2   0.2   0.2   0.2   0.2   0.2   0.2   0.2   0.2   0.2   0.2   1.9   2.4   2.1   2.0   2.0   2.2   2.0   1.8   1.7   1.3   1.6   1.3   1.3   1.1   0.8   0.9   0.9   0.7   0.6   0.2   0.2   0.2   0.1   0.2   0.2   0.2   0.2   0.2   0.9   2.0   2.0   1.9   1.6   1.8   1.4   1.2   1.3   1.2   0.8   0.9   0.7   0.7   0.7   0.2   0.2   0.2   0.2   0.2   0.2   0.2   0.2   0.2   1.5   1.7   1.9   1.8   1.8   1.4   1.5   1.3   1.1   0.9   0.9   0.7   0.8   0.7   0.4   0.2   0.2   0.2   0.2   0.2   0.2   0.1   0.1   0.2   1.7   2.0   1.9   2.0   1.7   1.7   1.7   1.5   1.2   1.1   1.1   0.9   0.8   0.7   0.3   0.2   0.2   0.2   0.2   0.2   0.1   0.1   0.2   0.4   2.1   2.1   1.7   1.5   1.6   1.4   1.4   1.1   1.1   0.8   0.8   0.7   0.6   0.6   0.2   0.2   0.2   0.2   0.2   0.2   0.2   0.2   0.2   0.8   1.8   2.0   1.7   1.7   1.5   1.5   1.1   1.3   1.2   1.0   0.7   0.6   0.6   0.4   0.2   0.2   0.2   0.1   0.1   0.1   0.1   0.2   0.1   0.1   0.1   0.1   0.1   0.2   1.6   1.7   1.9   1.8   1.5   1.4   1.3   1.4   1.1   1.0   1.0   1.0   0.8   0.7   0.6   0.5   0.5   0.4   0.5   0.2   0.1   0.1   0.2   0.2   0.2 
B: 32.5 32.8 31.6 31.4 28.5 30.4 28.9 28.7 30.2 28.6 26.5 26.7 30.5 26.9 26.3 25.2 27.7 26.2 25.2 29.3 30.3 25.3 26.7 38.7 38.0 38.0 37.5 36.6 38.9 37.5 35.8 35.8 34.9 33.8 33.5 31.0 30.6 30.0 28.8 28.5 28.0 27.7 32.7 26.4 24.4 29.2 26.4 28.1 28.8 31.7 29.4 38.0 37.6 37.1 36.1 37.6 35.8 34.7 33.8 32.4 30.8 30.3 29.2 26.8 28.0 29.6 26.5 26.9 26.7 29.6 27.2 27.8 25.6 26.8 24.7 40.2 38.8 36.9 36.6 35.9 33.9 33.5 33.5 33.0 29.3 31.5 29.6 29.0 27.9 30.4 29.1 25.8 27.6 27.3 27.5 30.2 28.9 27.5 28.3 36.8 37.6 36.4 36.6 36.9 35.3 34.6 33.0 32.9 32.0 29.5 28.0 28.6 27.9 32.6 27.8 27.3 26.5 28.4 27.2 26.1 26.7 26.1 46.2 39.4 37.7 39.0 35.4 35.5 34.9 33.8 32.8 31.6 31.0 29.3 28.4 28.6 28.8 29.9 26.0 27.4 27.8 26.8 25.9 28.6 26.6 26.8 38.0 37.2 37.4 36.6 35.8 34.0 34.5 32.7 32.2 30.5 29.6 29.1 23.9 22.1 24.5 25.8 24.8 25.3 24.6 25.5 23.0 24.3 22.9 24.1 26.0 23.7 22.9 25.4 24.6 31.8 29.3 29.5 29.9 29.0 28.1 28.3 27.8 26.3 27.4 26.3 26.4 24.4 25.9 24.4 22.7 22.5 21.8 22.8 22.5 22.6 25.1 23.7 23.9 24.1 
Direction:  n n n n n n n n n n n n n n n n n n n n n n n n n n n n n n n n n n n n n n n n n n n n n n n n n n n n n n n n n n n n n n n n n n n n n n n n n n n n n n n n n n n n n n n n n n n n n n n n n n n n n n n n n n n n n n n n n n n n n n n n n n n n n n n n n n n n n n n n n n n n n n n n n n n n n n n n n n n n n n n n n n n n n n n n n n n n n n n n n n n n n n n n n n n n n n n n n n n n n n n n

54.7: Count:   1.0 (  0.8) A:  16.7 [15-50] B:  32.3 [15-100] Phase: 81% 73 (31.2) Direction:  {46 134}  17% 82 (19.8) Direction:  {53 127}
Phase: {110,81,86,96,92,117,95,123,117,116,118,136,119,148,119,147,148,148,150,138,140,127,168,144,163,171,185,196,225,212,225,217,241,240,262,239,259,286,329,270,369,306,331,351,351,361,346,375,370,386,422,458,485,509,522,540,530,560,570,549,566,589,674,692,504,651,576,624,655,633,717,584,667,689,651,691,655,654,564,674,669,657,629,691,575,571,623,596,632,579,726,530,541,539,558,519,483,561,492,452,467,432,394,394,431,408,403,383,384,309,293,286,273,269,242,255,216,275,233,179,166,186,191,154,155,153,127,117,130,115,119,118,101,92,86,86,88,82,73,56,77,53,54,61,61,55,40,27,40,27,18,29,31,35,40,31,22,28,32,20,24,33,25,17,26,8,15,18,14,17,21,17,15,12,12,14,11,4,9,10,13,0,12,14,9,11,14,4,5,1,8,4,6,6,1,8,8,0,3,2,7,7,5,7,4,10,1,7,5,5,1,2,5,5,3,5,9,5,2,2,1,8,9,4,6,1,7,3,7,9,7,2,10,7,3,13,9,11,11,3,5,10,20,8,9,15,11,19,16,10,16,11,26,14,19,32,18,18,31,37,27,32,43,43,38,43,51,50,44,46,81,43,78,62,79,52,59,95,91,49,86,80,92,104,92,88,95,85,88,86,99,96,97,96,90,89,106,87,96,83,83,64,76,64,66,75,80,94,70,48,69,44,59,49,34,56,39,72,49,50,42,46,57,39,54,37,50,42,32,40,50,56,58,47,45,43,56,40,53,46,54,54,72,47,49,61,71,56,53,61,54,56,68,87,63,60,71,85,74,57}
Count:   1.9   1.7   1.7   1.3   1.1   1.2   0.8   0.9   0.8   0.1   0.2   0.1   0.2   0.1   0.2   0.1   0.2   0.1   0.2   0.2   0.1   0.2   0.2   2.3   2.8   2.3   2.4   2.2   2.4   2.2   2.3   2.1   1.8   1.8   1.7   1.6   1.3   1.3   0.9   1.0   0.8   0.8   0.2   0.2   0.1   0.2   0.1   0.2   0.1   0.1   0.1   1.4   2.2   2.3   2.2   1.9   2.1   1.7   1.5   1.4   1.6   1.0   1.1   0.9   0.8   0.6   0.2   0.1   0.2   0.2   0.2   0.1   0.2   0.2   0.1   1.5   2.1   2.3   2.1   2.1   2.1   2.0   1.5   1.6   1.3   1.0   0.9   0.9   0.8   0.6   0.2   0.2   0.2   0.1   0.2   0.2   0.1   0.2   0.2   1.8   2.5   2.2   2.6   2.1   1.8   2.0   1.8   1.5   1.3   1.3   1.1   0.9   0.9   0.4   0.2   0.1   0.2   0.1   0.1   0.1   0.2   0.1   0.4   2.5   2.3   2.1   1.8   1.9   1.7   1.9   1.4   1.4   1.2   1.0   1.0   0.9   0.8   0.2   0.2   0.2   0.2   0.1   0.2   0.2   0.2   0.2   0.9   2.3   2.5   2.1   2.0   2.0   2.0   1.5   1.6   1.4   1.1   1.1   0.8   0.7   0.5   0.1   0.2   0.1   0.2   0.2   0.1   0.1   0.1   0.1   0.1   0.1   0.1   0.2   0.2   1.8   2.2   2.3   2.1   1.7   1.7   1.6   1.8   1.6   1.4   1.2   1.3   1.1   0.9   0.6   0.7   0.5   0.5   0.5   0.2   0.1   0.1   0.1   0.1   0.1 
B: 33.3 31.4 32.0 29.5 27.9 27.8 27.5 26.3 29.6 24.0 25.5 28.1 26.1 28.2 26.9 27.7 27.5 25.0 26.9 26.9 28.9 27.0 26.9 37.1 38.0 36.8 36.0 35.2 38.7 36.1 34.9 34.2 34.5 34.5 32.9 30.5 29.1 29.3 28.4 27.7 25.5 25.4 36.3 26.0 27.9 26.9 26.5 26.7 28.0 28.1 25.0 38.4 37.4 38.0 37.7 35.4 34.6 34.1 31.4 30.6 30.8 29.0 28.4 26.8 27.0 26.7 30.6 27.9 29.1 27.8 28.8 30.0 24.8 29.6 27.8 39.7 37.5 36.1 35.3 36.6 35.3 34.6 32.3 31.6 29.6 30.0 27.2 28.7 27.5 27.7 27.8 27.0 26.3 28.0 26.7 27.4 26.8 29.1 27.5 35.9 37.3 37.3 36.1 34.6 34.6 33.5 33.1 31.9 28.9 29.0 26.9 26.9 27.9 27.3 26.1 24.5 30.0 27.5 27.8 24.8 24.3 28.6 46.7 38.3 38.9 36.8 35.4 33.9 33.3 33.5 31.5 31.4 28.9 28.0 29.4 27.3 26.0 37.3 29.9 26.9 26.1 24.5 27.2 28.1 30.6 24.5 36.8 37.7 37.1 36.0 35.3 34.5 34.7 32.2 30.4 29.4 28.4 27.9 23.3 22.5 23.7 26.7 24.3 27.3 24.0 24.4 24.6 22.6 26.2 21.7 23.8 23.0 21.0 24.1 22.9 31.2 28.9 29.5 29.0 28.6 27.5 27.6 26.7 26.6 25.8 24.8 24.3 23.9 24.4 23.4 21.9 24.2 23.6 22.7 24.0 25.4 25.2 24.1 24.6 24.5 
Direction:  n n n n n n n n n n n n n n n n n n n n n n n n n n n n n n n n n n n n n n n n n n n n n n n n n n n n n n n n n n n n n n n n n n n n n n n n n n n n n n n n n n n n n n n n n n n n n n n n n n n n n n n n n n n n n n n n n n n n n n n n n n n n n n n n n n n n n n n n n n n n n n n n n n n n n n n n n n n n n n n n n n n n n n n n n n n n n n n n n n n n n n n n n n n n n n n n n n n n n n n n

54.8: Count:   1.1 (  0.9) A:  16.8 [15-44] B:  32.2 [15-101] Phase: 88% 77 (29.6) Direction:  {48 132}  11% 61 (19.1) Direction:  {36 144}
Phase: {97,72,68,105,86,97,95,99,104,95,118,133,124,139,125,156,116,157,161,139,183,194,160,173,217,193,235,194,258,237,247,253,245,282,276,277,318,360,359,398,441,338,382,500,407,466,395,471,439,475,518,523,492,575,557,567,570,646,620,664,608,647,775,774,629,756,746,730,741,804,848,758,810,754,820,743,818,743,721,789,762,652,726,789,712,712,742,697,758,662,816,579,657,659,679,577,593,652,622,541,524,549,492,465,477,455,474,467,407,376,343,399,394,328,287,310,249,304,302,237,231,214,177,234,165,199,177,173,139,144,140,117,102,125,94,103,91,93,73,84,80,57,55,62,57,58,41,38,64,50,34,35,41,34,28,37,24,31,31,38,16,13,19,19,20,13,15,16,21,11,11,11,17,14,11,8,12,9,7,9,12,13,5,7,12,4,8,4,6,2,3,7,3,2,5,5,5,5,1,0,4,5,0,4,3,1,1,3,0,4,6,1,9,1,2,5,3,0,5,5,10,3,5,7,2,12,3,5,9,1,3,10,3,8,3,14,2,7,15,8,10,12,8,14,12,18,10,16,16,22,22,19,8,18,22,26,24,26,27,24,26,21,35,39,45,41,60,36,34,56,73,43,45,60,77,60,72,83,96,80,88,87,74,105,75,109,93,123,110,76,97,84,98,89,73,100,68,78,116,72,80,101,91,64,82,86,52,63,66,35,69,66,62,47,51,56,56,54,51,47,34,42,42,46,44,48,41,43,58,47,51,42,44,44,40,43,40,53,40,59,51,47,68,42,45,51,55,59,77,59,76,52,90,63,50,81,91,70,75,52}
Count:   2.3   2.0   1.9   1.6   1.4   1.5   0.9   1.1   0.8   0.2   0.1   0.1   0.2   0.2   0.2   0.2   0.2   0.2   0.1   0.2   0.2   0.1   0.3   2.6   3.1   2.7   2.5   2.5   2.8   2.6   2.6   2.0   2.2   2.2   1.7   2.0   1.3   1.4   1.3   1.1   0.8   0.8   0.2   0.2   0.1   0.2   0.1   0.2   0.1   0.2   0.1   1.5   2.3   2.7   2.5   2.4   2.1   2.0   1.7   1.7   1.8   1.3   1.2   1.1   1.0   0.7   0.2   0.2   0.2   0.1   0.2   0.2   0.2   0.3   0.1   1.9   2.5   2.4   2.3   2.4   2.1   2.2   1.7   1.8   1.4   1.4   1.1   1.1   0.9   0.6   0.1   0.1   0.2   0.2   0.2   0.2   0.1   0.1   0.2   2.1   3.0   2.4   2.8   2.2   2.0   2.3   2.2   1.6   1.7   1.4   1.3   1.2   1.0   0.4   0.2   0.2   0.2   0.1   0.2   0.2   0.1   0.1   0.4   2.8   2.5   2.4   1.9   2.4   2.2   2.1   1.6   1.6   1.2   1.1   1.2   1.0   1.0   0.3   0.2   0.2   0.1   0.2   0.1   0.2   0.2   0.2   1.0   2.6   2.8   2.5   2.3   2.4   2.2   1.7   1.8   1.7   1.4   1.1   0.9   0.7   0.6   0.1   0.2   0.1   0.2   0.1   0.1   0.2   0.1   0.2   0.1   0.1   0.1   0.2   0.2   2.1   2.5   2.7   2.2   2.3   2.1   2.0   2.0   1.8   1.8   1.4   1.5   1.4   1.0   0.8   0.8   0.6   0.7   0.6   0.2   0.1   0.1   0.1   0.1   0.1 
B: 33.2 32.1 31.9 30.1 29.4 29.0 26.7 26.2 27.3 27.1 29.8 24.6 26.6 23.2 27.9 27.6 27.1 25.1 25.4 27.8 28.2 24.5 28.1 37.6 38.5 37.4 37.1 35.4 37.1 36.0 35.8 33.9 33.2 33.2 31.8 29.7 29.0 29.0 27.3 26.2 23.9 25.0 34.6 28.3 25.3 26.6 23.8 26.1 27.1 28.2 27.7 40.6 36.9 37.6 36.5 35.3 33.9 34.1 31.9 31.2 30.4 28.4 27.2 26.9 27.2 26.8 27.4 26.6 23.3 29.0 27.2 26.1 27.3 25.2 27.9 40.5 38.3 36.4 35.5 35.0 34.7 34.2 31.6 31.8 29.7 29.5 28.3 27.2 28.1 27.5 26.0 23.1 26.8 25.9 28.5 27.0 26.0 24.7 26.8 38.0 37.4 36.9 36.5 36.4 34.0 32.4 32.9 30.6 30.2 29.5 26.6 26.6 26.0 26.6 26.6 26.9 28.4 26.0 23.6 28.2 26.2 26.5 38.7 37.1 39.2 36.7 36.2 34.6 33.6 33.7 33.4 29.1 28.2 28.7 29.7 26.1 26.2 26.6 24.8 24.4 26.7 24.0 24.8 27.7 27.6 25.8 39.1 37.1 37.2 36.4 34.7 34.2 34.7 32.2 31.3 29.8 28.7 28.6 23.0 23.9 24.1 23.5 22.1 23.0 25.7 23.7 22.5 21.4 25.2 25.3 23.4 27.6 24.6 24.0 24.6 30.5 28.8 30.0 29.3 28.8 28.2 28.2 26.9 26.5 26.2 25.3 24.2 24.1 23.7 22.0 22.9 22.4 22.3 21.5 22.0 23.3 23.8 24.3 23.3 27.0 
Direction:  n n n n n n n n n n n n n n n n n n n n n n n n n n n n n n n n n n n n n n n n n n n n n n n n n n n n n n n n n n n n n n n n n n n n n n n n n n n n n n n n n n n n n n n n n n n n n n n n n n n n n n n n n n n n n n n n n n n n n n n n n n n n n n n n n n n n n n n n n n n n n n n n n n n n n n n n n n n n n n n n n n n n n n n n n n n n n n n n n n n n n n n n n n n n n n n n n n n n n n n n

54.9: Count:   1.1 (  1.0) A:  16.8 [15-43] B:  33.6 [15-110] Phase: 100% 76 (27.4) Direction:  {48 132}
Phase: {80,59,74,76,65,73,66,85,70,70,119,97,88,108,87,108,113,121,106,90,145,119,173,148,165,184,126,174,192,182,243,212,245,213,203,234,251,268,292,296,319,338,346,349,408,452,443,482,521,569,567,543,548,673,639,722,726,670,754,684,755,688,877,818,756,840,857,823,914,855,968,814,783,880,861,862,858,884,892,923,841,935,792,885,879,825,849,832,844,745,902,677,727,722,708,668,699,666,658,614,572,611,475,636,493,489,478,431,391,404,363,354,367,357,299,303,218,226,229,225,186,154,160,152,129,116,112,86,111,100,89,81,77,98,61,73,62,64,66,44,71,36,53,42,37,34,31,28,35,23,28,32,24,25,19,21,27,24,15,24,12,2,15,13,12,13,6,4,14,12,11,5,5,3,7,5,1,4,1,5,9,11,4,6,3,4,4,1,1,3,4,2,0,0,1,3,0,4,0,0,3,7,3,2,1,2,3,2,7,4,4,1,4,3,4,5,1,0,0,1,1,1,1,3,4,1,0,2,2,1,3,1,9,4,1,5,5,2,3,3,7,2,2,6,2,2,5,11,7,6,9,3,4,4,20,4,7,4,10,13,13,22,5,7,10,11,16,8,19,12,24,17,20,18,21,16,30,26,33,31,25,31,25,27,27,36,45,33,37,37,44,37,42,48,39,23,43,42,49,29,41,41,40,32,50,51,36,33,31,47,40,21,34,41,26,43,38,28,41,35,34,30,35,30,34,36,30,25,30,14,30,37,50,34,25,43,23,27,27,25,52,22,25,33,32,44,47,46,33,59,52,43,54,45,47,52,56,61,59,59}
Count:   2.5   1.9   1.8   1.6   1.4   1.3   0.9   0.8   0.8   0.1   0.1   0.1   0.1   0.1   0.1   0.1   0.2   0.1   0.1   0.2   0.1   0.1   0.1   2.8   3.2   2.9   2.7   2.5   2.9   2.5   2.6   1.9   2.4   2.1   1.6   1.8   1.4   1.4   1.3   1.0   0.9   0.7   0.2   0.1   0.1   0.1   0.1   0.1   0.1   0.1   0.1   1.5   2.3   2.7   2.4   2.3   2.3   2.1   1.8   1.7   1.6   1.3   0.9   1.1   0.9   0.6   0.1   0.1   0.1   0.1   0.1   0.1   0.1   0.1   0.1   2.1   2.8   2.4   2.4   2.2   2.3   2.1   1.7   1.7   1.5   1.4   1.0   1.1   1.1   0.6   0.1   0.1   0.1   0.1   0.1   0.1   0.1   0.1   0.1   2.5   2.6   2.7   2.9   2.4   2.0   2.1   2.1   1.5   1.6   1.2   1.2   1.1   0.9   0.3   0.1   0.1   0.1   0.1   0.1   0.1   0.1   0.1   0.4   2.5   2.5   2.6   1.8   2.4   2.4   2.0   1.6   1.6   1.3   1.0   1.1   0.8   0.8   0.2   0.1   0.1   0.1   0.1   0.1   0.1   0.1   0.1   1.0   2.9   2.8   2.4   2.3   2.3   2.3   1.7   1.9   1.7   1.4   1.0   0.8   0.7   0.5   0.1   0.1   0.1   0.1   0.1   0.1   0.1   0.1   0.1   0.1   0.1   0.1   0.1   0.1   2.4   2.5   2.8   2.5   2.4   2.0   2.1   1.9   1.9   1.8   1.4   1.5   1.4   1.1   0.8   0.7   0.6   0.7   0.4   0.2   0.1   0.1   0.1   0.1   0.1 
B: 34.1 32.6 32.8 31.4 31.9 29.1 29.2 28.3 26.4 27.6 26.2 22.6 22.7 29.2 27.6 24.3 26.7 24.5 24.6 27.7 26.5 23.0 23.8 38.3 38.8 38.4 37.7 37.0 38.0 36.8 36.4 35.5 35.2 34.7 33.4 30.9 30.5 29.8 28.9 27.6 28.0 26.5 38.1 25.5 25.0 25.9 23.5 25.0 23.2 25.0 26.5 42.2 37.2 38.6 39.1 36.8 36.0 35.1 33.1 32.8 31.6 30.6 29.0 27.7 29.3 28.0 25.0 24.0 24.2 22.0 25.0 26.0 30.3 28.3 24.0 44.5 40.6 39.0 37.3 36.2 36.5 34.6 33.0 32.8 31.7 31.5 29.9 29.3 28.5 28.9 27.5 27.3 24.8 24.4 30.0 26.4 26.5 26.8 23.2 38.6 38.2 37.5 37.3 37.1 34.1 34.0 33.4 31.3 32.1 30.1 28.4 28.2 28.3 29.4 25.9 24.2 24.0 27.2 25.1 24.8 24.0 27.5 37.9 38.8 39.8 37.7 37.6 36.2 36.3 33.3 33.6 31.5 30.6 29.9 29.5 27.4 26.2 33.9 31.6 25.6 22.3 25.6 23.8 25.1 26.5 24.2 42.6 37.7 38.4 38.5 35.5 35.5 35.6 33.0 33.4 32.4 30.5 29.9 24.5 23.9 22.2 19.3 21.0 22.5 22.4 23.0 20.9 22.5 23.1 23.8 19.0 21.9 24.2 21.4 24.1 33.0 29.4 30.5 30.5 30.5 29.0 28.9 27.8 26.9 26.7 26.7 25.0 24.6 25.3 23.6 22.8 21.8 23.4 22.2 22.9 21.6 23.2 23.1 23.7 27.5 
Direction:  n n n n n n n n n n n n n n n n n n n n n n n n n n n n n n n n n n n n n n n n n n n n n n n n n n n n n n n n n n n n n n n n n n n n n n n n n n n n n n n n n n n n n n n n n n n n n n n n n n n n n n n n n n n n n n n n n n n n n n n n n n n n n n n n n n n n n n n n n n n n n n n n n n n n n n n n n n n n n n n n n n n n n n n n n n n n n n n n n n n n n n n n n n n n n n n n n n n n n n n n

55.0: Count:   1.0 (  0.9) A:  16.8 [15-33] B:  34.5 [15-107] Phase: 89% 77 (23.2) Direction:  {48 132}  10% 69 (13.5) Direction:  {42 138}
Phase: {56,46,37,57,50,30,58,34,76,56,57,84,58,75,72,64,85,94,87,91,110,79,90,97,112,95,149,109,154,124,152,163,211,209,196,237,230,251,273,265,285,317,304,348,356,418,382,533,437,462,494,554,591,588,631,593,583,641,703,719,747,696,824,814,698,831,862,848,889,906,873,795,1030,933,1008,972,885,933,961,998,1022,911,997,894,860,835,857,876,856,812,907,747,756,693,731,622,596,606,658,574,549,588,539,476,462,504,438,426,439,318,329,306,313,311,235,270,196,253,193,197,161,135,153,154,119,97,116,92,72,65,88,62,65,50,41,58,37,39,37,23,41,30,36,19,26,28,15,21,24,19,25,15,13,10,23,9,12,16,8,11,13,11,4,9,2,11,7,6,5,2,3,12,1,6,6,0,1,8,0,4,4,1,3,2,0,0,1,2,0,1,0,1,1,2,0,0,0,1,0,2,2,2,1,2,1,0,1,2,2,2,0,0,0,3,2,2,2,1,1,1,3,2,0,0,6,1,0,2,0,0,1,2,3,0,0,0,1,2,0,1,2,2,2,0,1,2,3,0,7,6,0,3,1,0,1,2,6,2,2,7,4,2,1,5,3,5,4,8,5,6,13,2,6,7,11,11,6,5,8,7,5,7,10,16,8,14,18,10,10,21,11,6,10,12,9,7,16,23,12,8,18,13,15,3,12,28,9,15,21,14,12,26,21,9,9,31,12,12,27,16,21,19,8,16,19,26,23,16,16,14,11,21,27,29,12,29,25,15,20,34,28,21,26,29,18,35,31,16,40,23,21,35,36,46,33,48,51,43,49,48}
Count:   2.4   2.1   1.7   1.4   1.3   1.0   0.9   0.9   0.8   0.0   0.1   0.1   0.1   0.0   0.1   0.1   0.1   0.1   0.1   0.1   0.1   0.1   0.0   2.7   3.1   2.8   2.5   2.3   2.6   2.3   2.7   2.0   2.4   2.0   1.6   1.4   1.3   1.2   1.0   0.9   0.6   0.7   0.2   0.1   0.0   0.1   0.1   0.1   0.1   0.1   0.1   1.2   2.2   2.5   2.4   2.3   1.9   1.8   1.8   1.5   1.3   1.2   1.0   0.7   0.9   0.6   0.0   0.1   0.0   0.1   0.1   0.1   0.0   0.1   0.1   2.1   2.7   2.5   2.2   2.2   2.2   1.9   1.6   1.4   1.4   1.2   1.0   1.0   0.8   0.5   0.1   0.1   0.0   0.1   0.1   0.1   0.1   0.1   0.0   2.7   2.6   2.4   2.6   2.3   1.9   2.2   1.9   1.4   1.5   1.1   1.1   0.8   0.9   0.4   0.1   0.1   0.1   0.0   0.1   0.1   0.1   0.1   0.4   2.3   2.5   2.6   2.2   2.2   1.9   1.9   1.7   1.3   1.1   0.9   0.9   0.6   0.6   0.2   0.1   0.1   0.1   0.1   0.1   0.1   0.1   0.0   0.9   2.8   2.6   2.3   2.2   2.3   2.1   1.8   1.6   1.5   1.4   0.9   0.7   0.7   0.6   0.0   0.1   0.1   0.0   0.0   0.0   0.0   0.0   0.0   0.0   0.1   0.0   0.1   0.0   2.3   2.2   2.6   2.5   2.3   2.1   2.2   1.7   1.8   1.8   1.3   1.1   1.3   1.2   0.9   0.7   0.5   0.5   0.4   0.1   0.0   0.0   0.0   0.0   0.0 
B: 34.7 32.9 32.7 32.4 32.5 30.0 29.8 28.6 27.5 24.1 25.7 29.9 22.5 23.3 26.2 24.3 26.9 23.5 27.7 25.1 22.2 23.8 24.9 38.8 38.9 38.5 38.2 39.2 39.4 38.3 36.9 35.9 35.8 35.1 32.4 32.5 31.4 30.9 30.7 29.2 27.3 28.4 38.9 25.4 23.8 27.5 26.0 22.9 23.0 26.4 26.1 40.4 38.5 39.1 39.5 37.3 36.8 36.9 33.5 35.0 32.0 32.0 31.4 27.9 28.6 28.6 25.6 24.0 23.7 22.3 25.0 25.9 26.6 21.7 23.2 46.4 40.5 39.3 38.6 37.1 37.1 35.9 34.0 33.1 32.0 32.4 31.7 30.7 28.9 30.8 24.4 21.7 23.0 24.6 23.4 22.4 25.8 22.6 27.6 39.8 39.5 39.4 38.5 38.3 36.8 35.6 34.7 32.5 31.5 30.5 28.5 29.5 28.4 27.4 26.0 24.7 22.9 28.0 26.4 23.8 22.9 22.5 44.2 38.9 39.4 40.2 38.6 37.4 35.8 34.6 33.9 33.0 30.7 32.6 29.3 28.6 27.2 30.7 22.6 26.8 23.3 23.9 26.8 24.3 26.1 24.6 41.2 40.2 37.9 38.5 37.6 36.0 35.9 34.1 34.1 32.7 32.1 30.8 26.8 24.8 23.9 20.3 26.4 23.0 22.6 24.2 21.8 22.9 19.1 20.0 23.6 24.2 19.1 22.6 24.0 33.5 30.1 30.7 30.8 30.5 30.1 29.0 28.7 28.1 28.1 27.4 26.0 26.2 26.8 23.4 23.5 23.7 23.7 22.5 23.8 20.0 20.6 20.1 20.0 30.7 
Direction:  n n n n n n n n n n n n n n n n n n n n n n n n n n n n n n n n n n n n n n n n n n n n n n n n n n n n n n n n n n n n n n n n n n n n n n n n n n n n n n n n n n n n n n n n n n n n n n n n n n n n n n n n n n n n n n n n n n n n n n n n n n n n n n n n n n n n n n n n n n n n n n n n n n n n n n n n n n n n n n n n n n n n n n n n n n n n n n n n n n n n n n n n n n n n n n n n n n n n n n n n

55.1: Count:   1.1 (  1.0) A:  16.9 [15-34] B:  33.7 [15-101] Phase: 82% 75 (24.7) Direction:  {47 133}  15% 84 (12.2) Direction:  {54 126}
Phase: {48,41,41,47,53,52,50,57,52,70,64,67,70,83,92,90,83,90,114,103,69,98,124,128,135,159,169,177,197,186,190,208,201,221,213,267,302,268,321,285,372,356,409,379,364,434,426,481,485,447,540,473,550,579,563,601,619,673,756,682,750,712,712,818,672,784,826,943,804,742,865,821,1013,888,898,879,976,998,905,1052,975,964,933,984,845,868,896,850,813,749,882,731,752,734,692,623,663,621,599,598,544,564,460,495,497,437,462,363,434,340,349,344,322,293,322,280,235,284,248,213,203,189,215,155,170,145,154,155,157,123,131,105,71,96,88,73,63,66,53,55,48,36,47,40,42,37,28,27,17,25,15,28,19,21,11,21,6,11,6,16,11,8,8,8,12,7,6,7,4,12,7,18,4,3,4,6,4,7,0,2,4,2,4,2,8,8,0,4,0,1,0,1,1,0,0,1,2,0,2,2,4,2,3,1,5,1,0,2,0,3,2,0,6,0,1,1,2,0,2,5,0,0,0,4,1,2,0,1,6,6,1,2,5,5,3,1,5,5,5,0,3,0,0,7,2,8,1,2,6,3,9,2,3,8,5,5,8,6,8,8,7,8,7,10,2,6,9,18,10,6,27,9,17,6,14,18,19,18,26,19,31,21,11,17,28,15,30,20,27,28,20,28,18,29,32,34,28,34,34,32,31,37,35,36,28,40,43,33,31,36,17,35,38,44,26,22,23,43,27,41,29,17,21,35,30,41,24,24,42,26,28,22,28,15,29,32,22,37,34,38,44,25,38,42,38,28,23,28,36,48,35,29,50,38,25,40,50,39,37,34}
Count:   2.4   2.1   1.8   1.6   1.3   1.0   1.0   1.0   0.7   0.1   0.1   0.1   0.1   0.1   0.0   0.1   0.1   0.1   0.1   0.1   0.1   0.1   0.1   2.7   3.0   2.9   3.0   2.8   2.8   2.4   2.6   2.0   2.4   1.9   1.9   1.3   1.4   1.3   1.0   0.9   0.7   0.8   0.1   0.1   0.1   0.1   0.1   0.1   0.1   0.2   0.1   1.2   2.2   2.4   2.5   2.4   2.0   2.0   1.8   1.5   1.4   1.4   0.9   1.0   0.9   0.6   0.1   0.1   0.1   0.1   0.1   0.1   0.1   0.1   0.1   1.9   2.9   2.5   2.5   2.4   2.3   2.0   1.8   1.5   1.4   1.2   1.1   1.1   0.8   0.6   0.0   0.0   0.1   0.1   0.1   0.1   0.0   0.1   0.1   3.2   2.7   2.6   2.5   2.4   2.4   2.3   1.8   1.5   1.4   1.3   1.1   1.0   0.8   0.3   0.1   0.1   0.1   0.1   0.1   0.1   0.1   0.1   0.5   2.4   2.4   2.7   2.3   2.1   2.0   2.0   1.7   1.2   1.1   1.1   1.0   0.8   0.6   0.1   0.0   0.1   0.1   0.1   0.1   0.1   0.1   0.1   0.7   2.9   2.8   2.3   2.4   2.3   2.2   1.9   1.6   1.4   1.5   0.9   0.7   0.6   0.6   0.0   0.1   0.1   0.1   0.1   0.1   0.1   0.1   0.1   0.1   0.0   0.1   0.1   0.1   2.5   2.3   2.6   2.4   2.4   2.1   2.1   2.0   1.9   1.6   1.4   1.3   1.3   1.2   1.0   0.6   0.6   0.6   0.5   0.1   0.0   0.0   0.1   0.1   0.1 
B: 34.0 32.9 33.4 31.3 30.4 30.0 31.1 27.2 28.9 23.4 26.1 22.5 23.5 24.5 22.9 22.1 23.8 23.6 24.9 21.7 25.6 25.3 22.5 39.0 39.4 38.4 37.7 37.6 37.6 36.4 36.0 34.8 36.6 35.2 33.1 31.7 31.2 29.7 28.1 27.7 26.5 26.7 32.3 25.1 23.8 24.4 24.3 25.6 20.4 24.6 24.3 39.8 38.2 38.2 38.3 36.5 35.6 35.6 33.8 33.0 31.0 30.7 30.0 27.6 29.8 29.1 23.1 25.8 23.5 23.3 25.8 20.8 23.8 23.8 23.6 47.2 38.8 37.0 36.6 36.8 36.0 35.0 34.8 32.0 31.9 31.9 29.8 29.4 26.9 28.7 25.0 25.2 20.9 25.8 24.4 28.1 25.7 25.0 22.8 39.0 39.2 37.4 36.9 35.4 36.1 34.9 33.8 33.7 32.2 30.3 29.1 27.4 28.0 26.6 23.6 27.3 22.5 22.9 25.4 23.3 22.8 23.0 44.6 36.9 38.7 38.7 37.3 35.9 35.5 34.8 33.6 30.5 30.9 30.8 28.7 27.2 26.4 26.6 29.4 21.5 23.1 20.8 24.9 22.3 26.3 24.0 36.1 39.3 37.9 36.4 36.7 35.0 35.1 33.8 32.9 31.4 31.0 29.0 27.1 23.2 23.4 26.7 21.7 22.2 23.2 22.5 18.6 28.6 20.8 20.1 21.7 25.7 19.2 19.0 23.4 33.2 30.9 30.1 30.5 29.2 29.4 29.1 27.6 28.2 27.3 26.9 25.5 25.2 25.8 23.8 23.0 22.6 22.9 22.7 21.1 20.8 21.7 18.9 21.3 26.1 
Direction:  n n n n n n n n n n n n n n n n n n n n n n n n n n n n n n n n n n n n n n n n n n n n n n n n n n n n n n n n n n n n n n n n n n n n n n n n n n n n n n n n n n n n n n n n n n n n n n n n n n n n n n n n n n n n n n n n n n n n n n n n n n n n n n n n n n n n n n n n n n n n n n n n n n n n n n n n n n n n n n n n n n n n n n n n n n n n n n n n n n n n n n n n n n n n n n n n n n n n n n n n

55.2: Count:   1.2 (  1.1) A:  17.2 [15-37] B:  31.4 [15-99] Phase: 100% 76 (31.3) Direction:  {47 133}
Phase: {99,66,77,75,76,70,87,84,81,94,91,115,108,126,94,116,117,130,148,143,157,194,151,209,184,220,215,206,269,248,281,280,284,305,341,282,380,376,383,438,422,415,454,468,483,558,521,532,543,563,556,597,580,691,682,664,628,729,816,706,779,773,789,808,705,848,844,813,765,747,841,821,909,855,824,759,823,891,787,860,758,860,830,841,771,756,794,752,822,677,924,694,762,735,739,634,623,700,629,591,590,596,532,573,575,596,480,509,535,439,466,452,411,350,363,409,341,371,340,293,323,276,266,240,233,243,237,226,208,196,228,147,146,167,142,122,127,127,112,100,83,86,88,87,84,63,77,54,63,44,56,50,46,58,24,23,37,28,27,27,31,17,18,29,12,21,14,15,13,12,6,11,15,7,11,9,8,7,10,4,14,6,4,7,1,1,7,3,7,3,5,3,5,1,7,1,3,1,6,6,2,8,0,4,6,5,2,1,5,2,5,2,0,2,4,2,10,0,0,6,3,0,1,2,2,5,2,9,2,1,5,4,8,6,6,2,1,1,7,10,7,11,7,8,6,3,2,8,10,6,13,8,13,16,11,11,14,17,11,11,13,20,21,31,18,19,29,22,28,28,54,33,36,36,30,54,36,47,69,43,58,64,54,73,54,63,52,59,83,58,65,53,57,40,68,71,49,60,63,59,63,71,77,55,61,52,65,69,43,42,58,49,42,39,44,36,48,55,32,43,50,33,46,43,46,48,38,40,48,47,40,39,52,53,29,41,53,33,53,48,46,40,57,27,40,40,53,50,48,48,79,53,61,68,63,55,55,76,61,43}
Count:   2.4   2.3   2.0   1.8   1.7   1.2   1.1   1.1   0.7   0.1   0.2   0.1   0.1   0.1   0.1   0.1   0.1   0.1   0.2   0.1   0.1   0.1   0.1   2.9   3.5   2.9   3.1   2.8   2.8   2.6   2.8   2.4   2.7   2.1   2.1   1.6   1.6   1.4   1.2   1.1   0.9   0.8   0.2   0.1   0.1   0.1   0.2   0.1   0.2   0.1   0.1   1.4   2.9   2.7   2.5   2.8   2.2   2.2   1.9   1.9   1.7   1.5   1.1   1.3   1.0   0.8   0.1   0.2   0.1   0.1   0.1   0.1   0.1   0.1   0.1   2.1   3.3   2.8   2.8   2.6   2.4   2.4   2.0   1.6   1.6   1.4   1.3   1.2   1.1   0.6   0.1   0.1   0.2   0.2   0.2   0.1   0.1   0.1   0.1   3.3   2.9   2.9   2.6   2.8   2.5   2.2   1.8   1.9   1.7   1.6   1.4   1.0   1.0   0.5   0.1   0.1   0.1   0.1   0.1   0.1   0.1   0.1   0.6   2.8   2.5   2.9   2.4   2.4   2.3   2.2   1.9   1.5   1.3   1.3   1.1   1.0   0.7   0.2   0.1   0.1   0.1   0.1   0.1   0.1   0.2   0.1   0.8   3.2   3.2   2.6   2.4   2.4   2.5   2.2   2.0   1.8   1.7   1.3   0.8   0.7   0.5   0.1   0.1   0.1   0.1   0.1   0.1   0.1   0.1   0.1   0.1   0.1   0.1   0.1   0.1   2.7   2.5   2.7   2.7   2.9   2.7   2.4   2.3   2.2   1.8   1.5   1.4   1.4   1.3   1.0   0.7   0.6   0.7   0.5   0.2   0.1   0.1   0.1   0.1   0.1 
B: 32.1 31.1 31.6 28.5 28.3 28.3 26.6 26.1 26.4 22.6 22.2 24.1 22.8 27.3 24.4 21.2 23.8 24.5 22.0 22.1 23.4 26.2 24.2 36.3 36.1 36.1 34.6 33.6 35.6 35.1 33.6 32.8 33.7 31.2 31.4 29.8 28.7 28.2 26.1 26.1 24.4 24.0 33.2 22.8 22.8 21.8 21.5 25.0 22.2 22.2 24.0 38.3 35.0 34.4 34.2 34.4 33.0 32.6 32.0 32.4 29.8 28.1 27.8 26.0 27.3 27.7 24.0 24.1 22.7 25.2 23.2 23.1 23.2 25.1 23.5 42.5 36.1 34.6 34.4 35.6 33.8 33.1 32.6 30.7 30.4 29.5 28.3 27.2 25.0 28.3 22.7 22.6 23.7 23.6 24.5 23.0 26.4 23.7 23.7 36.8 36.2 35.7 34.5 34.2 32.9 33.1 30.8 30.1 30.9 27.7 28.2 25.7 26.8 26.3 24.3 23.9 24.8 25.5 23.6 20.1 22.4 23.0 39.5 34.4 35.3 35.7 35.1 33.5 33.6 31.9 31.5 29.4 29.9 27.4 27.6 25.5 25.7 27.2 27.9 23.9 25.1 21.8 23.0 22.0 25.8 21.4 35.3 35.5 35.9 34.9 34.1 32.9 32.8 32.0 30.0 29.9 28.5 28.0 23.6 22.9 23.6 21.0 23.9 19.2 21.4 21.8 21.1 21.9 23.4 23.1 22.3 22.3 22.1 22.7 23.9 31.3 29.3 27.4 28.7 28.3 28.5 27.5 27.1 25.9 25.7 25.0 24.2 23.8 23.8 23.2 23.5 23.1 22.0 23.2 21.9 21.2 20.5 22.8 21.1 20.4 
Direction:  n n n n n n n n n n n n n n n n n n n n n n n n n n n n n n n n n n n n n n n n n n n n n n n n n n n n n n n n n n n n n n n n n n n n n n n n n n n n n n n n n n n n n n n n n n n n n n n n n n n n n n n n n n n n n n n n n n n n n n n n n n n n n n n n n n n n n n n n n n n n n n n n n n n n n n n n n n n n n n n n n n n n n n n n n n n n n n n n n n n n n n n n n n n n n n n n n n n n n n n n

55.3: Count:   1.2 (  1.1) A:  17.2 [15-43] B:  30.2 [15-104] Phase: 100% 76 (35.0) Direction:  {47 133}
Phase: {83,75,86,73,82,55,81,88,76,116,94,110,94,112,139,122,128,143,152,155,172,175,191,222,211,188,190,270,292,264,270,327,355,302,416,404,399,467,465,398,495,487,529,562,526,629,579,636,596,653,658,733,651,639,614,680,733,676,720,710,695,691,802,740,663,726,716,747,783,725,740,674,850,746,792,824,716,785,718,754,678,771,722,697,695,655,757,661,725,605,790,629,593,711,617,680,636,634,666,576,582,617,568,598,548,603,525,519,530,498,527,530,509,491,479,436,369,418,442,433,373,332,360,344,339,298,286,257,235,235,279,176,188,243,161,193,136,143,139,126,112,91,76,104,74,65,45,56,51,61,53,40,61,28,39,27,26,36,23,25,25,10,13,25,20,19,21,12,17,13,12,4,11,13,9,8,2,7,5,7,8,4,0,7,4,5,11,5,3,5,9,5,2,7,1,5,4,7,6,2,3,0,0,4,3,9,9,5,6,5,3,4,2,1,4,4,1,6,4,6,3,6,3,1,0,4,6,3,0,3,1,5,7,4,0,1,8,3,6,3,6,6,4,4,2,11,4,4,9,4,10,10,4,11,7,3,5,11,8,21,8,6,12,6,23,13,15,11,18,14,24,12,12,19,16,30,17,18,23,13,29,31,23,37,25,30,28,27,27,31,31,43,43,26,34,37,47,42,48,37,39,37,42,25,27,42,46,52,44,35,43,43,63,44,48,38,38,48,31,41,31,41,41,40,28,32,34,35,40,45,31,35,45,33,38,41,28,52,44,38,33,48,44,51,62,38,50,44,40,60,48,49,54,55,56,52,68,59,50,41}
Count:   2.7   2.2   2.1   1.7   1.5   1.2   1.3   1.1   0.7   0.1   0.1   0.1   0.1   0.1   0.1   0.1   0.1   0.1   0.1   0.1   0.1   0.1   0.1   3.1   3.2   2.8   3.0   2.8   2.9   2.6   2.7   2.5   2.6   2.2   2.2   1.6   1.4   1.2   1.2   0.9   0.8   0.7   0.1   0.1   0.1   0.1   0.1   0.1   0.1   0.1   0.1   1.6   3.1   2.8   2.4   2.6   2.3   2.2   1.9   1.7   1.8   1.5   1.0   1.1   0.9   0.7   0.1   0.1   0.1   0.1   0.1   0.1   0.1   0.1   0.1   2.1   3.2   2.7   2.7   2.6   2.3   2.2   2.1   1.6   1.4   1.5   1.3   1.1   1.0   0.5   0.1   0.1   0.1   0.1   0.1   0.1   0.1   0.1   0.1   3.3   3.0   3.1   2.5   3.1   2.7   2.3   2.0   1.9   1.5   1.5   1.4   1.0   0.9   0.4   0.1   0.1   0.1   0.1   0.1   0.1   0.1   0.1   0.5   2.9   2.7   2.7   2.6   2.4   2.2   1.9   2.0   1.6   1.4   1.4   1.0   1.0   0.7   0.1   0.1   0.1   0.1   0.1   0.1   0.1   0.1   0.1   1.1   3.2   3.0   2.7   2.5   2.4   2.4   2.4   1.9   1.5   1.8   1.3   0.8   0.6   0.4   0.1   0.1   0.1   0.1   0.1   0.1   0.0   0.1   0.0   0.1   0.1   0.1   0.1   0.1   2.9   2.8   2.8   2.5   2.8   2.5   2.3   2.3   2.0   1.9   1.7   1.4   1.4   1.2   1.0   0.8   0.6   0.6   0.4   0.2   0.1   0.1   0.1   0.0   0.1 
B: 32.0 30.0 29.1 28.3 27.8 26.5 25.6 25.0 24.2 22.4 20.6 21.3 21.6 21.0 24.8 22.2 22.5 24.4 23.4 22.6 20.3 24.7 22.8 34.7 35.2 33.6 34.6 33.7 34.4 32.6 32.2 31.0 33.0 29.3 30.0 28.7 28.0 26.9 25.3 25.7 24.0 23.7 29.2 23.8 23.9 22.9 24.5 24.7 24.3 24.1 23.2 35.2 34.8 33.9 32.6 32.1 31.2 32.4 30.6 30.1 28.6 26.2 25.3 24.8 25.1 27.0 21.5 24.8 20.8 23.1 22.1 22.0 23.3 24.9 23.7 38.6 34.4 32.3 33.5 33.2 31.7 30.9 30.7 28.5 28.3 27.9 27.0 26.2 24.5 26.3 27.4 23.9 23.4 29.2 23.0 24.2 21.9 20.1 21.2 35.4 34.6 34.1 33.2 33.0 32.5 31.3 29.5 28.2 28.8 27.7 27.5 24.4 24.2 26.2 26.3 21.9 21.2 27.1 20.6 27.1 21.7 23.7 37.4 33.3 33.6 33.6 33.9 33.4 32.6 30.1 29.3 29.1 27.7 26.5 24.7 25.2 24.4 34.8 26.0 21.2 23.1 20.1 23.0 20.9 25.8 23.4 33.7 33.6 33.0 34.9 31.9 31.4 30.5 30.6 29.5 28.7 27.7 27.7 21.5 22.3 22.3 24.9 21.5 19.3 19.9 21.0 19.4 23.8 19.3 20.7 18.5 20.8 20.4 21.5 24.0 30.8 28.0 25.8 26.5 27.6 27.0 26.2 26.0 25.5 25.6 24.6 22.6 23.8 22.6 22.6 21.7 21.6 21.5 21.5 21.5 21.6 20.3 19.7 21.8 22.8 
Direction:  n n n n n n n n n n n n n n n n n n n n n n n n n n n n n n n n n n n n n n n n n n n n n n n n n n n n n n n n n n n n n n n n n n n n n n n n n n n n n n n n n n n n n n n n n n n n n n n n n n n n n n n n n n n n n n n n n n n n n n n n n n n n n n n n n n n n n n n n n n n n n n n n n n n n n n n n n n n n n n n n n n n n n n n n n n n n n n n n n n n n n n n n n n n n n n n n n n n n n n n n

55.4: Count:   1.0 (  0.9) A:  17.1 [15-34] B:  30.3 [15-88] Phase: 100% 75 (32.4) Direction:  {46 134}
Phase: {66,37,63,61,45,51,59,81,74,81,81,78,70,110,110,104,94,132,135,102,144,137,150,157,145,172,174,229,212,202,231,215,267,258,296,347,275,327,416,359,363,364,432,422,450,474,428,500,515,532,526,501,524,605,593,612,588,627,624,646,665,643,747,706,684,705,677,671,678,720,727,666,733,671,710,717,659,746,629,650,713,719,704,695,663,670,675,639,639,573,746,558,586,568,581,526,551,526,508,482,549,516,492,463,426,449,443,402,464,393,399,399,369,291,308,330,309,364,278,261,253,231,292,185,222,188,218,185,151,168,139,147,131,126,112,115,98,94,90,87,78,80,61,51,54,52,52,57,23,32,49,25,34,33,24,20,22,28,11,20,17,15,11,15,26,10,11,11,11,6,10,8,10,5,3,2,6,2,1,9,4,3,3,3,2,7,3,7,1,3,4,1,3,3,3,4,0,0,1,0,0,1,0,2,0,1,1,1,2,2,3,0,3,2,1,1,0,0,3,5,1,4,5,2,0,3,4,4,1,1,4,4,5,5,4,1,5,4,3,4,4,6,2,0,5,7,5,6,8,6,3,0,4,19,7,7,7,8,5,12,5,3,17,5,8,18,12,18,4,16,25,16,15,15,27,17,17,23,18,16,21,16,23,25,21,24,45,23,28,28,38,19,21,26,43,41,31,25,44,34,28,33,33,25,35,36,49,35,30,38,45,31,46,45,40,40,33,33,32,27,54,24,25,25,21,47,38,24,48,33,37,36,39,36,33,37,33,39,38,28,27,30,44,35,42,32,34,43,39,51,53,52,66,53,44,37,56,35,40,53}
Count:   2.1   1.6   1.8   1.4   1.1   1.0   1.1   0.9   0.7   0.1   0.1   0.1   0.1   0.1   0.0   0.1   0.1   0.1   0.1   0.0   0.1   0.1   0.1   2.8   2.8   2.6   2.7   2.6   2.4   2.3   2.0   2.0   2.0   1.7   1.7   1.2   1.1   1.0   0.8   0.6   0.6   0.5   0.1   0.1   0.1   0.1   0.1   0.1   0.1   0.1   0.1   1.3   2.6   2.7   2.1   2.2   1.9   1.9   1.8   1.5   1.4   1.2   1.0   0.9   0.7   0.6   0.1   0.1   0.1   0.1   0.1   0.1   0.1   0.1   0.1   1.9   2.7   2.4   2.1   2.3   2.1   1.8   1.7   1.4   1.2   1.1   1.0   1.0   0.9   0.4   0.1   0.1   0.1   0.1   0.1   0.1   0.1   0.1   0.1   2.6   2.4   2.7   2.3   2.3   2.3   1.9   1.7   1.5   1.1   1.4   1.1   0.9   0.7   0.4   0.1   0.1   0.1   0.1   0.1   0.1   0.1   0.2   0.6   2.4   2.4   2.5   2.5   1.9   2.0   1.9   1.6   1.3   1.1   1.0   0.7   0.8   0.5   0.1   0.1   0.1   0.1   0.1   0.1   0.1   0.1   0.1   0.9   3.0   2.7   2.4   2.0   2.2   1.9   1.8   1.5   1.2   1.2   1.1   0.7   0.4   0.4   0.0   0.1   0.1   0.1   0.1   0.1   0.1   0.1   0.1   0.1   0.1   0.1   0.1   0.1   2.8   2.7   2.2   2.1   2.2   2.2   1.9   2.0   1.9   1.7   1.7   1.2   1.1   1.0   1.0   0.6   0.4   0.5   0.3   0.1   0.1   0.1   0.1   0.1   0.1 
B: 31.0 29.4 29.8 28.5 28.0 27.1 26.7 24.2 25.7 21.5 22.9 24.1 22.8 21.7 22.6 25.9 24.0 20.6 23.6 20.0 19.4 22.1 19.9 34.5 34.4 33.9 33.8 34.4 34.2 34.0 32.7 31.4 32.0 29.2 29.6 27.6 28.2 27.9 25.0 24.3 23.3 21.9 31.1 23.2 22.0 21.7 20.3 22.6 19.6 24.0 22.0 33.9 34.4 34.7 32.6 32.2 32.8 32.1 31.2 27.9 28.3 27.2 26.2 24.0 26.7 24.8 25.3 23.7 21.1 27.0 22.2 20.8 26.5 21.0 22.3 38.9 34.7 33.7 33.2 33.5 33.1 30.6 30.9 30.5 26.9 28.7 27.1 25.3 24.5 23.8 23.3 22.0 21.0 24.0 22.2 20.0 23.0 20.0 22.5 34.3 33.9 33.3 34.4 32.8 31.8 30.5 30.2 29.3 28.7 27.4 26.2 24.1 24.5 26.0 23.7 24.6 21.3 21.0 22.5 22.0 20.7 22.9 40.0 35.1 33.1 33.9 33.5 33.1 31.6 29.9 30.4 29.0 27.1 26.7 25.6 25.1 24.7 25.3 26.3 23.5 21.5 20.5 20.7 21.8 23.3 21.5 33.3 34.7 34.6 35.6 32.4 32.3 30.4 30.7 29.4 29.0 27.0 26.6 22.5 20.0 22.2 20.7 25.4 19.8 20.0 19.5 23.7 19.6 20.1 20.4 20.2 20.6 20.4 19.0 21.6 32.1 29.2 27.0 26.6 27.7 26.2 27.2 26.9 26.1 26.1 25.0 23.4 24.0 23.0 22.4 22.3 23.6 21.4 21.1 19.0 19.7 18.9 22.2 18.4 20.5 
Direction:  n n n n n n n n n n n n n n n n n n n n n n n n n n n n n n n n n n n n n n n n n n n n n n n n n n n n n n n n n n n n n n n n n n n n n n n n n n n n n n n n n n n n n n n n n n n n n n n n n n n n n n n n n n n n n n n n n n n n n n n n n n n n n n n n n n n n n n n n n n n n n n n n n n n n n n n n n n n n n n n n n n n n n n n n n n n n n n n n n n n n n n n n n n n n n n n n n n n n n n n n

55.5: Count:   0.7 (  0.7) A:  16.9 [15-34] B:  30.7 [15-89] Phase: 89% 74 (25.5) Direction:  {46 134}  12% 88 (10.9) Direction:  {58 122}
Phase: {64,45,25,34,33,26,28,39,42,35,43,33,46,55,60,53,40,53,65,57,64,72,75,106,72,117,83,116,109,108,134,137,133,162,159,200,214,196,194,227,252,297,266,263,236,299,274,293,352,315,370,373,397,418,445,451,438,527,464,477,532,513,622,629,484,612,576,549,612,629,644,567,655,658,650,607,591,659,580,597,624,577,646,579,627,564,572,594,617,502,668,519,488,521,376,411,440,469,424,438,369,382,277,385,367,318,319,296,266,210,236,217,212,239,179,181,191,217,168,143,152,124,144,127,106,120,89,86,92,76,75,53,69,58,40,40,33,42,41,29,43,54,25,31,30,30,15,15,24,17,21,13,9,11,6,9,9,11,5,8,15,9,5,10,4,9,3,8,7,1,4,3,3,4,6,4,6,2,4,0,6,0,2,3,1,2,0,2,0,0,0,2,0,2,0,1,0,0,0,0,0,0,0,1,0,3,2,0,1,4,0,0,0,0,3,1,1,0,3,3,2,1,1,0,1,0,1,0,1,0,0,0,3,0,0,0,0,0,2,1,0,1,2,0,0,0,0,0,1,0,2,0,0,1,2,0,6,2,0,2,1,2,1,1,0,5,4,1,0,1,12,0,2,7,8,5,1,1,3,6,3,7,1,1,7,2,8,2,5,6,6,8,11,4,4,16,1,16,5,7,4,9,8,3,14,9,9,22,8,17,9,6,13,11,9,9,9,11,9,16,14,6,16,5,11,11,14,14,17,13,17,10,11,12,10,17,22,11,22,25,10,16,18,22,19,13,21,30,17,24,19,31,21,23,43,25,49,28,26,27}
Count:   1.6   1.1   1.1   0.9   0.8   0.7   0.6   0.6   0.5   0.1   0.1   0.0   0.0   0.0   0.0   0.0   0.0   0.0   0.1   0.0   0.0   0.0   0.0   2.2   2.2   1.8   2.2   1.8   1.8   1.6   1.4   1.3   1.2   1.3   1.1   0.7   0.7   0.7   0.5   0.4   0.4   0.3   0.1   0.0   0.0   0.1   0.0   0.1   0.0   0.0   0.0   1.0   1.9   1.9   1.6   1.5   1.4   1.3   1.1   1.0   0.9   0.6   0.7   0.6   0.5   0.4   0.0   0.0   0.0   0.1   0.1   0.1   0.0   0.0   0.0   1.5   2.0   1.8   1.4   1.6   1.8   1.3   1.4   1.0   0.8   0.8   0.7   0.6   0.6   0.2   0.1   0.1   0.0   0.0   0.1   0.1   0.1   0.0   0.1   2.0   2.1   1.9   1.6   1.8   1.6   1.4   1.3   1.0   0.9   1.0   0.8   0.5   0.5   0.3   0.0   0.1   0.1   0.0   0.1   0.1   0.1   0.1   0.4   1.8   1.8   1.8   2.1   1.4   1.4   1.3   1.2   0.9   0.7   0.7   0.5   0.5   0.3   0.1   0.1   0.1   0.0   0.0   0.1   0.0   0.0   0.1   0.6   2.2   2.1   1.8   1.4   1.7   1.4   1.3   1.2   1.0   0.8   0.8   0.4   0.4   0.3   0.0   0.1   0.0   0.0   0.0   0.0   0.0   0.0   0.0   0.0   0.1   0.0   0.0   0.0   2.2   2.2   1.8   1.7   1.9   1.8   1.6   1.5   1.5   1.1   1.2   0.9   0.8   0.5   0.6   0.4   0.2   0.3   0.2   0.1   0.1   0.0   0.1   0.1   0.0 
B: 30.5 30.1 29.4 29.0 26.9 24.9 25.5 24.9 26.2 20.8 22.7 22.0 23.0 22.9 23.1 17.8 19.3 22.0 23.6 20.3 17.6 19.0 19.8 35.2 34.1 33.9 34.0 35.1 34.5 33.7 32.8 32.6 31.7 29.6 29.2 28.6 27.5 27.4 26.5 24.5 25.3 21.9 27.2 18.7 22.6 21.3 21.5 22.2 22.5 27.7 24.1 34.2 33.9 35.0 33.3 32.3 34.0 31.0 31.1 28.6 30.2 26.9 25.6 25.9 25.0 25.5 22.4 23.8 27.0 22.4 27.4 21.9 26.7 25.2 22.8 40.1 35.3 33.3 33.2 33.9 32.9 30.2 31.8 31.1 27.3 27.2 28.7 26.7 25.6 25.7 22.9 21.6 18.0 22.7 23.7 24.8 22.0 21.7 22.8 34.4 35.1 34.4 33.7 33.4 31.3 30.7 30.6 29.0 28.4 28.0 28.5 24.3 25.3 24.1 22.2 23.3 24.1 22.2 21.8 23.2 25.3 25.1 41.5 34.6 34.5 34.1 34.4 32.7 32.3 30.2 30.6 27.9 28.1 26.8 25.5 24.4 23.2 27.2 25.6 21.9 27.0 18.2 21.7 21.9 22.7 21.8 34.0 34.4 34.2 35.1 33.2 32.5 30.9 29.7 29.1 29.7 28.0 26.0 23.8 21.7 23.7 16.8 21.6 16.4 22.8 20.1 17.3 17.5 17.0 19.7 26.1 21.7 21.8 22.0 20.7 30.6 29.2 28.5 26.8 28.7 27.9 27.1 27.3 26.1 24.3 25.3 24.4 24.8 24.8 21.6 20.8 19.5 21.3 22.1 22.4 21.3 20.6 21.1 21.5 24.1 
Direction:  n n n n n n n n n n n n n n n n n n n n n n n n n n n n n n n n n n n n n n n n n n n n n n n n n n n n n n n n n n n n n n n n n n n n n n n n n n n n n n n n n n n n n n n n n n n n n n n n n n n n n n n n n n n n n n n n n n n n n n n n n n n n n n n n n n n n n n n n n n n n n n n n n n n n n n n n n n n n n n n n n n n n n n n n n n n n n n n n n n n n n n n n n n n n n n n n n n n n n n n n

55.6: Count:   0.5 (  0.5) A:  16.6 [15-32] B:  29.7 [15-94] Phase: 100% 76 (24.7) Direction:  {47 133}
Phase: {28,23,18,25,24,19,13,32,26,37,17,36,29,34,33,18,44,21,34,36,38,44,29,39,56,61,62,72,54,64,77,75,80,96,78,83,133,129,112,134,165,162,128,193,135,208,183,202,226,232,280,262,291,264,288,323,361,354,337,348,382,349,443,410,370,418,436,435,439,372,421,376,422,488,442,440,464,428,414,517,399,434,417,424,396,376,412,375,345,311,457,320,380,385,363,317,339,328,316,286,314,287,251,217,265,202,211,225,203,152,208,161,174,184,119,87,100,157,85,119,78,84,76,70,64,45,44,55,49,48,40,44,20,35,23,25,32,23,27,19,19,13,18,10,12,5,3,9,7,5,17,5,8,2,1,3,0,5,1,2,2,0,1,3,2,3,0,2,4,0,3,0,0,0,2,4,2,3,2,0,0,0,2,0,0,0,0,0,0,0,0,1,0,0,0,0,0,0,0,0,0,0,0,0,0,0,0,2,0,0,0,1,1,0,0,2,0,0,0,0,0,0,0,0,0,0,0,0,0,0,0,0,0,0,0,0,0,0,0,0,0,0,0,0,0,0,1,0,1,0,0,0,0,0,0,0,0,0,0,3,1,0,0,0,0,0,0,0,0,3,0,0,0,1,0,0,0,0,1,2,0,0,0,0,0,0,0,1,3,0,5,2,2,2,3,0,1,1,2,0,1,4,2,0,3,2,3,1,3,9,1,1,2,5,7,8,4,8,7,3,12,3,4,5,1,14,5,9,8,4,5,14,5,8,3,11,8,12,5,14,11,2,21,16,22,10,4,18,13,17,9,12,5,22,22,9,15,32,10,19}
Count:   0.9   0.8   0.7   0.7   0.5   0.4   0.4   0.4   0.4   0.0   0.0   0.0   0.0   0.0   0.0   0.0   0.0   0.0   0.0   0.0   0.0   0.0   0.0   1.8   1.4   1.2   1.5   1.3   1.1   1.2   1.1   0.9   0.8   1.0   0.7   0.5   0.5   0.5   0.3   0.2   0.3   0.2   0.0   0.0   0.0   0.0   0.0   0.0   0.0   0.0   0.0   0.6   1.5   1.1   1.2   1.1   1.0   0.9   0.7   0.6   0.6   0.4   0.4   0.4   0.3   0.3   0.0   0.0   0.0   0.0   0.0   0.1   0.0   0.0   0.0   1.0   1.4   1.1   1.0   1.2   1.1   0.7   1.0   0.7   0.4   0.5   0.4   0.3   0.4   0.2   0.0   0.0   0.0   0.0   0.0   0.0   0.0   0.0   0.0   1.4   1.6   1.3   1.2   1.3   1.1   1.0   0.9   0.6   0.4   0.6   0.4   0.3   0.3   0.1   0.0   0.0   0.0   0.0   0.0   0.0   0.0   0.0   0.3   1.3   1.2   1.2   1.5   1.0   1.1   0.7   0.7   0.6   0.5   0.5   0.4   0.4   0.2   0.1   0.0   0.0   0.0   0.0   0.0   0.0   0.0   0.0   0.5   1.4   1.4   1.4   1.1   1.0   0.8   0.9   0.7   0.5   0.5   0.5   0.3   0.2   0.1   0.0   0.0   0.0   0.0   0.0   0.0   0.0   0.0   0.0   0.0   0.0   0.0   0.0   0.0   1.6   1.8   1.4   1.1   1.3   1.3   1.0   0.9   0.8   0.8   0.9   0.5   0.5   0.3   0.4   0.2   0.1   0.1   0.1   0.0   0.0   0.0   0.0   0.0   0.0 
B: 28.6 28.3 28.2 26.2 26.0 24.5 25.9 24.6 27.9 27.6 19.3 27.8 21.5 35.5 22.9 23.0 19.0 23.3 21.1 32.0 16.5 23.5 25.8 36.4 31.9 32.1 31.8 33.1 32.6 32.1 30.7 30.1 30.3 28.9 27.6 27.0 25.8 25.2 24.2 21.1 24.7 22.5 39.2 28.8 22.1 20.5 25.4 17.6 25.2 21.0 22.1 33.9 33.7 32.6 32.1 31.6 31.4 28.7 30.1 27.9 27.0 25.1 26.5 24.1 24.0 25.8 20.2 24.0 33.2 24.4 20.0 19.2 24.4 21.1 24.6 37.2 32.5 31.6 30.8 30.4 31.2 28.6 28.3 28.6 26.3 25.8 25.5 25.5 23.8 25.6 26.1 23.0 21.2 22.0 20.7 23.4 20.1 29.0 25.0 32.6 34.6 32.4 32.5 32.6 31.1 31.3 28.4 27.7 27.2 26.2 26.0 25.5 24.3 31.6 26.0 20.6 15.5 21.6 20.8 23.1 18.3 * 44.7 34.0 34.2 32.7 32.2 30.9 31.2 30.2 29.0 27.3 26.3 26.4 23.5 24.4 23.9 40.5 25.0 22.1 38.0 23.8 23.3 23.0 26.0 31.0 34.3 32.0 33.7 32.6 32.1 31.3 29.6 29.3 28.6 29.3 25.2 26.1 24.1 20.4 21.9 18.5 18.6 22.8 22.5 28.1 17.0 18.2 22.6 23.2 25.1 24.2 22.6 19.0 23.0 31.5 27.9 27.4 26.2 26.9 26.9 25.3 24.0 24.3 24.3 23.7 24.3 23.4 22.6 21.6 21.2 20.3 20.8 24.6 21.1 21.1 18.8 27.2 21.6 25.2 
Direction:  n n n n n n n n n n n n n n n n n n n n n n n n n n n n n n n n n n n n n n n n n n n n n n n n n n n n n n n n n n n n n n n n n n n n n n n n n n n n n n n n n n n n n n n n n n n n n n n n n n n n n n n n n n n n n n n n n n n n n n n n n*  n n n n n n n n n n n n n n n n n n n n n n n n n n n n n n n n n n n n n n n n n n n n n n n n n n n n n n n n n n n n n n n n n n n n n n n n n n n n n n

55.7: Count:   0.3 (  0.3) A:  16.5 [15-36] B:  26.7 [15-78] Phase: 100% 74 (28.9) Direction:  {45 135}
Phase: {35,17,15,17,23,25,12,25,28,32,38,33,40,38,45,39,39,32,51,51,39,51,43,78,70,66,62,67,100,67,67,82,111,140,127,82,77,131,125,101,148,129,133,159,132,151,162,177,149,155,192,158,175,199,165,172,197,209,199,208,198,250,225,240,167,237,207,218,280,192,258,208,268,234,282,249,249,281,210,221,228,226,209,227,224,232,238,197,225,187,266,167,167,184,206,154,174,175,139,204,143,168,167,154,122,144,125,130,133,106,97,70,119,108,106,79,73,104,97,68,97,83,74,60,94,51,77,45,45,43,59,59,32,39,35,42,31,29,33,11,36,22,17,15,25,16,20,15,9,19,7,10,19,7,9,6,6,15,9,3,7,12,0,1,4,2,4,2,1,0,2,1,0,3,0,2,0,2,0,0,3,0,1,2,1,0,2,0,3,0,0,1,0,0,0,0,0,0,2,0,2,0,0,0,0,0,2,2,0,0,0,0,0,0,0,0,0,0,0,1,0,2,0,0,0,0,0,0,0,0,0,0,2,0,0,2,0,0,0,0,0,0,0,0,0,2,0,0,2,2,0,2,0,0,2,0,0,3,1,3,0,0,5,0,3,0,3,0,0,0,0,1,0,2,3,1,0,0,1,0,0,3,5,1,3,4,14,9,10,3,13,2,2,0,4,6,5,6,9,5,2,2,6,7,5,11,5,13,9,6,4,11,6,10,2,8,3,2,7,5,11,2,13,14,16,12,14,2,3,9,8,4,7,23,7,16,10,3,16,26,15,5,13,11,13,9,13,8,11,7,13,16,24,18,22,17,24,11,19,17}
Count:   0.6   0.6   0.4   0.5   0.4   0.2   0.2   0.3   0.2   0.0   0.0   0.0   0.0   0.0   0.0   0.0   0.0   0.0   0.0   0.0   0.0   0.0   0.0   1.3   0.8   1.0   1.1   0.9   0.8   0.8   0.8   0.6   0.5   0.6   0.5   0.4   0.4   0.3   0.2   0.2   0.2   0.1   0.0   0.0   0.0   0.1   0.0   0.0   0.0   0.0   0.0   0.5   1.0   0.8   0.7   0.7   0.7   0.6   0.4   0.4   0.3   0.4   0.3   0.2   0.1   0.1   0.0   0.0   0.0   0.0   0.0   0.0   0.0   0.0   0.0   0.8   1.0   0.8   0.6   0.7   0.8   0.4   0.5   0.5   0.4   0.4   0.2   0.2   0.2   0.1   0.0   0.0   0.0   0.0   0.0   0.0   0.0   0.0   0.0   0.7   0.9   0.8   0.8   0.8   0.8   0.7   0.6   0.4   0.3   0.4   0.3   0.2   0.1   0.1   0.0   0.0   0.0   0.0   0.0   0.0   0.0   0.0   0.4   0.9   0.8   0.8   0.8   0.6   0.7   0.4   0.5   0.4   0.2   0.3   0.3   0.2   0.1   0.0   0.0   0.0   0.0   0.0   0.0   0.0   0.0   0.0   0.4   0.9   0.8   1.0   0.9   0.7   0.6   0.5   0.4   0.5   0.3   0.3   0.2   0.1   0.1   0.0   0.0   0.0   0.0   0.0   0.0   0.0   0.0   0.0   0.0   0.0   0.0   0.0   0.0   1.2   1.0   1.0   0.7   0.7   0.8   0.9   0.8   0.5   0.5   0.5   0.3   0.3   0.2   0.2   0.2   0.1   0.1   0.1   0.0   0.0   0.0   0.0   0.0   0.0 
B: 25.2 26.3 25.4 23.8 23.5 21.1 22.9 22.6 25.0 20.0 22.3 21.0 23.3 23.3 24.2 19.0 22.5 22.2 21.0 22.5 20.4 20.3 23.4 34.2 28.7 29.0 29.0 28.9 29.0 27.5 26.0 26.9 25.3 24.4 24.7 25.4 23.9 24.2 20.5 21.2 21.0 22.3 38.8 26.4 21.0 23.8 22.5 19.0 16.0 23.8 18.0 30.0 29.3 30.0 28.5 27.4 26.8 25.9 25.3 24.3 24.8 23.8 23.6 21.5 22.5 25.4 20.5 18.0 20.2 19.3 20.0 21.5 17.2 19.0 19.6 38.6 28.8 29.3 26.7 26.8 27.3 25.2 26.7 25.7 23.7 23.9 23.7 20.9 21.4 23.2 24.0 20.0 25.4 31.0 15.2 26.0 20.0 26.2 23.7 27.8 30.0 28.5 28.6 27.7 26.5 27.0 25.9 26.8 24.2 22.9 21.2 21.4 20.9 24.5 22.0 18.7 22.5 16.6 19.0 18.2 19.5 25.4 50.5 31.2 29.3 27.8 28.8 26.7 27.1 26.4 25.2 23.8 24.3 21.5 23.1 22.6 22.7 28.0 29.0 20.1 18.5 22.8 26.0 19.0 23.1 * 33.3 29.0 29.3 30.1 29.0 27.4 24.9 26.3 24.3 25.2 24.6 22.1 21.1 20.2 20.7 19.0 22.1 22.0 15.0 19.0 22.5 22.0 22.5 26.2 19.0 21.0 20.1 19.6 19.7 32.8 25.3 24.5 23.9 24.5 23.7 22.7 23.2 22.5 22.1 20.9 20.1 20.5 19.6 20.3 19.8 20.3 20.5 21.9 23.3 19.5 * 27.0 21.2 24.4 
Direction:  n n n n n n n n n n n n n n n n n n n n n n n n n n n n n n n n n n n n n n n n n n n n n n n n n n n n n n n n n n n n n n n n n n n n n n n n n n n n n n n n n n n n n n n n n n n n n n n n n n n n n n n n n n n n n n n n n n n n n n n n n n n n n n n n n n n n n n n n n n n n n n n n n*  n n n n n n n n n n n n n n n n n n n n n n n n n n n n n n n n n n n n n n n n n n n n n n n n n n*  n n n

55.8: Count:   0.4 (  0.3) A:  16.5 [15-33] B:  23.6 [15-78] Phase: 100% 69 (49.0) Direction:  {41 139}
Phase: {73,75,60,76,79,81,65,65,77,90,93,85,78,68,83,108,81,87,114,86,99,74,96,94,95,100,67,102,101,85,112,96,115,104,118,98,145,120,152,137,109,114,146,161,120,145,124,153,155,172,158,131,160,164,146,185,202,192,196,174,187,172,194,182,194,188,196,209,176,172,184,167,192,169,210,199,194,179,202,192,178,152,182,195,153,181,179,157,158,177,207,147,148,154,147,164,155,150,135,128,165,107,108,136,151,134,152,117,130,111,106,102,97,115,109,110,80,128,76,103,78,84,79,98,66,68,90,83,74,67,67,64,65,54,68,65,63,62,44,44,67,59,70,46,49,52,47,34,42,33,37,50,47,65,28,44,32,38,29,37,32,43,43,31,22,32,27,24,24,16,29,14,24,12,13,12,18,15,14,14,8,15,8,11,13,13,11,12,14,5,5,22,6,7,5,7,5,0,3,6,4,5,1,0,4,2,14,2,6,4,5,1,6,2,2,0,0,4,4,3,2,3,5,1,5,9,4,7,2,4,4,5,2,9,3,7,4,5,5,11,11,16,13,12,11,13,10,20,28,21,28,31,26,39,48,31,55,40,57,66,41,71,75,57,48,74,59,97,54,63,144,44,41,71,83,67,60,60,78,40,45,57,62,55,61,47,78,62,40,68,67,48,52,57,38,39,31,74,46,64,29,34,38,38,34,31,44,36,24,40,62,25,29,43,17,43,24,30,35,43,27,52,26,41,25,51,32,25,25,38,47,27,44,47,22,38,46,24,46,35,48,60,55,51,50,45,45,43,52,48,52,39,60,58,38,46,56,57,60,42}
Count:   0.7   0.7   0.6   0.5   0.5   0.4   0.4   0.3   0.3   0.1   0.1   0.1   0.1   0.1   0.1   0.1   0.0   0.1   0.1   0.1   0.1   0.1   0.1   1.3   0.8   1.2   1.2   1.0   1.0   0.8   0.9   0.8   0.7   0.8   0.6   0.6   0.5   0.5   0.3   0.3   0.3   0.3   0.1   0.1   0.1   0.1   0.1   0.1   0.1   0.1   0.1   0.6   1.1   1.0   0.9   0.9   0.8   0.7   0.6   0.4   0.5   0.6   0.5   0.4   0.3   0.2   0.1   0.1   0.1   0.1   0.2   0.1   0.1   0.1   0.1   0.9   1.0   1.1   0.8   0.9   0.8   0.6   0.7   0.6   0.5   0.4   0.4   0.4   0.4   0.2   0.1   0.1   0.1   0.1   0.1   0.1   0.1   0.1   0.1   0.9   1.0   1.0   0.9   0.7   1.0   0.9   0.7   0.7   0.7   0.6   0.4   0.4   0.3   0.1   0.1   0.1   0.1   0.1   0.1   0.1   0.1   0.1   0.4   1.1   0.9   0.9   1.0   0.8   0.9   0.5   0.7   0.5   0.5   0.4   0.4   0.4   0.2   0.1   0.1   0.1   0.1   0.1   0.1   0.1   0.1   0.1   0.6   0.9   0.8   0.9   1.0   0.9   0.7   0.6   0.7   0.6   0.4   0.4   0.3   0.2   0.2   0.1   0.1   0.1   0.1   0.1   0.1   0.1   0.1   0.1   0.1   0.1   0.1   0.1   0.1   1.0   1.0   0.8   0.8   0.7   0.7   0.6   0.7   0.6   0.4   0.6   0.4   0.3   0.3   0.4   0.3   0.2   0.2   0.2   0.1   0.1   0.1   0.1   0.1   0.1 
B: 22.8 22.1 22.6 22.1 22.2 20.5 20.7 20.2 23.5 19.3 19.7 21.0 21.4 20.3 20.7 20.5 20.6 23.5 21.6 19.9 21.3 20.5 20.0 31.2 24.8 25.5 25.2 25.6 25.3 23.8 25.2 25.4 23.8 23.6 21.8 22.3 22.5 22.9 21.7 20.1 20.7 23.8 23.9 22.5 19.9 21.7 21.9 21.9 19.4 18.5 20.4 26.2 25.6 25.6 25.4 25.0 24.4 23.5 25.1 21.3 21.6 21.2 21.5 21.6 20.1 22.1 20.8 20.6 22.5 22.2 22.2 18.9 22.5 20.5 20.9 30.5 24.7 25.2 25.7 23.9 24.9 24.1 23.6 21.3 22.1 23.1 22.7 23.2 20.5 23.8 20.2 20.5 21.3 18.5 19.6 19.2 20.8 18.1 20.2 26.5 25.9 25.5 25.9 24.4 24.0 23.5 22.2 24.3 20.7 21.7 21.8 20.3 21.5 23.3 21.3 18.0 22.8 19.7 17.9 20.5 20.7 21.1 45.9 27.8 23.9 25.4 25.0 24.2 23.3 22.7 24.0 21.6 21.5 22.4 21.4 21.8 22.1 29.0 19.2 20.8 21.7 20.8 20.0 23.7 19.1 19.0 28.0 25.5 25.3 25.2 26.1 24.3 22.7 24.0 23.5 22.8 21.5 21.5 20.9 20.8 21.8 19.2 19.0 18.9 19.8 20.0 20.4 17.8 22.7 19.5 20.2 18.4 21.3 19.8 19.4 26.2 21.9 21.6 21.2 21.6 21.8 21.7 21.5 21.7 19.8 19.3 20.5 19.8 20.4 20.2 20.1 19.8 20.8 19.4 20.7 19.6 20.3 19.5 20.1 23.1 
Direction:  n n n n n n n n n n n n n n n n n n n n n n n n n n n n n n n n n n n n n n n n n n n n n n n n n n n n n n n n n n n n n n n n n n n n n n n n n n n n n n n n n n n n n n n n n n n n n n n n n n n n n n n n n n n n n n n n n n n n n n n n n n n n n n n n n n n n n n n n n n n n n n n n n n n n n n n n n n n n n n n n n n n n n n n n n n n n n n n n n n n n n n n n n n n n n n n n n n n n n n n n

55.9: Count:   1.0 (  0.4) A:  16.4 [15-41] B:  21.6 [15-81] Phase: 37% 46 (38.6) Direction:  {26 154}  18% 277 (26.7) Direction:  {307 233}  9% 274 (24.5) Direction:  {304 236}  9% 277 (26.5) Direction:  {307 233}  8% 279 (27.0) Direction:  {309 231}  8% 279 (27.0) Direction:  {309 231}  9% 279 (26.4) Direction:  {309 231}  18% 278 (26.5) Direction:  {307 233}
Phase: {222,149,169,162,199,170,176,174,212,227,182,183,190,202,168,191,205,174,202,197,192,171,158,180,164,202,151,195,203,180,159,139,148,186,170,132,178,159,154,172,184,174,165,184,132,204,159,188,178,168,162,173,167,165,152,163,166,179,170,154,155,150,157,175,122,168,155,179,185,194,157,167,179,160,183,143,150,161,151,174,182,120,164,135,144,138,161,136,141,117,191,117,129,126,156,116,139,153,128,126,130,108,103,149,126,100,100,124,143,115,86,107,81,99,88,120,72,90,106,91,90,102,85,92,88,84,88,93,96,96,118,120,85,104,83,102,61,116,103,114,110,103,108,103,110,103,129,81,99,101,96,97,89,122,73,82,89,92,78,104,77,74,72,82,86,56,73,86,47,83,50,67,69,60,51,58,55,63,36,28,75,26,49,22,43,20,38,47,18,26,46,42,27,26,22,34,22,25,32,15,29,25,18,11,15,12,12,16,23,23,23,5,22,15,8,30,15,17,20,10,15,7,23,19,25,29,18,36,24,23,25,60,30,41,19,56,53,68,56,67,63,67,112,114,80,137,117,168,159,189,218,195,201,253,340,249,263,325,301,383,308,318,424,411,387,491,582,479,461,403,939,360,485,565,712,536,483,648,630,539,490,627,494,527,454,444,590,427,404,363,396,340,344,408,331,313,192,307,266,207,195,215,277,162,182,171,150,157,158,160,145,126,113,145,96,152,105,107,108,119,111,146,108,137,123,136,140,127,141,123,130,128,134,119,120,122,134,154,149,140,116,85,134,129,124,133,125,158,124,154,170,141,153,150,141,128,179,145,166,163}
Count:   1.6   1.3   1.3   1.1   1.2   1.1   1.0   1.1   0.9   0.6   0.5   0.5   0.5   0.6   0.6   0.5   0.5   0.5   0.5   0.4   0.5   0.5   0.5   1.5   1.5   1.6   1.6   1.5   1.6   1.4   1.5   1.4   1.4   1.3   1.3   1.3   1.2   1.0   1.1   1.0   1.0   0.9   0.6   0.4   0.5   0.4   0.5   0.6   0.6   0.5   0.6   1.0   1.4   1.5   1.7   1.4   1.3   1.2   1.1   1.2   1.2   1.3   1.2   1.1   1.0   0.9   0.5   0.4   0.5   0.5   0.5   0.6   0.5   0.5   0.5   1.4   1.3   1.6   1.4   1.7   1.5   1.4   1.3   1.3   1.3   1.1   1.1   1.1   1.1   0.6   0.5   0.5   0.5   0.5   0.5   0.5   0.5   0.5   0.5   1.5   1.6   1.5   1.4   1.5   1.6   1.4   1.2   1.3   1.0   1.3   1.0   1.1   1.0   0.6   0.5   0.5   0.6   0.5   0.6   0.4   0.6   0.6   0.9   1.5   1.3   1.6   1.6   1.4   1.7   1.1   1.2   1.1   1.0   1.1   1.0   1.1   0.9   0.5   0.5   0.6   0.5   0.4   0.5   0.6   0.6   0.5   1.1   1.5   1.6   1.5   1.7   1.5   1.3   1.3   1.2   1.3   1.0   0.9   0.8   1.0   0.8   0.5   0.6   0.5   0.5   0.5   0.6   0.6   0.5   0.6   0.5   0.5   0.4   0.5   0.5   1.4   1.5   1.4   1.6   1.2   1.2   1.2   1.3   1.1   1.1   1.2   1.1   1.0   0.9   0.9   0.9   0.8   0.8   0.7   0.7   0.4   0.5   0.5   0.5   0.6 
Direction:  n n n n n n n n n n n n n n n n n n n n n n n n n n n n n n n n n n n n n n n n n n n n n n n n n n n n n n n n n n n n n n n n n n n n n n n n n n n n n n n n n n n n n n n n n n n n n n n n n n n n n n n n n n n n n n n n n n n n n n n n n n n n n n n n n n n n n n n n n n n n n n n n n n n n n n n n n n n n n n n n n n n n n n n n n n n n n n n n n n n n n n n n n n n n n n n n n n n n n n n n

56.0: Count:   0.8 (  0.5) A:  16.5 [15-30] B:  22.3 [15-76] Phase: 64% 62 (68.4) Direction:  {36 144}  21% 281 (26.4) Direction:  {310 230}  19% 283 (34.1) Direction:  {312 228}  19% 282 (35.0) Direction:  {312 228}  25% 32 (37.2) Direction:  {18 162}
Phase: {226,138,204,166,200,169,183,216,198,213,186,236,182,201,189,215,228,188,259,219,258,210,237,228,232,190,235,242,245,215,197,243,257,206,243,198,240,238,205,237,216,256,207,264,193,251,186,223,231,272,215,179,207,236,187,212,196,214,221,208,207,200,216,226,187,215,202,171,216,198,240,182,230,216,222,189,177,214,157,221,171,187,177,197,185,161,160,182,160,128,224,130,161,169,168,174,141,157,133,135,159,161,162,150,159,138,152,141,165,131,135,114,128,157,141,127,101,141,148,140,131,107,113,135,123,129,122,126,115,121,126,99,84,119,99,125,72,115,82,87,105,87,100,114,104,104,80,71,104,80,81,82,81,72,74,68,70,74,56,39,56,48,56,58,75,54,48,59,47,29,38,46,40,38,38,27,32,36,22,26,36,16,41,19,25,25,14,22,27,11,15,9,12,22,10,6,10,13,11,14,17,14,7,8,8,17,6,16,8,13,13,3,14,5,6,13,3,14,7,9,9,9,3,11,4,4,15,16,11,18,20,17,22,20,17,35,24,41,33,27,27,37,47,47,38,52,54,78,43,58,85,77,71,74,107,82,93,94,90,119,97,68,115,151,96,123,150,126,124,93,292,105,142,214,249,262,158,250,248,174,224,276,249,258,254,227,306,229,244,196,234,201,186,228,205,185,142,223,184,135,149,125,143,106,133,133,108,132,132,98,94,102,99,120,77,124,86,119,98,102,125,89,110,97,90,91,115,97,96,97,84,114,125,99,74,88,102,113,97,114,113,125,139,163,136,149,134,120,125,113,150,134,139,172,153,135,164,178,182,141}
Count:   1.4   1.1   1.3   0.9   1.2   1.2   0.8   1.0   0.7   0.3   0.3   0.2   0.2   0.3   0.2   0.3   0.3   0.3   0.3   0.2   0.3   0.3   0.2   1.2   1.4   1.5   1.4   1.3   1.4   1.4   1.4   1.4   1.3   1.2   1.3   1.2   1.1   1.0   1.0   1.0   0.9   0.8   0.3   0.2   0.2   0.2   0.3   0.3   0.3   0.3   0.2   0.8   1.3   1.6   1.7   1.2   1.2   1.1   1.1   0.9   1.0   1.0   1.0   0.8   0.8   0.9   0.3   0.3   0.2   0.3   0.3   0.2   0.2   0.3   0.3   0.9   1.5   1.3   1.1   1.5   1.3   1.2   1.1   1.1   1.1   1.1   0.9   0.9   1.0   0.5   0.3   0.2   0.3   0.2   0.3   0.2   0.2   0.3   0.2   1.3   1.4   1.6   1.5   1.2   1.6   1.3   1.1   1.1   1.1   1.1   1.1   0.9   0.9   0.4   0.3   0.2   0.2   0.2   0.2   0.3   0.3   0.2   0.7   1.4   1.4   1.3   1.3   1.3   1.4   1.1   1.1   1.1   1.0   1.1   0.8   0.8   0.9   0.3   0.2   0.2   0.3   0.2   0.3   0.4   0.2   0.2   0.8   1.3   1.4   1.2   1.6   1.3   1.1   1.1   1.3   1.1   1.0   0.8   0.8   0.7   0.5   0.2   0.3   0.2   0.3   0.2   0.2   0.2   0.2   0.2   0.2   0.3   0.3   0.3   0.3   1.0   1.2   1.1   1.2   0.9   1.1   1.0   1.1   1.0   1.0   0.8   1.0   0.9   0.8   0.7   0.7   0.7   0.7   0.6   0.4   0.3   0.3   0.2   0.2   0.3 
B: 22.1 22.2 22.4 21.4 21.6 21.1 20.6 21.1 21.9 18.8 19.4 18.5 18.8 19.8 18.0 20.3 19.0 21.3 19.0 18.4 21.0 19.6 20.4 24.8 24.5 23.7 22.9 24.3 23.6 23.7 23.9 24.1 23.3 22.5 22.7 23.2 22.2 21.5 21.8 21.3 21.6 22.1 21.8 20.7 20.7 19.5 19.2 19.5 19.7 18.5 20.5 23.6 24.5 24.1 24.3 23.5 22.5 23.7 23.1 22.8 21.7 22.2 20.6 21.4 20.3 20.7 19.8 20.7 21.1 19.1 22.3 19.3 20.9 20.1 19.0 25.3 23.6 23.9 23.7 23.3 22.7 22.8 23.2 22.0 23.5 21.4 20.7 21.4 22.3 20.5 18.9 19.6 19.3 20.2 20.1 20.5 19.7 20.8 20.2 24.2 23.3 24.2 23.8 23.6 23.6 23.8 23.0 22.3 23.2 22.2 21.0 21.8 21.8 21.1 20.5 19.4 18.6 20.8 19.2 18.7 19.7 18.9 36.2 25.6 24.7 23.9 23.1 23.2 23.9 22.9 22.7 22.6 21.8 22.2 21.5 21.6 20.6 19.3 18.5 18.2 20.0 18.9 19.8 19.6 19.3 20.2 25.2 24.1 23.6 23.4 23.8 23.1 22.0 22.3 22.1 23.0 22.3 22.2 20.7 20.4 20.2 19.3 19.0 17.7 18.0 18.8 18.4 18.3 18.4 18.0 18.1 18.9 19.0 18.6 19.9 24.6 20.9 21.2 21.0 21.0 21.0 20.6 21.8 20.5 20.6 20.9 21.2 20.0 20.0 19.9 20.0 20.3 19.6 20.1 19.5 18.8 19.0 19.0 18.8 19.1 
Direction:  n n n n n n n n n n n n n n n n n n n n n n n n n n n n n n n n n n n n n n n n n n n n n n n n n n n n n n n n n n n n n n n n n n n n n n n n n n n n n n n n n n n n n n n n n n n n n n n n n n n n n n n n n n n n n n n n n n n n n n n n n n n n n n n n n n n n n n n n n n n n n n n n n n n n n n n n n n n n n n n n n n n n n n n n n n n n n n n n n n n n n n n n n n n n n n n n n n n n n n n n

