54.0: Count:   0.3 (  0.1) A:  21.9 [20-36] B:  32.9 [20-88] Phase: 100% 148 (28.2) Direction:  {49 131}
Phase: {0,0,0,0,0,0,0,0,0,0,0,0,0,0,1,0,1,0,0,0,0,0,1,0,0,0,0,0,0,0,0,0,0,1,1,0,0,0,0,0,1,1,0,1,1,3,0,1,4,0,3,1,0,4,2,5,2,1,3,4,7,3,4,5,6,3,5,11,15,11,20,10,20,17,27,17,25,28,30,24,25,27,37,42,55,47,43,58,45,49,60,46,64,74,47,58,51,38,60,73,61,76,59,70,62,74,83,105,84,80,115,78,104,101,122,138,115,140,144,139,147,168,172,160,167,172,198,185,161,207,190,243,199,211,211,231,222,258,255,227,201,246,232,256,270,224,221,262,254,231,242,284,251,263,253,236,254,239,236,219,244,203,205,217,193,220,212,218,186,191,185,186,167,161,164,126,141,138,139,125,157,115,129,122,90,113,116,107,98,87,92,90,71,71,70,73,79,67,84,64,47,51,55,77,71,47,55,66,59,51,40,51,45,40,38,26,31,26,27,25,10,18,27,19,13,14,11,12,7,4,6,2,5,4,3,4,3,6,2,2,1,1,4,3,2,0,1,0,0,0,0,2,0,0,0,0,0,0,1,0,0,0,0,0,0,0,0,0,0,0,0,0,0,0,0,0,0,0,0,0,0,0,0,0,0,1,0,0,0,0,0,0,0,0,0,0,0,0,0,0,0,0,0,0,0,0,0,0,0,0,0,0,0,0,0,0,0,0,0,0,0,0,0,0,0,0,0,0,0,0,0,0,0,0,0,0,0,0,0,0,0,0,0,0,0,0,0,0,0,0,0,0,0,0,0,0,0,0,0,0}
Count:   0.3   0.3   0.4   0.4   0.4   0.4   0.5   0.5   0.3   0.5   0.4   0.5   0.4   0.4   0.4   0.4   0.4   0.5   0.4   0.4   0.4   0.4   0.3   0.3   0.3   0.3   0.2   0.3   0.3   0.3   0.3   0.3   0.3   0.3   0.3   0.3   0.4   0.3   0.3   0.3   0.3   0.3   0.4   0.4   0.3   0.3   0.4   0.3   0.3   0.3   0.3   0.3   0.3   0.3   0.3   0.4   0.3   0.4   0.3   0.3   0.3   0.4   0.3   0.4   0.3   0.3   0.3   0.4   0.3   0.3   0.3   0.3   0.3   0.3   0.3   0.4   0.3   0.4   0.3   0.3   0.3   0.3   0.3   0.2   0.3   0.3   0.4   0.3   0.3   0.3   0.3   0.4   0.3   0.3   0.4   0.2   0.3   0.3   0.2   0.3   0.3   0.3   0.3   0.4   0.3   0.4   0.3   0.4   0.3   0.4   0.3   0.4   0.3   0.4   0.3   0.3   0.4   0.4   0.3   0.3   0.3   0.3   0.3   0.3   0.3   0.3   0.4   0.3   0.3   0.3   0.4   0.3   0.3   0.3   0.3   0.3   0.3   0.3   0.4   0.3   0.3   0.3   0.3   0.3   0.3   0.4   0.3   0.3   0.3   0.4   0.3   0.4   0.3   0.4   0.2   0.3   0.3   0.3   0.3   0.3   0.3   0.3   0.3   0.3   0.3   0.3   0.4   0.3   0.3   0.3   0.4   0.3   0.4   0.3   0.4   0.3   0.3   0.3   0.4   0.2   0.4   0.2   0.3   0.3   0.4   0.3   0.4   0.3   0.3   0.4   0.4   0.3   0.3   0.3   0.4   0.4   0.4   0.3   0.3   0.4 
Direction:  n n n n n n n n n n n n n n n n n n n n n n n n n n n n n n n n n n n n n n n n n n n n n n n n n n n n n n n n n n n n n n n n n n n n n n n n n n n n n n n n n n n n n n n n n n n n n n n n n n n n n n n n n n n n n n n n n n n n n n n n n n n n n n n n n n n n n n n n n n n n n n n n n n n n n n n n n n n n n n n n n n n n n n n n n n n n n n n n n n n n n n n n n n n n n n n n n n n n n n n n

54.1: Count:   0.5 (  0.1) A:  21.9 [20-37] B:  31.6 [20-77] Phase: 100% 147 (29.9) Direction:  {49 131}
Phase: {0,0,0,0,0,0,0,0,0,0,0,0,0,0,0,0,0,0,0,0,0,0,0,0,0,0,0,0,0,0,0,0,0,0,0,1,0,0,1,0,0,3,0,0,0,0,0,0,3,1,3,3,3,1,3,4,4,1,0,2,5,5,8,2,5,5,8,10,6,10,13,17,19,11,28,21,27,27,18,31,29,34,40,46,40,49,55,66,67,61,93,68,79,101,101,123,102,111,111,128,113,142,130,137,145,164,151,151,179,161,166,153,184,181,210,191,214,224,232,222,240,227,229,239,261,233,257,261,282,284,271,257,322,345,331,316,303,333,295,328,329,353,360,365,321,337,328,337,352,333,394,339,329,337,292,309,327,338,342,292,337,309,337,297,276,281,277,311,255,264,244,234,220,209,243,213,203,191,199,181,243,168,156,172,160,144,178,134,156,151,139,123,129,136,142,113,107,129,97,108,111,88,87,93,80,76,68,71,63,63,53,45,41,37,41,28,43,26,28,20,14,20,15,11,11,7,9,8,8,4,6,3,2,3,3,5,1,1,0,0,3,1,1,0,0,0,1,2,2,0,0,2,0,0,0,0,0,0,1,0,0,0,1,0,1,0,0,0,0,0,0,0,0,0,0,0,0,0,0,0,0,0,0,0,0,0,0,0,0,0,0,0,0,0,0,0,0,0,0,0,0,0,0,0,0,0,0,0,0,0,0,0,0,0,0,0,0,0,0,0,0,0,0,0,0,0,0,0,0,0,0,0,0,0,0,0,0,0,0,0,0,0,0,0,0,0,0,0,0,0,0,0,0,0,0,0,0,0,0,0}
Count:   0.5   0.6   0.5   0.7   0.5   0.5   0.6   0.6   0.5   0.6   0.5   0.6   0.6   0.6   0.6   0.5   0.6   0.7   0.5   0.6   0.7   0.6   0.4   0.5   0.6   0.4   0.5   0.5   0.5   0.4   0.5   0.5   0.5   0.4   0.5   0.4   0.5   0.4   0.5   0.4   0.5   0.5   0.5   0.5   0.4   0.6   0.4   0.5   0.4   0.4   0.4   0.5   0.4   0.5   0.4   0.5   0.4   0.4   0.4   0.5   0.3   0.5   0.4   0.4   0.4   0.4   0.4   0.4   0.4   0.5   0.4   0.4   0.4   0.4   0.4   0.5   0.5   0.5   0.5   0.4   0.4   0.3   0.6   0.4   0.5   0.4   0.5   0.6   0.4   0.4   0.4   0.4   0.5   0.4   0.4   0.5   0.4   0.5   0.4   0.5   0.5   0.5   0.5   0.5   0.4   0.4   0.5   0.4   0.5   0.5   0.5   0.5   0.5   0.5   0.4   0.5   0.5   0.4   0.5   0.4   0.6   0.5   0.5   0.5   0.6   0.4   0.5   0.4   0.5   0.4   0.4   0.4   0.5   0.4   0.4   0.4   0.5   0.5   0.5   0.5   0.4   0.4   0.4   0.5   0.5   0.4   0.4   0.5   0.4   0.5   0.4   0.5   0.4   0.4   0.5   0.4   0.4   0.4   0.5   0.4   0.5   0.4   0.4   0.5   0.5   0.4   0.5   0.4   0.4   0.5   0.5   0.5   0.5   0.4   0.5   0.5   0.4   0.4   0.5   0.5   0.4   0.4   0.4   0.4   0.4   0.5   0.5   0.5   0.5   0.5   0.5   0.5   0.5   0.5   0.4   0.6   0.5   0.5   0.5   0.6 
Direction:  n n n n n n n n n n n n n n n n n n n n n n n n n n n n n n n n n n n n n n n n n n n n n n n n n n n n n n n n n n n n n n n n n n n n n n n n n n n n n n n n n n n n n n n n n n n n n n n n n n n n n n n n n n n n n n n n n n n n n n n n n n n n n n n n n n n n n n n n n n n n n n n n n n n n n n n n n n n n n n n n n n n n n n n n n n n n n n n n n n n n n n n n n n n n n n n n n n n n n n n n

54.2: Count:   0.6 (  0.1) A:  21.8 [20-34] B:  31.1 [20-75] Phase: 100% 146 (27.1) Direction:  {48 132}
Phase: {0,0,0,0,0,0,0,0,0,0,0,0,0,0,0,0,0,0,0,0,0,0,0,0,0,0,0,0,0,0,0,0,0,0,0,0,0,0,0,0,0,0,0,0,0,0,0,0,0,0,0,0,0,0,0,1,0,0,0,0,1,2,1,0,0,0,3,3,2,1,0,3,8,1,3,2,4,8,4,2,8,13,9,12,10,20,34,19,24,34,53,24,51,52,69,58,60,72,104,101,110,111,92,148,136,196,146,174,201,191,243,227,243,265,289,258,244,355,280,271,347,308,323,392,341,381,383,431,364,406,369,447,406,433,384,442,409,447,414,451,396,477,420,453,453,423,428,441,429,452,472,464,403,432,378,460,418,424,424,367,354,381,398,395,392,377,381,382,287,357,355,303,332,304,307,271,276,265,294,236,312,201,208,181,182,170,188,157,141,133,121,139,119,88,116,89,89,79,65,54,50,63,31,21,21,21,26,21,18,13,8,7,9,4,4,5,6,1,3,6,0,2,2,0,1,0,0,0,0,1,0,0,0,0,0,0,0,0,1,0,0,0,0,0,0,0,0,0,0,0,0,0,0,0,0,0,0,0,0,0,0,0,0,0,0,0,0,0,0,0,0,0,0,0,0,0,0,0,0,0,0,0,0,0,0,0,0,0,0,0,0,0,0,0,0,0,0,0,0,0,0,0,0,0,0,0,0,0,0,0,0,0,0,0,0,0,0,0,0,0,0,0,0,0,0,0,0,0,0,0,0,0,0,0,0,0,0,0,0,0,0,0,0,0,0,0,0,0,0,0,0,0,0,0,0,0,0,0,0,0}
Count:   0.6   0.6   0.6   0.8   0.6   0.7   0.6   0.8   0.6   0.7   0.6   0.8   0.7   0.7   0.6   0.7   0.7   0.7   0.6   0.7   0.7   0.6   0.5   0.5   0.6   0.5   0.6   0.5   0.5   0.5   0.6   0.5   0.5   0.5   0.5   0.5   0.6   0.5   0.5   0.5   0.5   0.5   0.6   0.6   0.5   0.6   0.5   0.6   0.5   0.6   0.4   0.5   0.5   0.5   0.4   0.6   0.4   0.6   0.5   0.6   0.4   0.5   0.5   0.6   0.5   0.5   0.4   0.5   0.5   0.4   0.5   0.4   0.5   0.5   0.5   0.6   0.6   0.5   0.6   0.5   0.5   0.5   0.6   0.5   0.6   0.6   0.5   0.6   0.5   0.5   0.5   0.5   0.6   0.5   0.5   0.7   0.5   0.6   0.4   0.6   0.5   0.5   0.5   0.6   0.6   0.5   0.5   0.5   0.6   0.7   0.6   0.5   0.6   0.5   0.5   0.5   0.5   0.5   0.5   0.4   0.6   0.6   0.6   0.5   0.6   0.5   0.7   0.5   0.5   0.6   0.5   0.5   0.5   0.5   0.6   0.5   0.5   0.6   0.6   0.7   0.5   0.6   0.5   0.7   0.5   0.6   0.5   0.6   0.4   0.5   0.6   0.5   0.6   0.5   0.5   0.5   0.5   0.5   0.5   0.5   0.7   0.5   0.6   0.6   0.6   0.5   0.5   0.5   0.5   0.5   0.5   0.6   0.5   0.6   0.6   0.5   0.6   0.5   0.4   0.6   0.5   0.6   0.4   0.5   0.6   0.5   0.5   0.5   0.6   0.6   0.6   0.6   0.5   0.6   0.6   0.6   0.6   0.7   0.6   0.6 
Direction:  n n n n n n n n n n n n n n n n n n n n n n n n n n n n n n n n n n n n n n n n n n n n n n n n n n n n n n n n n n n n n n n n n n n n n n n n n n n n n n n n n n n n n n n n n n n n n n n n n n n n n n n n n n n n n n n n n n n n n n n n n n n n n n n n n n n n n n n n n n n n n n n n n n n n n n n n n n n n n n n n n n n n n n n n n n n n n n n n n n n n n n n n n n n n n n n n n n n n n n n n

54.3: Count:   0.4 (  0.1) A:  21.5 [20-34] B:  33.4 [20-79] Phase: 100% 145 (20.7) Direction:  {48 132}
Phase: {0,0,0,0,0,0,0,0,0,0,0,0,0,0,0,0,0,0,0,0,0,0,0,0,0,0,0,0,0,0,0,0,0,0,0,0,0,0,0,0,0,0,0,0,0,0,0,0,0,0,0,0,0,0,0,0,0,0,0,0,0,0,0,0,0,0,2,0,0,0,0,0,0,0,1,0,0,0,0,0,1,2,1,1,0,2,3,2,6,6,4,3,2,14,13,10,14,22,25,31,31,44,35,34,52,52,58,71,91,77,100,109,105,112,148,138,151,176,159,179,181,192,246,226,238,298,303,288,307,326,328,308,312,365,295,367,334,421,392,401,382,332,361,370,396,416,401,379,401,384,432,402,369,367,347,349,361,329,324,311,297,301,324,232,267,271,261,236,214,223,194,212,168,177,189,143,118,131,134,123,115,76,98,91,92,48,50,50,43,34,46,35,29,41,12,21,8,22,13,7,3,4,6,3,5,5,2,2,0,2,4,1,2,1,2,0,0,0,0,1,0,0,2,0,0,0,0,0,0,0,0,0,0,0,0,0,0,0,0,0,0,0,0,0,0,0,0,0,0,0,0,0,0,0,0,0,0,0,0,0,0,0,0,0,0,0,0,0,0,0,0,0,0,0,0,0,0,0,0,0,0,0,0,0,0,0,0,0,0,0,0,0,0,0,0,0,0,0,0,0,0,0,0,0,0,0,0,0,0,0,0,0,0,0,0,0,0,0,0,0,0,0,0,0,0,0,0,0,0,0,0,0,0,0,0,0,0,0,0,0,0,0,0,0,0,0,0,0,0,0,0,0,0,0,0,0,0,0,0,0}
Count:   0.4   0.4   0.4   0.4   0.4   0.5   0.4   0.6   0.4   0.5   0.4   0.5   0.4   0.5   0.5   0.5   0.4   0.5   0.5   0.4   0.5   0.4   0.3   0.3   0.4   0.3   0.4   0.3   0.4   0.3   0.4   0.3   0.4   0.3   0.4   0.3   0.4   0.4   0.3   0.3   0.3   0.4   0.3   0.3   0.3   0.4   0.3   0.3   0.3   0.4   0.3   0.3   0.2   0.4   0.3   0.4   0.3   0.4   0.3   0.3   0.2   0.3   0.4   0.3   0.4   0.2   0.3   0.3   0.4   0.2   0.4   0.3   0.4   0.3   0.3   0.3   0.4   0.3   0.4   0.3   0.3   0.4   0.3   0.4   0.4   0.4   0.3   0.5   0.4   0.4   0.4   0.4   0.4   0.4   0.3   0.5   0.3   0.4   0.3   0.5   0.3   0.4   0.4   0.3   0.4   0.4   0.3   0.4   0.4   0.4   0.4   0.3   0.4   0.4   0.4   0.4   0.4   0.2   0.5   0.3   0.4   0.4   0.3   0.4   0.4   0.3   0.4   0.4   0.3   0.4   0.3   0.3   0.3   0.4   0.3   0.4   0.2   0.4   0.3   0.4   0.3   0.4   0.3   0.4   0.4   0.4   0.3   0.3   0.3   0.4   0.4   0.3   0.4   0.3   0.4   0.4   0.4   0.4   0.4   0.2   0.5   0.3   0.4   0.4   0.4   0.4   0.5   0.3   0.4   0.2   0.4   0.3   0.3   0.3   0.3   0.4   0.4   0.4   0.3   0.4   0.3   0.4   0.3   0.4   0.3   0.4   0.3   0.4   0.3   0.4   0.3   0.4   0.3   0.4   0.4   0.6   0.4   0.3   0.4   0.4 
Direction:  n n n n n n n n n n n n n n n n n n n n n n n n n n n n n n n n n n n n n n n n n n n n n n n n n n n n n n n n n n n n n n n n n n n n n n n n n n n n n n n n n n n n n n n n n n n n n n n n n n n n n n n n n n n n n n n n n n n n n n n n n n n n n n n n n n n n n n n n n n n n n n n n n n n n n n n n n n n n n n n n n n n n n n n n n n n n n n n n n n n n n n n n n n n n n n n n n n n n n n n n

54.4: Count:   0.2 (  0.1) A:  21.3 [20-34] B:  36.1 [20-78] Phase: 100% 145 (15.9) Direction:  {47 133}
Phase: {0,0,0,0,0,0,0,0,0,0,0,0,0,0,0,0,0,0,0,0,0,0,0,0,0,0,0,0,0,0,0,0,0,0,0,0,0,0,0,0,0,0,0,0,0,0,0,0,0,0,0,0,0,0,0,0,0,0,0,0,0,0,0,0,0,0,0,0,0,0,0,0,0,0,0,0,0,1,0,0,0,0,0,0,0,0,0,0,0,0,2,1,2,4,3,3,2,6,2,3,5,4,5,6,13,4,19,13,34,27,23,31,47,41,54,58,61,85,75,109,105,96,144,129,175,146,140,201,202,209,236,248,215,276,231,301,280,332,291,347,283,381,312,333,322,329,291,305,288,317,322,291,294,280,272,266,270,276,283,226,244,182,228,212,177,185,138,142,120,125,117,128,80,91,70,64,52,47,44,23,33,25,25,25,14,12,10,4,11,3,2,1,3,1,1,2,0,0,0,0,0,0,0,2,2,1,0,0,0,0,0,0,0,0,0,0,0,0,0,0,0,0,0,0,0,0,0,0,0,0,0,0,0,0,0,0,0,0,0,0,0,0,0,0,0,0,0,0,0,0,0,0,0,0,0,0,0,0,0,0,0,0,0,0,0,0,0,0,0,0,0,0,0,0,0,0,0,0,0,0,0,0,0,0,0,0,0,0,0,0,0,0,0,0,0,0,0,0,0,0,0,0,0,0,0,0,0,0,0,0,0,0,0,0,0,0,0,0,0,0,0,0,0,0,0,0,0,0,0,0,0,0,0,0,0,0,0,0,0,0,0,0,0,0,0,0,0,0,0,0,0,0,0,0,0,0,0,0,0,0}
Count:   0.2   0.2   0.2   0.4   0.2   0.3   0.2   0.4   0.3   0.3   0.3   0.4   0.3   0.4   0.4   0.3   0.3   0.3   0.4   0.2   0.3   0.2   0.3   0.2   0.3   0.2   0.2   0.2   0.3   0.2   0.2   0.2   0.3   0.2   0.2   0.2   0.2   0.2   0.2   0.2   0.2   0.2   0.2   0.2   0.2   0.3   0.1   0.2   0.2   0.2   0.2   0.3   0.1   0.2   0.2   0.2   0.2   0.3   0.3   0.2   0.2   0.2   0.2   0.2   0.2   0.2   0.2   0.1   0.2   0.2   0.2   0.1   0.3   0.1   0.3   0.2   0.2   0.2   0.2   0.2   0.2   0.2   0.2   0.2   0.2   0.3   0.2   0.3   0.2   0.3   0.3   0.3   0.2   0.3   0.2   0.3   0.2   0.2   0.2   0.3   0.2   0.3   0.2   0.2   0.2   0.2   0.2   0.2   0.2   0.2   0.2   0.2   0.3   0.3   0.3   0.2   0.3   0.2   0.3   0.2   0.4   0.2   0.3   0.2   0.2   0.2   0.2   0.3   0.2   0.3   0.2   0.2   0.2   0.3   0.2   0.2   0.1   0.3   0.2   0.3   0.2   0.3   0.2   0.3   0.2   0.3   0.3   0.2   0.2   0.2   0.3   0.2   0.2   0.1   0.2   0.2   0.3   0.2   0.3   0.2   0.2   0.1   0.2   0.2   0.2   0.2   0.3   0.2   0.3   0.2   0.2   0.2   0.2   0.2   0.2   0.3   0.2   0.2   0.2   0.3   0.2   0.2   0.2   0.3   0.2   0.3   0.2   0.3   0.2   0.2   0.2   0.2   0.2   0.3   0.3   0.3   0.3   0.3   0.3   0.2 
Direction:  n n n n n n n n n n n n n n n n n n n n n n n n n n n n n n n n n n n n n n n n n n n n n n n n n n n n n n n n n n n n n n n n n n n n n n n n n n n n n n n n n n n n n n n n n n n n n n n n n n n n n n n n n n n n n n n n n n n n n n n n n n n n n n n n n n n n n n n n n n n n n n n n n n n n n n n n n n n n n n n n n n n n n n n n n n n n n n n n n n n n n n n n n n n n n n n n n n n n n n n n

54.5: Count:   0.2 (  0.1) A:  21.3 [20-34] B:  36.1 [20-78] Phase: 100% 145 (15.8) Direction:  {47 133}
Phase: {0,0,0,0,0,0,0,0,0,0,0,0,0,0,0,0,0,0,0,0,0,0,0,0,0,0,0,0,0,0,0,0,0,0,0,0,0,0,0,0,0,0,0,0,0,0,0,0,0,0,0,0,0,0,0,0,0,0,0,0,0,0,0,0,0,0,0,0,0,0,0,0,1,0,0,0,0,2,0,2,0,0,0,0,0,2,1,2,3,0,2,2,4,0,1,4,4,5,4,6,4,7,8,18,12,24,9,21,21,29,20,27,31,40,42,61,37,60,63,93,83,80,111,99,112,120,162,176,152,174,188,194,181,256,236,256,238,272,239,246,231,276,248,276,241,287,274,252,233,290,323,247,213,247,180,213,211,229,207,183,177,165,138,148,134,118,131,117,93,101,83,94,55,55,61,48,36,34,33,29,28,34,25,16,18,11,19,5,10,10,6,2,2,3,4,3,0,3,2,0,4,0,0,0,0,0,0,0,0,1,0,0,0,0,0,0,0,0,0,0,0,0,0,0,0,0,0,0,0,0,0,0,0,0,0,0,0,0,0,0,0,0,0,0,0,0,0,0,0,0,0,0,0,0,0,0,0,0,0,0,0,0,0,0,0,0,0,0,0,0,0,0,0,0,0,0,0,0,0,0,0,0,0,0,0,0,0,0,0,0,0,0,0,0,0,0,0,0,0,0,0,0,0,0,0,0,0,0,0,0,0,0,0,0,0,0,0,0,0,0,0,0,0,0,0,0,0,0,0,0,0,0,0,0,0,0,0,0,0,0,0,0,0,0,0,0,0,0,0,0,0,0,0,0,0,0,0,0,0,0}
Count:   0.2   0.2   0.2   0.3   0.2   0.3   0.3   0.2   0.3   0.3   0.2   0.2   0.2   0.3   0.3   0.2   0.3   0.3   0.3   0.1   0.3   0.2   0.2   0.1   0.2   0.2   0.2   0.2   0.2   0.2   0.1   0.1   0.2   0.2   0.2   0.2   0.2   0.2   0.2   0.2   0.1   0.3   0.1   0.2   0.1   0.3   0.1   0.2   0.1   0.2   0.2   0.3   0.1   0.2   0.2   0.3   0.2   0.1   0.2   0.2   0.2   0.2   0.2   0.2   0.2   0.1   0.1   0.1   0.2   0.1   0.2   0.1   0.2   0.1   0.3   0.2   0.1   0.2   0.2   0.2   0.2   0.2   0.3   0.2   0.2   0.2   0.2   0.2   0.1   0.2   0.2   0.3   0.2   0.2   0.2   0.2   0.2   0.2   0.3   0.1   0.2   0.2   0.1   0.2   0.2   0.2   0.3   0.2   0.1   0.1   0.2   0.1   0.3   0.3   0.3   0.2   0.3   0.1   0.3   0.2   0.3   0.2   0.2   0.2   0.2   0.2   0.2   0.2   0.1   0.2   0.1   0.3   0.1   0.3   0.1   0.2   0.1   0.2   0.2   0.2   0.1   0.2   0.2   0.2   0.1   0.2   0.2   0.2   0.2   0.1   0.2   0.1   0.1   0.1   0.2   0.1   0.2   0.1   0.2   0.2   0.2   0.1   0.3   0.2   0.2   0.1   0.2   0.2   0.2   0.2   0.2   0.2   0.1   0.2   0.2   0.3   0.1   0.2   0.2   0.3   0.1   0.2   0.1   0.2   0.1   0.2   0.2   0.2   0.1   0.3   0.2   0.2   0.2   0.2   0.2   0.2   0.3   0.2   0.3   0.3 
B: 32.1 35.9 31.0 37.3 34.4 37.8 33.9 38.1 35.1 36.5 34.4 38.3 35.4 37.8 34.2 36.7 40.3 38.0 37.3 37.7 34.2 36.4 34.7 35.0 39.2 33.8 35.6 34.3 33.9 36.5 33.2 36.0 40.8 34.0 40.1 32.6 38.2 30.4 39.0 36.8 36.4 35.1 37.2 36.6 34.2 38.3 36.3 39.0 33.2 41.0 33.4 37.6 33.0 34.5 32.7 36.5 35.1 38.6 31.1 39.6 34.9 38.7 37.8 36.6 39.7 38.3 34.6 34.0 35.8 33.6 38.2 29.8 36.2 34.0 37.7 37.8 37.2 33.1 36.7 35.2 40.8 34.7 35.6 34.5 33.6 35.3 36.0 36.5 37.6 33.7 37.5 38.1 36.2 34.7 34.5 36.5 32.5 40.4 34.3 34.6 35.7 39.6 32.2 38.3 35.3 35.6 35.9 36.0 33.7 34.7 36.6 38.8 36.8 35.4 38.7 34.7 37.6 32.4 38.3 31.9 36.5 35.2 37.2 34.0 38.9 34.2 37.5 35.5 38.4 34.2 39.4 36.4 34.9 37.1 38.5 34.9 36.8 34.1 35.5 36.5 37.3 37.0 35.0 35.9 33.4 34.4 34.1 38.2 34.9 37.0 32.2 39.1 33.1 37.0 32.7 36.9 34.9 33.2 37.8 36.1 34.7 37.3 39.0 35.3 38.4 32.8 37.8 32.6 40.1 35.3 39.9 32.9 40.3 32.1 39.3 34.6 36.4 36.1 38.4 33.8 36.5 32.6 32.8 33.6 34.3 39.0 33.2 37.4 34.3 39.3 34.5 36.0 33.3 35.9 32.6 37.0 33.7 39.4 33.2 41.7 
Direction:  n n n n n n n n n n n n n n n n n n n n n n n n n n n n n n n n n n n n n n n n n n n n n n n n n n n n n n n n n n n n n n n n n n n n n n n n n n n n n n n n n n n n n n n n n n n n n n n n n n n n n n n n n n n n n n n n n n n n n n n n n n n n n n n n n n n n n n n n n n n n n n n n n n n n n n n n n n n n n n n n n n n n n n n n n n n n n n n n n n n n n n n n n n n n n n n n n n n n n n n n

54.6: Count:   0.2 (  0.1) A:  21.4 [20-34] B:  34.3 [20-73] Phase: 100% 144 (17.9) Direction:  {47 133}
Phase: {0,0,0,0,0,0,0,0,0,0,0,0,0,0,0,0,0,0,0,0,0,0,0,0,0,0,0,0,0,0,0,0,0,0,0,0,0,0,0,0,0,0,0,0,0,0,0,0,0,0,0,0,0,0,0,0,0,0,0,0,0,0,0,0,0,0,0,0,0,0,0,0,0,0,0,0,0,0,0,0,0,0,3,0,0,0,0,2,0,1,1,5,2,4,1,5,0,7,8,9,2,1,14,13,12,14,20,23,31,33,29,33,54,43,59,62,64,83,81,83,104,135,92,115,131,139,114,152,198,184,149,199,161,217,169,222,197,252,257,245,240,235,270,225,191,267,220,210,230,216,207,239,240,238,207,191,186,204,182,155,200,147,166,133,136,130,135,122,77,96,89,82,69,66,75,66,47,41,36,19,32,28,40,31,17,8,9,6,3,17,3,8,7,2,2,0,0,2,0,0,0,2,0,0,0,0,0,0,1,0,0,0,0,0,2,0,0,0,0,0,0,0,0,0,0,0,0,0,0,0,0,0,0,0,0,0,0,0,0,0,0,0,0,0,0,0,0,0,0,0,0,0,0,0,0,0,0,0,0,0,0,0,0,0,0,0,0,0,0,0,0,0,0,0,0,0,0,0,0,0,0,0,0,0,0,0,0,0,0,0,0,0,0,0,0,0,0,0,0,0,0,0,0,0,0,0,0,0,0,0,0,0,0,0,0,0,0,0,0,0,0,0,0,0,0,0,0,0,0,0,0,0,0,0,0,0,0,0,0,0,0,0,0,0,0,0,0,0,0,0,0,0,0,0,0,0,0,0,0,0}
Count:   0.2   0.2   0.2   0.3   0.2   0.2   0.3   0.2   0.2   0.3   0.3   0.3   0.3   0.3   0.3   0.2   0.3   0.2   0.3   0.1   0.3   0.2   0.2   0.1   0.2   0.2   0.2   0.1   0.2   0.2   0.1   0.2   0.2   0.2   0.2   0.2   0.1   0.2   0.2   0.2   0.1   0.2   0.1   0.2   0.1   0.2   0.1   0.3   0.1   0.3   0.1   0.2   0.1   0.2   0.2   0.2   0.2   0.1   0.1   0.3   0.2   0.1   0.1   0.1   0.2   0.2   0.2   0.1   0.3   0.1   0.3   0.1   0.2   0.2   0.2   0.2   0.1   0.2   0.1   0.2   0.1   0.2   0.1   0.2   0.2   0.3   0.1   0.3   0.1   0.2   0.2   0.3   0.2   0.2   0.2   0.3   0.2   0.2   0.2   0.1   0.2   0.2   0.2   0.2   0.1   0.2   0.2   0.2   0.3   0.2   0.3   0.1   0.2   0.2   0.3   0.2   0.2   0.2   0.3   0.2   0.1   0.2   0.1   0.2   0.2   0.2   0.1   0.2   0.1   0.2   0.1   0.3   0.1   0.2   0.2   0.2   0.1   0.3   0.1   0.1   0.2   0.2   0.2   0.1   0.2   0.1   0.2   0.2   0.2   0.2   0.2   0.1   0.2   0.1   0.2   0.1   0.2   0.1   0.2   0.2   0.2   0.1   0.1   0.2   0.2   0.2   0.2   0.2   0.1   0.2   0.2   0.2   0.2   0.3   0.1   0.2   0.1   0.3   0.2   0.2   0.1   0.2   0.1   0.2   0.1   0.1   0.2   0.2   0.1   0.2   0.2   0.2   0.2   0.1   0.2   0.2   0.2   0.2   0.3   0.3 
B: 29.9 33.9 31.6 34.2 31.4 34.3 33.0 34.4 35.2 36.5 33.0 38.0 32.9 36.4 34.5 34.6 34.8 35.9 38.2 33.3 33.9 32.5 33.8 34.3 37.5 32.0 36.4 32.0 37.4 32.6 37.7 33.2 38.0 33.4 34.2 34.2 33.3 28.8 37.1 33.4 40.4 32.9 39.8 36.3 30.2 36.1 31.8 35.3 35.1 38.8 32.9 38.0 33.6 35.5 32.0 36.2 31.7 39.1 32.8 37.5 32.4 35.2 32.2 40.0 37.0 33.1 34.8 32.2 33.7 32.9 32.7 30.6 32.2 31.5 33.8 33.1 35.6 31.6 29.6 31.9 33.2 31.4 35.1 31.6 39.1 33.4 33.1 34.1 31.7 34.2 35.3 36.5 33.5 32.1 31.7 36.5 32.5 36.7 33.4 30.2 34.2 38.7 29.9 37.0 35.0 32.5 33.6 39.7 34.4 35.6 36.4 39.3 34.7 32.8 35.4 31.9 34.2 30.9 36.3 30.8 36.2 32.4 35.4 30.6 38.3 30.6 33.4 33.7 36.1 33.7 33.0 36.7 32.2 32.5 34.0 36.6 34.3 32.6 31.0 34.2 28.0 32.8 31.7 35.9 33.4 34.0 28.8 36.6 32.9 38.4 32.2 38.5 32.9 35.6 34.0 38.0 34.0 36.0 38.0 33.7 36.7 32.7 33.8 33.7 37.3 32.8 35.9 33.2 33.7 32.9 36.0 32.5 38.0 32.8 35.0 33.3 33.7 35.4 33.7 33.3 35.6 34.5 31.7 32.2 35.3 33.7 30.8 35.5 32.3 34.6 30.6 33.7 33.0 31.9 30.8 34.4 31.9 37.7 33.4 38.8 
Direction:  n n n n n n n n n n n n n n n n n n n n n n n n n n n n n n n n n n n n n n n n n n n n n n n n n n n n n n n n n n n n n n n n n n n n n n n n n n n n n n n n n n n n n n n n n n n n n n n n n n n n n n n n n n n n n n n n n n n n n n n n n n n n n n n n n n n n n n n n n n n n n n n n n n n n n n n n n n n n n n n n n n n n n n n n n n n n n n n n n n n n n n n n n n n n n n n n n n n n n n n n

54.7: Count:   0.2 (  0.1) A:  21.3 [20-33] B:  32.5 [20-71] Phase: 100% 143 (18.6) Direction:  {46 134}
Phase: {0,0,0,0,0,0,0,0,0,0,0,0,0,0,0,0,0,0,0,0,0,0,0,0,0,0,0,0,0,0,0,0,0,0,0,0,0,0,0,0,0,0,0,0,0,0,0,0,0,0,0,0,0,0,0,0,0,0,0,0,0,0,0,0,0,0,0,0,1,0,0,1,0,0,0,3,0,0,0,0,0,0,0,0,1,3,2,0,0,3,3,3,7,4,5,5,5,3,10,7,10,8,21,26,28,22,40,23,25,38,58,31,36,50,69,89,70,94,93,115,106,124,118,111,134,150,182,154,173,194,175,205,193,212,202,259,176,195,229,245,198,245,230,210,228,200,207,197,237,195,180,201,194,247,162,191,181,186,157,123,180,167,159,140,119,110,114,107,69,73,82,74,73,76,64,56,64,60,44,50,37,24,27,24,12,13,24,7,16,9,9,11,3,4,1,4,2,2,2,0,1,1,1,0,0,4,0,0,0,1,0,0,0,0,0,0,1,0,0,0,0,0,0,0,0,0,0,0,0,0,0,0,0,0,0,0,0,0,0,0,0,0,0,0,0,0,0,0,0,0,0,0,0,0,0,0,0,0,0,0,0,0,0,0,0,0,0,0,0,0,0,0,0,0,0,0,0,0,0,0,0,0,0,0,0,0,0,0,0,0,0,0,0,0,0,0,0,0,0,0,0,0,0,0,0,0,0,0,0,0,0,0,0,0,0,0,0,0,0,0,0,0,0,0,0,0,0,0,0,0,0,0,0,0,0,0,0,0,0,0,0,0,0,0,0,0,0,0,0,0,0,0,0,0,0,0,0,0,0,0}
Count:   0.2   0.2   0.3   0.3   0.3   0.2   0.3   0.1   0.2   0.3   0.3   0.2   0.3   0.3   0.2   0.2   0.3   0.3   0.3   0.2   0.3   0.3   0.2   0.1   0.2   0.2   0.1   0.1   0.3   0.2   0.1   0.2   0.1   0.2   0.1   0.2   0.1   0.3   0.2   0.2   0.1   0.2   0.1   0.3   0.1   0.2   0.1   0.2   0.2   0.2   0.2   0.1   0.1   0.2   0.2   0.1   0.3   0.2   0.3   0.2   0.2   0.2   0.2   0.1   0.2   0.1   0.2   0.1   0.2   0.2   0.2   0.1   0.1   0.1   0.1   0.2   0.2   0.1   0.1   0.2   0.1   0.2   0.2   0.3   0.2   0.2   0.1   0.3   0.1   0.2   0.2   0.2   0.2   0.2   0.2   0.3   0.1   0.2   0.1   0.2   0.2   0.1   0.2   0.2   0.2   0.2   0.2   0.1   0.2   0.1   0.3   0.1   0.2   0.1   0.2   0.1   0.2   0.2   0.1   0.2   0.2   0.2   0.2   0.2   0.1   0.2   0.1   0.2   0.2   0.2   0.1   0.3   0.1   0.3   0.2   0.3   0.1   0.2   0.2   0.1   0.2   0.2   0.2   0.1   0.2   0.1   0.2   0.1   0.2   0.1   0.2   0.1   0.2   0.2   0.2   0.1   0.2   0.1   0.2   0.1   0.2   0.2   0.2   0.3   0.1   0.2   0.2   0.2   0.2   0.2   0.1   0.2   0.1   0.3   0.1   0.2   0.1   0.2   0.2   0.2   0.1   0.2   0.1   0.2   0.2   0.2   0.2   0.2   0.2   0.1   0.3   0.1   0.2   0.1   0.2   0.2   0.3   0.2   0.3   0.1 
B: 33.0 34.1 32.3 30.0 30.1 29.4 31.5 30.5 32.3 38.2 30.6 35.8 29.9 33.3 33.7 31.8 32.0 36.3 34.9 28.5 31.6 32.5 32.2 30.8 34.2 29.1 31.2 36.3 32.8 31.3 32.8 32.5 32.7 31.1 34.2 31.4 35.1 29.4 35.8 32.4 32.3 31.1 36.8 33.4 34.0 33.6 32.9 33.5 31.6 37.2 30.4 33.8 33.8 36.4 31.4 36.9 30.8 33.8 32.9 35.6 29.5 31.6 30.8 35.1 32.8 33.8 34.2 31.2 30.5 34.1 30.2 30.7 30.8 28.0 31.8 29.6 34.8 33.8 33.2 32.0 34.9 32.3 32.9 30.3 34.9 32.8 32.2 34.5 33.8 31.3 32.3 33.7 35.1 34.6 33.2 38.1 29.8 32.8 31.6 34.8 32.4 38.2 30.3 31.1 29.8 37.2 32.0 32.3 30.4 34.7 33.7 31.9 35.6 33.7 36.7 30.3 30.6 33.8 36.8 30.9 34.0 32.0 40.1 32.2 32.7 30.8 33.4 33.4 32.0 31.1 31.0 32.1 31.0 34.8 33.5 31.6 28.8 34.0 32.0 30.2 31.6 33.1 32.1 32.3 30.5 31.3 33.1 29.0 32.3 32.1 29.2 38.1 32.5 31.2 30.4 34.6 30.6 31.1 35.8 34.0 30.8 28.4 31.9 31.6 35.0 30.9 35.4 30.8 37.8 32.2 29.8 31.2 34.7 30.7 34.3 30.2 32.5 31.1 31.1 34.7 32.1 27.7 29.0 32.0 30.6 31.5 32.6 31.5 32.6 31.4 31.8 30.4 29.8 31.7 32.5 33.1 32.2 33.7 31.5 27.3 
Direction:  n n n n n n n n n n n n n n n n n n n n n n n n n n n n n n n n n n n n n n n n n n n n n n n n n n n n n n n n n n n n n n n n n n n n n n n n n n n n n n n n n n n n n n n n n n n n n n n n n n n n n n n n n n n n n n n n n n n n n n n n n n n n n n n n n n n n n n n n n n n n n n n n n n n n n n n n n n n n n n n n n n n n n n n n n n n n n n n n n n n n n n n n n n n n n n n n n n n n n n n n

54.8: Count:   0.1 (  0.1) A:  21.2 [20-31] B:  31.1 [20-69] Phase: 100% 143 (17.9) Direction:  {46 134}
Phase: {0,0,0,0,0,0,0,0,0,0,0,0,0,0,0,0,0,0,0,0,0,0,0,0,0,0,0,0,0,0,0,0,0,0,0,0,0,0,0,0,0,0,0,0,0,0,0,0,0,0,0,0,0,0,0,0,0,0,0,0,0,0,0,0,0,0,0,0,0,0,0,0,0,0,0,0,0,0,0,0,0,4,1,1,1,0,0,0,3,1,1,3,4,3,0,4,4,5,8,17,15,11,6,13,19,20,42,33,45,41,46,49,61,52,43,72,58,79,70,75,115,93,104,119,105,119,137,131,134,149,144,165,163,182,129,161,148,160,141,195,134,223,166,193,158,182,147,172,182,140,168,170,153,173,137,137,119,147,136,111,111,98,115,106,83,116,107,95,78,55,75,78,69,62,60,40,48,47,25,31,44,35,31,22,11,29,13,16,12,15,9,7,8,5,5,4,8,4,3,1,0,0,2,2,0,0,0,0,2,1,0,0,0,0,0,0,0,0,0,0,0,0,0,0,0,0,0,0,0,0,0,0,0,0,0,0,0,0,0,0,0,0,0,0,0,0,0,0,0,0,0,0,0,0,0,0,0,0,0,0,0,0,0,0,0,0,0,0,0,0,0,0,0,0,0,0,0,0,0,0,0,0,0,0,0,0,0,0,0,0,0,0,0,0,0,0,0,0,0,0,0,0,0,0,0,0,0,0,0,0,0,0,0,0,0,0,0,0,0,0,0,0,0,0,0,0,0,0,0,0,0,0,0,0,0,0,0,0,0,0,0,0,0,0,0,0,0,0,0,0,0,0,0,0,0,0,0,0,0,0}
Count:   0.2   0.2   0.2   0.2   0.3   0.1   0.2   0.1   0.2   0.2   0.3   0.1   0.2   0.2   0.2   0.1   0.3   0.2   0.2   0.1   0.3   0.2   0.2   0.1   0.2   0.2   0.1   0.1   0.1   0.2   0.1   0.2   0.1   0.2   0.2   0.2   0.1   0.2   0.1   0.2   0.1   0.1   0.1   0.2   0.1   0.1   0.1   0.2   0.1   0.1   0.1   0.2   0.1   0.2   0.1   0.1   0.2   0.1   0.1   0.2   0.2   0.1   0.2   0.1   0.1   0.1   0.1   0.1   0.1   0.1   0.2   0.1   0.1   0.1   0.1   0.2   0.1   0.1   0.2   0.3   0.1   0.1   0.1   0.3   0.1   0.2   0.1   0.2   0.1   0.2   0.1   0.2   0.1   0.1   0.1   0.2   0.2   0.1   0.1   0.2   0.1   0.1   0.2   0.1   0.2   0.1   0.2   0.2   0.1   0.1   0.2   0.1   0.1   0.1   0.2   0.1   0.2   0.1   0.1   0.1   0.2   0.1   0.1   0.2   0.1   0.1   0.1   0.2   0.1   0.2   0.1   0.2   0.2   0.2   0.1   0.2   0.1   0.1   0.1   0.1   0.1   0.2   0.2   0.1   0.1   0.1   0.1   0.1   0.1   0.1   0.2   0.1   0.1   0.1   0.1   0.1   0.2   0.1   0.2   0.1   0.2   0.1   0.1   0.2   0.1   0.1   0.1   0.2   0.1   0.1   0.1   0.2   0.1   0.2   0.2   0.3   0.1   0.2   0.2   0.1   0.1   0.2   0.1   0.2   0.2   0.1   0.2   0.1   0.2   0.1   0.2   0.2   0.2   0.1   0.3   0.1   0.3   0.1   0.3   0.1 
Direction:  n n n n n n n n n n n n n n n n n n n n n n n n n n n n n n n n n n n n n n n n n n n n n n n n n n n n n n n n n n n n n n n n n n n n n n n n n n n n n n n n n n n n n n n n n n n n n n n n n n n n n n n n n n n n n n n n n n n n n n n n n n n n n n n n n n n n n n n n n n n n n n n n n n n n n n n n n n n n n n n n n n n n n n n n n n n n n n n n n n n n n n n n n n n n n n n n n n n n n n n n

54.9: Count:   0.1 (  0.0) A:  21.0 [20-33] B:  32.0 [20-70] Phase: 100% 143 (17.4) Direction:  {46 134}
Phase: {0,0,0,0,0,0,0,0,0,0,0,0,0,0,0,0,0,0,0,0,0,0,0,0,0,0,0,0,0,0,0,0,0,0,0,0,0,0,0,0,0,0,0,0,0,0,0,0,0,0,0,0,0,0,0,0,0,0,0,0,0,0,0,0,0,0,0,0,0,0,3,0,0,0,0,0,0,0,0,0,0,0,0,0,0,0,0,0,0,2,1,4,1,0,1,1,1,0,1,4,1,12,4,7,11,13,18,13,7,17,19,15,20,25,29,18,21,31,25,29,40,52,46,47,51,54,42,51,61,104,68,85,101,115,98,79,74,89,93,90,92,118,82,91,103,92,99,80,95,72,93,102,101,95,72,77,91,65,58,71,64,63,60,43,38,45,36,34,24,24,32,18,25,16,23,21,9,15,13,13,19,3,4,4,3,6,3,5,2,3,1,2,2,0,0,0,0,1,1,0,2,0,0,0,0,0,0,0,0,0,0,0,0,0,0,0,0,0,0,0,0,0,0,0,0,0,0,0,0,0,0,0,0,0,0,0,0,0,0,0,0,0,0,0,0,0,0,0,0,0,0,0,0,0,0,0,0,0,0,0,0,0,0,0,0,0,0,0,0,0,0,0,0,0,0,0,0,0,0,0,0,0,0,0,0,0,0,0,0,0,0,0,0,0,0,0,0,0,0,0,0,0,0,0,0,0,0,0,0,0,0,0,0,0,0,0,0,0,0,0,0,0,0,0,0,0,0,0,0,0,0,0,0,0,0,0,0,0,0,0,0,0,0,0,0,0,0,0,0,0,0,0,0,0,0,0,0,0,0,0}
Count:   0.1   0.1   0.1   0.1   0.1   0.1   0.2   0.1   0.1   0.1   0.1   0.1   0.1   0.1   0.1   0.1   0.1   0.1   0.1   0.1   0.2   0.1   0.1   0.0   0.1   0.1   0.0   0.1   0.0   0.1   0.0   0.1   0.0   0.1   0.1   0.1   0.1   0.1   0.1   0.1   0.0   0.1   0.1   0.1   0.0   0.1   0.1   0.1   0.1   0.1   0.0   0.0   0.1   0.1   0.1   0.1   0.1   0.0   0.1   0.1   0.1   0.0   0.1   0.0   0.1   0.1   0.0   0.0   0.1   0.1   0.1   0.0   0.0   0.1   0.1   0.1   0.0   0.0   0.1   0.1   0.0   0.1   0.1   0.1   0.0   0.1   0.1   0.1   0.1   0.1   0.0   0.0   0.0   0.0   0.1   0.1   0.1   0.0   0.1   0.1   0.1   0.1   0.1   0.1   0.1   0.1   0.1   0.1   0.1   0.1   0.1   0.1   0.1   0.1   0.1   0.1   0.1   0.1   0.1   0.1   0.1   0.0   0.1   0.1   0.1   0.1   0.0   0.1   0.1   0.1   0.1   0.1   0.1   0.1   0.1   0.1   0.1   0.0   0.1   0.1   0.1   0.0   0.1   0.0   0.1   0.1   0.0   0.0   0.0   0.1   0.1   0.1   0.1   0.0   0.0   0.1   0.1   0.1   0.1   0.0   0.0   0.1   0.1   0.1   0.1   0.1   0.1   0.1   0.0   0.0   0.0   0.1   0.1   0.1   0.1   0.1   0.0   0.1   0.1   0.0   0.0   0.1   0.0   0.1   0.1   0.1   0.1   0.1   0.1   0.1   0.1   0.1   0.1   0.1   0.1   0.1   0.2   0.1   0.1   0.0 
B: 30.5 32.4 29.6 33.7 32.2 29.2 30.2 29.5 31.9 35.8 32.0 29.5 31.7 33.6 34.0 38.7 32.4 33.2 34.9 32.1 31.9 34.4 34.0 30.6 30.5 30.5 28.0 32.9 29.5 29.8 32.4 31.6 29.7 32.0 33.6 32.0 29.8 31.0 32.6 29.4 36.0 30.4 30.9 30.1 39.1 29.6 27.6 35.3 27.0 36.8 25.8 34.7 28.7 34.2 30.2 37.0 28.4 34.7 32.0 34.5 32.0 28.8 32.6 32.3 35.5 29.6 38.0 33.3 33.2 31.0 32.4 27.1 31.0 30.4 31.6 33.4 35.3 30.6 30.5 33.1 31.0 30.8 32.0 34.6 32.6 28.8 31.5 32.0 28.9 32.6 32.1 32.1 29.7 32.0 30.1 36.3 28.4 33.5 34.4 33.6 31.6 33.6 31.6 36.8 30.4 30.4 30.0 34.4 30.7 37.5 37.2 32.4 37.8 26.1 35.0 31.6 29.3 36.0 31.7 33.4 33.2 31.7 35.5 31.7 35.7 26.5 32.7 30.5 32.7 33.4 33.2 28.9 27.9 29.5 35.5 32.4 29.6 34.4 30.9 28.6 29.2 29.9 35.5 27.3 30.4 33.0 30.6 38.1 34.3 32.1 33.5 27.6 31.7 39.9 35.2 34.0 31.2 32.4 36.5 32.0 31.1 28.0 32.0 28.8 32.5 33.3 36.8 32.6 39.0 28.3 32.8 31.2 29.0 30.6 32.1 31.1 37.8 32.5 32.9 30.2 33.8 31.8 30.5 32.3 28.7 34.5 29.3 32.8 29.6 31.3 29.9 31.6 31.5 31.9 31.9 34.3 29.3 33.6 29.0 29.4 
Direction:  n n n n n n n n n n n n n n n n n n n n n n n n n n n n n n n n n n n n n n n n n n n n n n n n n n n n n n n n n n n n n n n n n n n n n n n n n n n n n n n n n n n n n n n n n n n n n n n n n n n n n n n n n n n n n n n n n n n n n n n n n n n n n n n n n n n n n n n n n n n n n n n n n n n n n n n n n n n n n n n n n n n n n n n n n n n n n n n n n n n n n n n n n n n n n n n n n n n n n n n n

55.0: Count:   0.0 (  0.0) A:  20.8 [20-29] B:  33.7 [20-65] Phase: 100% 143 (12.0) Direction:  {46 134}
Phase: {0,0,0,0,0,0,0,0,0,0,0,0,0,0,0,0,0,0,0,0,0,0,0,0,0,0,0,0,0,0,0,0,0,0,0,0,0,0,0,0,0,0,0,0,0,0,0,0,0,0,0,0,0,0,0,0,0,0,0,0,0,0,0,0,0,0,0,0,0,0,0,0,0,0,0,0,0,0,0,0,0,0,0,0,0,0,0,0,0,0,0,0,0,0,0,0,0,0,0,0,0,3,0,1,1,1,2,1,6,1,4,3,2,3,7,3,12,12,10,20,10,11,24,19,12,32,26,33,19,42,30,45,35,43,43,42,38,40,45,69,40,67,52,66,42,55,47,43,42,45,39,61,48,50,38,37,36,30,29,23,27,16,12,6,29,20,19,10,3,10,5,5,3,6,5,7,2,6,1,2,0,0,3,0,0,0,0,0,0,0,0,0,0,0,0,0,0,0,0,0,0,0,0,0,0,0,0,0,0,0,0,0,0,0,0,0,0,0,0,0,0,0,0,0,0,0,0,0,0,0,0,0,0,0,0,0,0,0,0,0,0,0,0,0,0,0,0,0,0,0,0,0,0,0,0,0,0,0,0,0,0,0,0,0,0,0,0,0,0,0,0,0,0,0,0,0,0,0,0,0,0,0,0,0,0,0,0,0,0,0,0,0,0,0,0,0,0,0,0,0,0,0,0,0,0,0,0,0,0,0,0,0,0,0,0,0,0,0,0,0,0,0,0,0,0,0,0,0,0,0,0,0,0,0,0,0,0,0,0,0,0,0,0,0,0,0,0,0,0,0,0,0,0,0,0,0,0,0,0,0}
B: 30.6 33.5 36.1 28.8 34.7 34.0 31.0 36.9 33.6 32.9 35.6 35.8 31.5 38.0 34.3 36.8 36.9 36.9 34.3 36.8 32.0 30.2 43.2 32.3 33.7 38.1 33.8 38.4 33.8 28.6 28.4 34.3 30.6 31.4 37.0 28.1 42.0 26.9 34.0 38.3 31.8 40.0 38.6 31.6 36.7 36.8 33.0 33.3 33.8 35.8 35.7 42.2 29.3 34.1 35.0 31.2 37.3 37.8 38.7 38.2 37.4 34.0 34.8 30.7 27.2 29.0 36.5 33.2 33.7 39.0 39.2 27.0 31.6 35.8 36.0 31.8 42.5 29.2 32.1 32.6 40.5 37.6 26.8 32.6 32.3 34.1 37.2 29.9 38.4 32.6 34.1 30.7 35.2 30.9 32.8 31.9 38.0 36.8 27.5 32.1 41.1 34.1 35.0 41.5 32.0 30.6 24.0 34.0 33.7 37.2 31.8 31.1 34.7 29.8 32.3 31.2 34.9 36.6 32.2 34.2 28.6 32.5 33.3 35.8 35.8 31.7 34.6 31.3 33.1 33.3 36.0 30.0 32.0 32.0 28.6 32.3 41.2 35.7 34.7 32.7 30.4 27.0 31.6 34.2 27.5 32.0 28.0 33.5 28.5 30.5 32.5 34.0 38.1 30.1 29.7 36.2 32.7 33.5 31.6 39.5 34.6 32.2 32.4 29.4 31.3 28.7 33.5 35.1 30.7 24.0 29.3 27.0 40.6 35.5 34.9 34.0 37.6 37.0 29.6 34.0 34.0 33.4 36.5 35.5 34.3 38.0 27.8 36.5 39.8 36.1 36.8 31.5 34.5 39.5 29.4 29.2 34.4 31.0 32.0 34.6 
Direction:  n n n n n n n n n n n n n n n n n n n n n n n n n n n n n n n n n n n n n n n n n n n n n n n n n n n n n n n n n n n n n n n n n n n n n n n n n n n n n n n n n n n n n n n n n n n n n n n n n n n n n n n n n n n n n n n n n n n n n n n n n n n n n n n n n n n n n n n n n n n n n n n n n n n n n n n n n n n n n n n n n n n n n n n n n n n n n n n n n n n n n n n n n n n n n n n n n n n n n n n n

55.1: Count:   0.0 (  0.0) A:  21.0 [20-30] B:  31.5 [20-60] Phase: 100% 140 (15.3) Direction:  {45 135}
Phase: {0,0,0,0,0,0,0,0,0,0,0,0,0,0,0,0,0,0,0,0,0,0,0,0,0,0,0,0,0,0,0,0,0,0,0,0,0,0,0,0,0,0,0,0,0,0,0,0,0,0,0,0,0,0,0,0,0,0,0,0,0,0,0,0,0,0,0,0,0,0,0,0,0,0,0,0,0,0,0,0,0,0,0,0,2,0,0,0,1,0,0,2,0,0,0,1,0,0,0,0,0,1,3,4,4,4,4,6,11,10,8,16,13,9,19,20,18,24,35,29,26,43,47,44,34,44,63,49,61,51,50,53,72,56,58,64,62,63,67,79,65,64,90,64,58,54,51,57,55,61,40,76,59,39,26,46,46,35,29,33,27,30,31,24,34,22,22,22,29,18,20,24,18,11,13,7,6,13,8,5,1,4,5,1,13,1,0,0,0,0,0,0,0,2,0,0,0,1,1,0,0,2,0,0,0,0,0,0,0,0,0,0,0,0,0,0,0,0,0,0,0,0,0,0,0,0,0,0,0,0,0,0,0,0,0,0,0,0,0,0,0,0,0,0,0,0,0,0,0,0,0,0,0,0,0,0,0,0,0,0,0,0,0,0,0,0,0,0,0,0,0,0,0,0,0,0,0,0,0,0,0,0,0,0,0,0,0,0,0,0,0,0,0,0,0,0,0,0,0,0,0,0,0,0,0,0,0,0,0,0,0,0,0,0,0,0,0,0,0,0,0,0,0,0,0,0,0,0,0,0,0,0,0,0,0,0,0,0,0,0,0,0,0,0,0,0,0,0,0,0,0,0,0,0,0,0,0,0,0,0}
Count:   0.0   0.1   0.1   0.0   0.1   0.1   0.1   0.1   0.1   0.0   0.1   0.1   0.1   0.1   0.1   0.1   0.1   0.1   0.1   0.1   0.1   0.1   0.0   0.0   0.0   0.0   0.0   0.0   0.1   0.1   0.0   0.0   0.0   0.0   0.0   0.0   0.0   0.0   0.0   0.1   0.1   0.0   0.0   0.0   0.0   0.1   0.0   0.0   0.1   0.0   0.1   0.0   0.0   0.1   0.0   0.0   0.0   0.1   0.0   0.0   0.0   0.0   0.1   0.0   0.0   0.0   0.1   0.1   0.0   0.0   0.0   0.0   0.0   0.0   0.1   0.1   0.1   0.1   0.0   0.0   0.0   0.0   0.0   0.1   0.1   0.0   0.0   0.0   0.0   0.1   0.0   0.0   0.0   0.1   0.0   0.1   0.0   0.0   0.1   0.0   0.0   0.0   0.1   0.0   0.0   0.1   0.1   0.0   0.0   0.0   0.0   0.0   0.0   0.1   0.1   0.0   0.0   0.1   0.0   0.1   0.0   0.1   0.1   0.1   0.0   0.0   0.0   0.0   0.0   0.0   0.1   0.0   0.0   0.0   0.0   0.1   0.0   0.0   0.0   0.0   0.1   0.1   0.1   0.0   0.0   0.0   0.1   0.0   0.1   0.0   0.0   0.1   0.1   0.1   0.0   0.0   0.0   0.1   0.0   0.1   0.1   0.1   0.1   0.0   0.0   0.0   0.0   0.1   0.1   0.1   0.0   0.0   0.0   0.1   0.0   0.0   0.1   0.1   0.0   0.1   0.0   0.0   0.0   0.1   0.0   0.1   0.0   0.1   0.0   0.0   0.1   0.0   0.0   0.0   0.1   0.1   0.1   0.0   0.1   0.1 
B: 29.4 34.7 35.7 27.7 31.7 32.4 31.7 31.6 31.7 27.2 30.4 28.2 32.3 29.1 33.6 27.6 31.3 28.9 36.1 33.4 29.3 30.8 31.1 31.1 34.3 29.1 34.1 37.1 30.7 28.7 27.3 28.2 31.8 30.7 32.3 29.5 30.8 35.5 36.5 32.4 30.1 33.8 31.4 31.2 32.4 34.7 31.0 35.7 30.9 33.8 30.2 32.1 32.0 32.3 27.4 26.5 31.5 32.9 30.8 31.0 37.0 32.0 34.5 29.5 29.6 31.0 31.3 31.1 37.6 25.2 24.0 31.5 31.6 29.8 31.8 29.4 34.4 28.0 36.0 27.8 36.8 32.8 31.1 34.4 36.8 28.8 29.4 29.6 38.7 31.2 30.0 27.8 39.1 30.9 29.8 28.0 28.0 29.0 33.1 25.7 30.1 26.6 35.5 34.6 32.3 34.4 29.1 35.5 33.6 33.5 30.9 38.7 27.0 34.1 29.7 34.6 31.8 32.2 33.1 34.3 27.4 30.4 31.6 29.0 31.1 32.0 30.2 35.5 30.6 35.2 35.4 27.6 26.5 31.4 33.4 30.9 35.2 26.1 34.0 37.9 30.4 31.0 31.3 33.6 30.8 30.2 34.4 31.8 32.0 29.7 34.6 30.6 32.0 31.4 39.6 29.1 28.5 28.6 35.0 32.7 30.3 31.2 27.3 29.4 37.3 33.0 28.3 32.4 35.0 28.7 26.9 29.6 30.8 28.2 27.6 28.4 32.9 31.1 28.6 27.8 32.6 34.3 30.4 28.4 30.0 31.1 29.7 32.4 26.0 30.3 32.7 35.7 30.9 27.2 30.7 36.0 29.5 35.3 28.9 32.2 
Direction:  n n n n n n n n n n n n n n n n n n n n n n n n n n n n n n n n n n n n n n n n n n n n n n n n n n n n n n n n n n n n n n n n n n n n n n n n n n n n n n n n n n n n n n n n n n n n n n n n n n n n n n n n n n n n n n n n n n n n n n n n n n n n n n n n n n n n n n n n n n n n n n n n n n n n n n n n n n n n n n n n n n n n n n n n n n n n n n n n n n n n n n n n n n n n n n n n n n n n n n n n

55.2: Count:   0.1 (  0.0) A:  21.2 [20-32] B:  30.5 [20-64] Phase: 100% 139 (16.8) Direction:  {44 136}
Phase: {0,0,0,0,0,0,0,0,0,0,0,0,0,0,0,0,0,0,0,0,0,0,0,0,0,0,0,0,0,0,0,0,0,0,0,0,0,0,0,0,0,0,0,0,0,0,0,0,0,0,0,0,0,0,0,0,0,0,0,0,0,0,0,0,0,0,0,0,0,0,0,0,0,0,0,0,0,0,0,0,0,0,1,0,1,0,0,0,0,3,1,0,0,3,2,2,1,7,10,5,12,14,10,16,19,18,37,28,37,30,23,46,48,41,58,63,59,74,73,82,114,65,88,98,71,84,111,135,96,132,133,134,121,150,97,172,129,157,136,146,106,144,140,141,144,133,154,121,102,96,122,95,97,124,93,110,72,78,103,77,62,73,89,66,48,60,41,43,49,47,39,27,27,27,32,36,21,19,18,8,21,14,11,5,7,10,7,7,9,2,6,3,4,0,3,1,4,4,0,0,0,0,0,0,0,2,0,0,0,0,0,0,0,0,0,0,0,0,0,0,0,0,0,0,0,0,0,0,0,0,0,0,0,0,0,0,0,0,0,0,0,0,0,0,0,0,0,0,0,0,0,0,0,0,0,0,0,0,0,0,0,0,0,0,0,0,0,0,0,0,0,0,0,0,0,0,0,0,0,0,0,0,0,0,0,0,0,0,0,0,0,0,0,0,0,0,0,0,0,0,0,0,0,0,0,0,0,0,0,0,0,0,0,0,0,0,0,0,0,0,0,0,0,0,0,0,0,0,0,0,0,0,0,0,0,0,0,0,0,0,0,0,0,0,0,0,0,0,0,0,0,0,0,0,0,0,0,0,0,0}
Count:   0.1   0.1   0.2   0.1   0.3   0.1   0.1   0.1   0.2   0.1   0.2   0.1   0.2   0.2   0.1   0.2   0.2   0.1   0.2   0.1   0.1   0.2   0.1   0.1   0.0   0.1   0.1   0.1   0.1   0.1   0.0   0.1   0.1   0.1   0.1   0.2   0.1   0.1   0.1   0.1   0.1   0.1   0.1   0.1   0.1   0.1   0.1   0.1   0.1   0.1   0.1   0.0   0.1   0.1   0.2   0.1   0.1   0.1   0.2   0.1   0.1   0.1   0.1   0.1   0.1   0.1   0.1   0.1   0.0   0.1   0.1   0.1   0.0   0.1   0.1   0.1   0.1   0.1   0.1   0.2   0.1   0.2   0.1   0.1   0.1   0.1   0.1   0.1   0.2   0.1   0.2   0.1   0.1   0.1   0.1   0.1   0.1   0.1   0.1   0.1   0.1   0.1   0.1   0.1   0.1   0.1   0.1   0.1   0.2   0.1   0.1   0.2   0.1   0.1   0.1   0.1   0.1   0.1   0.1   0.2   0.1   0.2   0.1   0.1   0.1   0.1   0.1   0.1   0.1   0.1   0.1   0.1   0.1   0.1   0.1   0.1   0.1   0.1   0.1   0.1   0.1   0.1   0.1   0.1   0.1   0.1   0.1   0.1   0.2   0.1   0.1   0.1   0.1   0.1   0.1   0.1   0.1   0.1   0.1   0.1   0.1   0.1   0.1   0.2   0.1   0.2   0.1   0.2   0.1   0.1   0.1   0.1   0.0   0.1   0.1   0.1   0.1   0.1   0.2   0.2   0.1   0.1   0.1   0.1   0.1   0.1   0.1   0.1   0.1   0.1   0.1   0.1   0.2   0.1   0.2   0.1   0.2   0.1   0.2   0.2 
B: 33.0 27.9 29.3 28.7 33.4 30.6 30.0 33.2 32.4 32.3 30.5 27.4 32.8 30.0 30.7 30.0 30.8 29.8 30.6 30.2 30.4 29.8 31.1 33.7 29.8 29.9 31.6 26.3 29.7 34.0 29.3 29.1 31.5 31.7 33.9 33.1 32.9 29.8 28.9 31.6 30.0 31.2 31.7 30.7 31.8 34.2 31.4 29.0 30.5 30.2 33.9 27.5 31.9 27.7 31.9 28.5 26.6 28.7 30.7 30.8 30.0 31.9 30.8 30.4 29.5 29.3 32.3 30.1 28.9 32.0 28.4 30.1 29.2 26.3 28.0 30.2 31.6 27.2 28.0 31.0 33.5 34.3 28.1 31.5 28.6 28.6 30.2 32.2 32.3 28.4 30.2 26.8 27.0 28.3 31.2 31.5 29.4 29.1 31.0 28.7 29.4 28.0 35.5 29.0 29.4 32.0 29.8 29.4 31.1 31.2 26.1 32.6 25.3 30.2 29.9 28.0 32.1 32.5 33.2 29.1 27.7 30.9 25.3 29.9 27.5 30.0 29.5 31.2 28.1 31.7 27.9 31.5 28.3 31.4 32.5 33.0 30.5 27.6 30.1 30.1 28.3 33.7 28.0 27.7 29.4 28.8 31.8 28.4 34.3 27.3 33.0 30.5 28.9 33.1 29.7 31.1 27.1 31.0 33.6 30.5 29.8 33.9 27.6 31.8 29.5 29.3 26.2 27.7 28.6 27.8 31.7 36.1 34.5 30.1 30.2 28.5 29.3 31.5 29.5 31.5 28.8 30.3 32.3 28.8 30.9 29.5 35.6 28.7 35.8 29.9 33.8 30.1 30.9 29.6 31.9 29.1 29.3 31.3 29.3 29.6 
Direction:  n n n n n n n n n n n n n n n n n n n n n n n n n n n n n n n n n n n n n n n n n n n n n n n n n n n n n n n n n n n n n n n n n n n n n n n n n n n n n n n n n n n n n n n n n n n n n n n n n n n n n n n n n n n n n n n n n n n n n n n n n n n n n n n n n n n n n n n n n n n n n n n n n n n n n n n n n n n n n n n n n n n n n n n n n n n n n n n n n n n n n n n n n n n n n n n n n n n n n n n n

55.3: Count:   0.2 (  0.1) A:  21.2 [20-33] B:  31.6 [20-78] Phase: 100% 140 (15.8) Direction:  {44 136}
Phase: {0,0,0,0,0,0,0,0,0,0,0,0,0,0,0,0,0,0,0,0,0,0,0,0,0,0,0,0,0,0,0,0,0,0,0,0,0,0,0,0,0,0,0,0,0,0,0,0,0,0,0,0,0,0,0,0,0,0,0,0,0,0,0,0,0,0,0,0,0,0,0,0,0,0,0,0,0,0,0,0,0,0,0,0,0,0,0,0,0,1,0,0,0,0,1,2,1,2,1,2,4,4,4,18,7,11,18,24,26,29,43,31,44,58,75,84,71,128,114,123,119,145,155,149,138,141,206,214,185,211,202,237,210,259,239,242,222,242,221,248,232,305,245,213,230,242,196,228,206,173,212,236,182,220,154,158,144,139,143,133,134,114,145,97,107,103,79,70,67,51,57,34,56,47,49,37,26,40,12,18,28,15,1,11,11,7,9,2,5,1,1,1,0,0,4,0,0,0,0,0,0,0,0,0,0,0,0,0,0,0,0,0,0,0,0,0,0,0,0,0,0,0,0,0,0,0,0,0,0,0,0,0,0,0,0,0,0,0,0,0,0,0,0,0,0,0,0,0,0,0,0,0,0,0,0,0,0,0,0,0,0,0,0,0,0,0,0,0,0,0,0,0,0,0,0,0,0,0,0,0,0,0,0,0,0,0,0,0,0,0,0,0,0,0,0,0,0,0,0,0,0,0,0,0,0,0,0,0,0,0,0,0,0,0,0,0,0,0,0,0,0,0,0,0,0,0,0,0,0,0,0,0,0,0,0,0,0,0,0,0,0,0,0,0,0,0,0,0,0,0,0,0,0,0,0,0,0,0,0,0}
Count:   0.2   0.2   0.2   0.2   0.4   0.1   0.2   0.2   0.3   0.2   0.3   0.1   0.3   0.2   0.3   0.2   0.2   0.2   0.3   0.2   0.2   0.3   0.2   0.2   0.1   0.1   0.2   0.1   0.1   0.1   0.1   0.2   0.1   0.1   0.2   0.2   0.2   0.1   0.1   0.2   0.2   0.2   0.1   0.1   0.2   0.1   0.1   0.1   0.2   0.1   0.3   0.1   0.2   0.2   0.2   0.1   0.1   0.2   0.2   0.1   0.2   0.2   0.2   0.1   0.1   0.2   0.1   0.2   0.1   0.2   0.1   0.1   0.1   0.1   0.1   0.2   0.1   0.2   0.2   0.2   0.1   0.2   0.1   0.1   0.1   0.2   0.2   0.2   0.2   0.2   0.2   0.2   0.3   0.1   0.2   0.2   0.2   0.2   0.2   0.1   0.2   0.1   0.2   0.1   0.1   0.1   0.1   0.1   0.2   0.2   0.1   0.2   0.2   0.2   0.1   0.2   0.1   0.2   0.1   0.2   0.2   0.2   0.1   0.2   0.2   0.3   0.2   0.3   0.2   0.2   0.1   0.1   0.2   0.3   0.2   0.2   0.2   0.2   0.2   0.1   0.2   0.2   0.2   0.2   0.2   0.1   0.1   0.2   0.3   0.1   0.2   0.2   0.2   0.2   0.3   0.2   0.1   0.2   0.2   0.2   0.1   0.2   0.2   0.2   0.1   0.2   0.2   0.2   0.1   0.2   0.1   0.3   0.2   0.2   0.2   0.2   0.1   0.1   0.1   0.2   0.2   0.1   0.2   0.2   0.2   0.1   0.2   0.1   0.2   0.3   0.2   0.1   0.3   0.2   0.3   0.2   0.3   0.3   0.3   0.2 
Direction:  n n n n n n n n n n n n n n n n n n n n n n n n n n n n n n n n n n n n n n n n n n n n n n n n n n n n n n n n n n n n n n n n n n n n n n n n n n n n n n n n n n n n n n n n n n n n n n n n n n n n n n n n n n n n n n n n n n n n n n n n n n n n n n n n n n n n n n n n n n n n n n n n n n n n n n n n n n n n n n n n n n n n n n n n n n n n n n n n n n n n n n n n n n n n n n n n n n n n n n n n

55.4: Count:   0.2 (  0.1) A:  21.3 [20-31] B:  34.2 [20-74] Phase: 100% 141 (15.2) Direction:  {45 135}
Phase: {0,0,0,0,0,0,0,0,0,0,0,0,0,0,0,0,0,0,0,0,0,0,0,0,0,0,0,0,0,0,0,0,0,0,0,0,0,0,0,0,0,0,0,0,0,0,0,0,0,0,0,0,0,0,0,0,0,0,0,0,0,0,0,0,0,0,0,0,0,0,0,0,0,0,0,0,0,0,0,0,0,0,0,0,0,0,2,0,0,0,0,0,0,0,2,1,1,2,2,1,2,1,3,10,3,5,7,16,20,5,41,31,29,42,43,39,50,71,94,114,88,108,135,132,148,152,137,185,185,200,150,224,200,223,186,300,176,244,244,245,190,241,225,275,252,227,206,221,228,240,217,202,181,182,193,147,156,158,156,136,128,116,91,91,95,84,59,63,55,54,55,52,42,41,36,14,15,17,24,19,20,16,5,12,5,3,2,1,6,0,1,1,2,5,0,2,0,0,0,0,0,3,0,0,0,0,0,1,0,0,0,0,0,0,0,0,0,0,0,0,0,0,0,0,0,0,0,0,0,0,0,0,0,0,0,0,0,0,0,0,0,0,0,0,0,0,0,0,0,0,0,0,0,0,0,0,0,0,0,0,0,0,0,0,0,0,0,0,0,0,0,0,0,0,0,0,0,0,0,0,0,0,0,0,0,0,0,0,0,0,0,0,0,0,0,0,0,0,0,0,0,0,0,0,0,0,0,0,0,0,0,0,0,0,0,0,0,0,0,0,0,0,0,0,0,0,0,0,0,0,0,0,0,0,0,0,0,0,0,0,0,0,0,0,0,0,0,0,0,0,0,0,0,0,0,0,0,0,0,0}
Count:   0.2   0.2   0.3   0.2   0.4   0.2   0.2   0.1   0.2   0.2   0.2   0.2   0.3   0.2   0.3   0.2   0.2   0.3   0.2   0.2   0.2   0.2   0.2   0.2   0.1   0.1   0.2   0.2   0.1   0.2   0.1   0.2   0.1   0.1   0.1   0.1   0.1   0.1   0.1   0.2   0.2   0.2   0.2   0.1   0.2   0.1   0.1   0.1   0.2   0.1   0.2   0.1   0.1   0.1   0.2   0.1   0.2   0.1   0.2   0.1   0.2   0.1   0.1   0.2   0.2   0.2   0.1   0.2   0.1   0.1   0.1   0.1   0.1   0.1   0.1   0.2   0.1   0.2   0.1   0.1   0.2   0.2   0.2   0.1   0.2   0.2   0.1   0.2   0.1   0.1   0.2   0.1   0.2   0.1   0.2   0.2   0.1   0.1   0.2   0.1   0.1   0.1   0.1   0.1   0.1   0.1   0.2   0.2   0.2   0.2   0.1   0.3   0.1   0.2   0.1   0.1   0.1   0.2   0.1   0.2   0.1   0.3   0.1   0.3   0.1   0.2   0.2   0.2   0.1   0.2   0.1   0.1   0.2   0.2   0.2   0.2   0.2   0.1   0.2   0.1   0.2   0.1   0.2   0.2   0.2   0.1   0.2   0.2   0.2   0.1   0.2   0.2   0.2   0.2   0.1   0.2   0.1   0.1   0.2   0.2   0.1   0.1   0.1   0.2   0.1   0.2   0.1   0.2   0.1   0.2   0.1   0.2   0.2   0.2   0.2   0.2   0.2   0.1   0.1   0.1   0.1   0.1   0.2   0.1   0.2   0.1   0.2   0.2   0.1   0.1   0.2   0.2   0.2   0.2   0.3   0.2   0.3   0.2   0.3   0.2 
B: 35.8 31.0 34.1 35.3 38.3 32.5 36.1 27.7 33.7 30.6 34.2 33.7 36.2 34.1 34.9 35.9 34.4 36.1 33.8 30.0 34.1 34.7 33.6 37.9 31.7 29.2 37.1 33.9 30.1 35.6 34.0 35.1 27.7 35.2 29.6 34.0 31.5 36.7 35.0 35.7 35.3 34.4 35.5 37.0 32.6 34.3 33.2 32.8 38.7 33.6 35.0 31.4 32.0 31.4 36.1 33.2 34.8 32.1 35.2 33.9 34.9 29.1 35.2 33.3 33.0 36.9 34.3 38.0 31.9 35.9 32.2 35.9 33.7 34.3 31.1 32.2 33.2 35.8 32.5 33.5 31.5 35.4 32.3 33.5 35.8 36.5 33.6 31.9 32.9 33.7 36.0 31.3 35.5 32.3 36.8 36.2 33.2 34.3 34.0 30.8 34.0 32.4 35.6 31.0 38.8 33.8 35.8 33.4 35.6 32.5 32.6 34.5 32.5 34.2 34.2 32.8 30.8 33.8 34.5 33.9 32.4 33.8 31.4 37.1 32.0 32.9 32.6 36.9 30.0 33.9 33.0 35.5 32.5 33.8 29.2 33.5 33.9 34.8 38.0 30.6 34.9 31.9 32.5 33.7 37.3 33.4 32.4 31.9 33.4 32.3 34.5 30.7 32.6 31.6 32.3 37.8 35.9 36.6 32.9 33.8 31.3 34.1 30.8 35.5 31.5 35.6 31.5 37.8 30.8 36.9 32.3 35.8 35.5 34.4 33.8 37.8 32.7 36.5 31.6 35.3 34.2 34.2 37.2 31.8 37.7 34.1 37.7 32.5 31.1 30.3 35.1 34.7 33.5 32.8 34.0 33.0 37.5 35.2 35.3 34.1 
Direction:  n n n n n n n n n n n n n n n n n n n n n n n n n n n n n n n n n n n n n n n n n n n n n n n n n n n n n n n n n n n n n n n n n n n n n n n n n n n n n n n n n n n n n n n n n n n n n n n n n n n n n n n n n n n n n n n n n n n n n n n n n n n n n n n n n n n n n n n n n n n n n n n n n n n n n n n n n n n n n n n n n n n n n n n n n n n n n n n n n n n n n n n n n n n n n n n n n n n n n n n n

55.5: Count:   0.1 (  0.0) A:  21.2 [20-31] B:  38.6 [20-69] Phase: 100% 142 (11.7) Direction:  {45 135}
Phase: {0,0,0,0,0,0,0,0,0,0,0,0,0,0,0,0,0,0,0,0,0,0,0,0,0,0,0,0,0,0,0,0,0,0,0,0,0,0,0,0,0,0,0,0,0,0,0,0,0,0,0,0,0,0,0,0,0,0,0,0,0,0,0,0,0,0,0,0,0,0,0,0,0,0,0,0,0,0,0,0,0,0,0,0,0,0,0,0,0,0,0,0,0,0,0,0,0,0,0,0,0,0,0,0,4,0,0,2,4,2,0,1,2,10,9,6,17,11,14,25,22,32,42,54,57,46,76,79,87,86,110,131,102,150,124,138,153,167,159,161,159,172,166,193,149,157,175,175,149,121,118,116,141,111,105,94,128,80,101,79,58,47,48,44,33,28,24,16,12,18,12,11,14,12,6,3,5,1,0,1,1,1,2,4,0,2,0,0,0,0,0,0,0,0,0,0,0,0,0,0,0,0,0,0,0,0,0,0,0,0,0,0,0,0,0,0,0,0,0,0,0,0,0,0,0,0,0,0,0,0,0,0,0,0,0,0,0,0,0,0,0,0,0,0,0,0,0,0,0,0,0,0,0,0,0,0,0,0,0,0,0,0,0,0,0,0,0,0,0,0,0,0,0,0,0,0,0,0,0,0,0,0,0,0,0,0,0,0,0,0,0,0,0,0,0,0,0,0,0,0,0,0,0,0,0,0,0,0,0,0,0,0,0,0,0,0,0,0,0,0,0,0,0,0,0,0,0,0,0,0,0,0,0,0,0,0,0,0,0,0,0,0,0,0,0,0,0,0,0,0,0,0,0,0,0,0,0,0,0,0}
Count:   0.2   0.1   0.1   0.1   0.2   0.1   0.1   0.1   0.2   0.1   0.1   0.1   0.2   0.1   0.1   0.1   0.2   0.2   0.2   0.2   0.1   0.2   0.1   0.1   0.1   0.1   0.1   0.1   0.1   0.1   0.0   0.1   0.1   0.2   0.1   0.0   0.0   0.1   0.1   0.1   0.1   0.1   0.1   0.0   0.1   0.1   0.1   0.1   0.1   0.0   0.2   0.1   0.0   0.0   0.1   0.0   0.0   0.1   0.1   0.1   0.1   0.0   0.0   0.1   0.1   0.1   0.0   0.1   0.1   0.1   0.0   0.1   0.1   0.0   0.0   0.1   0.1   0.0   0.0   0.1   0.1   0.1   0.1   0.1   0.1   0.1   0.1   0.0   0.0   0.1   0.2   0.1   0.1   0.1   0.2   0.1   0.1   0.1   0.0   0.0   0.1   0.1   0.1   0.0   0.2   0.1   0.1   0.1   0.1   0.1   0.1   0.1   0.1   0.1   0.1   0.1   0.1   0.1   0.1   0.1   0.1   0.1   0.1   0.1   0.1   0.1   0.1   0.1   0.1   0.1   0.2   0.0   0.1   0.0   0.1   0.1   0.1   0.1   0.1   0.1   0.1   0.1   0.1   0.1   0.1   0.1   0.1   0.0   0.1   0.0   0.1   0.1   0.1   0.1   0.1   0.1   0.1   0.1   0.1   0.1   0.1   0.1   0.1   0.2   0.1   0.1   0.0   0.2   0.1   0.1   0.1   0.1   0.1   0.0   0.1   0.0   0.1   0.1   0.2   0.1   0.1   0.0   0.1   0.1   0.1   0.0   0.1   0.1   0.1   0.1   0.1   0.1   0.1   0.1   0.1   0.2   0.1   0.2   0.1   0.1 
B: 42.0 36.0 40.1 36.0 42.4 37.5 38.6 31.8 39.1 35.8 44.5 36.2 40.7 41.9 36.8 36.7 40.2 40.6 39.3 38.7 37.7 37.5 38.0 34.6 34.1 37.1 37.9 39.7 35.2 41.2 40.3 38.4 30.7 41.6 30.4 43.3 36.0 39.9 40.5 41.4 39.0 40.9 31.7 35.8 37.4 39.6 43.9 40.3 41.3 39.3 38.3 33.9 36.3 33.4 40.5 34.0 39.2 31.9 38.5 36.5 38.7 31.2 41.4 35.7 38.2 38.9 38.0 33.8 38.1 38.9 36.1 38.5 34.5 35.2 31.6 39.8 36.3 37.8 34.7 38.4 36.0 40.7 42.9 33.7 38.4 38.4 35.4 38.1 32.7 37.8 37.9 34.8 37.8 35.1 38.1 39.4 39.8 36.8 42.5 33.2 40.5 39.2 41.8 36.3 42.2 41.8 43.3 38.9 38.5 38.1 42.8 40.7 38.8 40.2 36.5 36.9 34.2 38.6 33.6 39.6 35.3 39.6 35.2 40.1 37.7 41.1 42.0 39.5 39.2 41.5 37.5 37.9 37.5 39.5 37.9 36.1 39.0 35.7 40.2 39.0 36.9 37.2 40.2 35.3 36.0 37.0 39.0 39.4 39.2 38.0 40.2 39.7 36.5 37.0 38.0 33.5 37.4 37.8 42.4 42.6 35.0 42.6 36.8 39.4 35.4 42.8 39.7 45.9 38.3 41.8 37.6 38.4 39.3 37.9 38.3 34.3 42.5 37.8 43.9 37.2 41.6 40.1 40.0 38.9 36.6 36.8 39.7 34.9 38.5 36.4 43.3 36.7 40.2 39.9 35.8 35.9 41.1 39.8 37.3 36.0 
Direction:  n n n n n n n n n n n n n n n n n n n n n n n n n n n n n n n n n n n n n n n n n n n n n n n n n n n n n n n n n n n n n n n n n n n n n n n n n n n n n n n n n n n n n n n n n n n n n n n n n n n n n n n n n n n n n n n n n n n n n n n n n n n n n n n n n n n n n n n n n n n n n n n n n n n n n n n n n n n n n n n n n n n n n n n n n n n n n n n n n n n n n n n n n n n n n n n n n n n n n n n n

55.6: Count:   0.1 (  0.0) A:  21.2 [20-30] B:  41.5 [20-71] Phase: 100% 144 (10.7) Direction:  {46 134}
Phase: {0,0,0,0,0,0,0,0,0,0,0,0,0,0,0,0,0,0,0,0,0,0,0,0,0,0,0,0,0,0,0,0,0,0,0,0,0,0,0,0,0,0,0,0,0,0,0,0,0,0,0,0,0,0,0,0,0,0,0,0,0,0,0,0,0,0,0,0,0,0,0,0,0,0,0,0,0,0,0,0,0,0,0,0,0,0,0,0,0,0,0,0,0,0,0,0,0,0,0,0,0,0,0,0,0,0,1,0,0,0,1,0,4,0,5,5,3,5,12,1,7,25,15,16,19,36,50,46,75,52,73,72,74,94,105,145,139,133,135,139,125,134,135,146,151,160,153,135,154,118,155,112,134,124,84,92,97,57,47,33,53,49,47,30,33,22,28,8,13,8,4,5,2,4,0,0,0,0,3,0,0,0,0,1,0,0,0,0,0,0,0,0,0,0,0,0,0,0,0,0,0,0,0,0,0,0,0,0,0,0,0,0,0,0,0,0,0,0,0,0,0,0,0,0,0,0,0,0,0,0,0,0,0,0,0,0,0,0,0,0,0,0,0,0,0,0,0,0,0,0,0,0,0,0,0,0,0,0,0,0,0,0,0,0,0,0,0,0,0,0,0,0,0,0,0,0,0,0,0,0,0,0,0,0,0,0,0,0,0,0,0,0,0,0,0,0,0,0,0,0,0,0,0,0,0,0,0,0,0,0,0,0,0,0,0,0,0,0,0,0,0,0,0,0,0,0,0,0,0,0,0,0,0,0,0,0,0,0,0,0,0,0,0,0,0,0,0,0,0,0,0,0,0,0,0,0,0,0,0,0}
Count:   0.1   0.1   0.2   0.1   0.1   0.1   0.1   0.1   0.2   0.1   0.2   0.1   0.1   0.1   0.1   0.1   0.1   0.1   0.1   0.1   0.1   0.1   0.1   0.1   0.1   0.0   0.0   0.1   0.0   0.1   0.0   0.1   0.0   0.1   0.0   0.0   0.1   0.2   0.0   0.0   0.1   0.1   0.0   0.1   0.1   0.1   0.1   0.0   0.2   0.1   0.1   0.0   0.0   0.0   0.1   0.1   0.0   0.0   0.0   0.1   0.0   0.1   0.0   0.1   0.1   0.1   0.0   0.0   0.0   0.1   0.0   0.1   0.0   0.1   0.0   0.1   0.0   0.1   0.0   0.1   0.1   0.0   0.1   0.1   0.1   0.0   0.0   0.1   0.0   0.1   0.1   0.0   0.0   0.1   0.1   0.1   0.0   0.0   0.0   0.0   0.1   0.1   0.1   0.1   0.1   0.1   0.1   0.0   0.1   0.2   0.1   0.1   0.1   0.1   0.0   0.1   0.0   0.1   0.0   0.1   0.0   0.1   0.0   0.0   0.0   0.1   0.1   0.1   0.1   0.1   0.1   0.1   0.1   0.0   0.1   0.1   0.1   0.1   0.1   0.0   0.1   0.0   0.1   0.1   0.0   0.0   0.0   0.0   0.0   0.1   0.0   0.1   0.1   0.1   0.1   0.1   0.1   0.1   0.1   0.1   0.1   0.0   0.1   0.1   0.1   0.1   0.0   0.1   0.1   0.1   0.1   0.1   0.1   0.1   0.1   0.1   0.1   0.0   0.1   0.0   0.1   0.1   0.1   0.1   0.1   0.0   0.1   0.0   0.1   0.1   0.1   0.0   0.1   0.1   0.1   0.1   0.1   0.1   0.1   0.1 
B: 41.0 39.6 45.5 39.5 43.1 39.1 40.8 36.8 43.6 40.3 46.4 34.9 41.5 40.4 43.4 39.1 42.0 38.4 41.2 45.2 44.1 43.3 40.3 43.3 43.1 40.4 38.8 42.1 41.0 45.0 37.7 40.4 40.2 42.8 37.0 40.9 42.5 41.6 37.7 38.1 42.4 42.8 44.1 40.6 37.7 43.8 41.7 42.4 42.4 45.5 38.2 40.1 43.1 37.3 43.8 36.1 43.0 39.0 38.0 42.5 44.5 42.6 38.0 40.6 41.2 39.6 39.3 42.0 45.7 38.6 44.7 39.3 41.0 43.1 35.8 37.0 41.4 38.9 36.0 46.3 40.0 42.3 38.2 43.9 43.3 39.0 41.1 44.6 36.9 44.4 43.1 39.9 45.3 39.8 40.8 46.0 47.3 41.0 43.8 42.0 47.2 40.4 47.6 37.8 42.8 39.3 41.3 39.3 41.2 44.0 42.2 43.4 38.8 43.1 35.0 42.2 37.3 41.4 36.8 43.4 40.8 44.7 37.8 42.6 40.6 42.9 36.3 43.1 40.8 41.0 40.9 42.4 43.0 35.2 41.1 39.1 43.0 35.5 40.3 37.8 43.6 35.5 45.1 38.3 41.5 30.3 40.6 37.6 41.9 43.6 42.1 44.9 37.1 43.5 38.9 43.0 42.0 42.4 41.5 43.7 35.0 45.2 36.4 42.9 40.2 42.8 36.6 39.9 42.3 44.3 45.1 41.8 38.4 41.9 42.4 42.5 39.2 42.8 41.9 39.0 39.0 40.5 40.6 39.3 40.3 43.0 42.7 39.2 43.1 41.7 41.0 39.8 41.5 43.4 38.1 39.0 43.6 43.0 43.9 43.7 
Direction:  n n n n n n n n n n n n n n n n n n n n n n n n n n n n n n n n n n n n n n n n n n n n n n n n n n n n n n n n n n n n n n n n n n n n n n n n n n n n n n n n n n n n n n n n n n n n n n n n n n n n n n n n n n n n n n n n n n n n n n n n n n n n n n n n n n n n n n n n n n n n n n n n n n n n n n n n n n n n n n n n n n n n n n n n n n n n n n n n n n n n n n n n n n n n n n n n n n n n n n n n

55.7: Count:   0.1 (  0.0) A:  21.2 [20-31] B:  37.6 [20-77] Phase: 100% 142 (13.5) Direction:  {45 135}
Phase: {0,0,0,0,0,0,0,0,0,0,0,0,0,0,0,0,0,0,0,0,0,0,0,0,0,0,0,0,0,0,0,0,0,0,0,0,0,0,0,0,0,0,0,0,0,0,0,0,0,0,0,0,0,0,0,0,0,0,0,0,0,0,0,0,0,0,0,0,0,0,0,0,0,0,0,0,0,0,0,0,0,0,0,0,0,0,0,0,0,0,0,0,0,0,0,0,0,0,1,0,0,0,0,0,3,4,2,5,7,8,3,8,21,21,21,11,22,22,32,36,26,62,43,61,69,79,83,95,109,128,112,106,127,98,107,152,139,157,157,164,176,137,133,171,179,146,154,137,143,160,147,134,144,133,93,124,100,96,89,73,51,43,64,54,40,59,34,30,40,26,21,22,18,24,23,15,8,5,8,1,8,4,1,3,0,3,0,0,0,2,0,0,0,0,0,0,0,0,0,0,0,0,0,0,0,0,0,0,0,0,0,0,0,0,0,0,0,0,0,0,0,0,0,0,0,0,0,0,0,0,0,0,0,0,0,0,0,0,0,0,0,0,0,0,0,0,0,0,0,0,0,0,0,0,0,0,0,0,0,0,0,0,0,0,0,0,0,0,0,0,0,0,0,0,0,0,0,0,0,0,0,0,0,0,0,0,0,0,0,0,0,0,0,0,0,0,0,0,0,0,0,0,0,0,0,0,0,0,0,0,0,0,0,0,0,0,0,0,0,0,0,0,0,0,0,0,0,0,0,0,0,0,0,0,0,0,0,0,0,0,0,0,0,0,0,0,0,0,0,0,0,0,0,0,0,0,0,0,0,0}
Count:   0.1   0.1   0.1   0.1   0.2   0.1   0.1   0.1   0.1   0.1   0.1   0.1   0.2   0.2   0.1   0.2   0.1   0.2   0.2   0.1   0.1   0.1   0.1   0.1   0.0   0.1   0.1   0.2   0.1   0.1   0.1   0.1   0.0   0.1   0.1   0.1   0.1   0.1   0.1   0.0   0.1   0.1   0.1   0.1   0.1   0.1   0.1   0.1   0.1   0.0   0.1   0.1   0.1   0.1   0.1   0.0   0.0   0.1   0.1   0.1   0.1   0.1   0.1   0.1   0.0   0.1   0.1   0.1   0.1   0.1   0.0   0.1   0.1   0.1   0.1   0.1   0.0   0.1   0.1   0.1   0.1   0.0   0.1   0.1   0.1   0.1   0.2   0.1   0.1   0.1   0.2   0.0   0.1   0.1   0.1   0.1   0.1   0.1   0.2   0.1   0.1   0.1   0.1   0.1   0.1   0.1   0.1   0.1   0.1   0.1   0.1   0.1   0.1   0.1   0.1   0.1   0.1   0.1   0.0   0.1   0.0   0.1   0.1   0.1   0.1   0.1   0.1   0.1   0.1   0.1   0.1   0.1   0.1   0.1   0.1   0.1   0.1   0.1   0.1   0.1   0.1   0.1   0.1   0.1   0.1   0.1   0.1   0.2   0.1   0.1   0.1   0.1   0.1   0.1   0.1   0.1   0.1   0.1   0.0   0.1   0.1   0.1   0.1   0.2   0.1   0.1   0.1   0.1   0.1   0.1   0.1   0.1   0.1   0.1   0.2   0.1   0.1   0.0   0.1   0.1   0.1   0.1   0.1   0.1   0.1   0.1   0.1   0.0   0.1   0.1   0.1   0.1   0.1   0.2   0.1   0.1   0.1   0.1   0.1   0.1 
B: 37.3 35.0 39.5 33.1 41.6 35.7 41.0 35.9 38.4 36.1 37.0 35.2 40.9 39.8 36.2 37.6 38.2 39.4 35.9 36.4 32.6 39.1 34.5 41.0 33.5 39.4 37.1 40.4 35.8 44.0 34.0 34.5 29.9 41.6 34.2 40.6 33.7 38.7 40.4 26.6 35.0 42.1 40.0 40.1 37.2 37.2 36.5 37.9 33.2 31.3 37.6 38.2 35.4 30.8 36.5 40.1 34.4 36.6 34.3 41.3 38.0 39.1 38.5 29.4 36.8 36.3 39.8 30.9 38.6 37.8 32.2 39.0 36.9 39.3 35.9 36.3 32.4 36.5 30.1 40.6 35.3 33.4 36.0 38.2 39.6 38.6 41.1 39.6 34.8 43.2 34.9 31.3 35.9 37.0 39.3 43.1 36.9 33.6 39.3 30.5 36.2 36.2 39.4 39.1 41.6 35.8 36.8 38.3 36.7 34.6 37.0 36.2 33.6 40.2 44.4 34.6 34.4 39.2 33.1 43.8 34.3 40.0 34.9 36.0 35.6 39.9 39.9 41.5 36.5 29.5 37.5 42.2 37.2 32.5 36.9 35.4 41.9 35.8 40.0 36.4 39.5 33.9 36.8 34.0 36.3 36.0 37.7 40.1 40.1 36.0 36.8 35.2 37.4 39.8 40.1 38.9 41.5 34.7 38.6 40.8 33.3 41.6 34.4 35.8 34.0 40.1 35.5 37.5 40.1 32.6 31.4 40.7 32.6 40.7 39.8 35.3 38.5 41.5 34.7 34.9 35.3 38.1 41.8 37.3 35.6 35.8 38.0 36.2 34.7 34.8 41.4 34.9 41.2 40.0 33.5 37.7 40.2 34.3 40.0 40.5 
Direction:  n n n n n n n n n n n n n n n n n n n n n n n n n n n n n n n n n n n n n n n n n n n n n n n n n n n n n n n n n n n n n n n n n n n n n n n n n n n n n n n n n n n n n n n n n n n n n n n n n n n n n n n n n n n n n n n n n n n n n n n n n n n n n n n n n n n n n n n n n n n n n n n n n n n n n n n n n n n n n n n n n n n n n n n n n n n n n n n n n n n n n n n n n n n n n n n n n n n n n n n n

55.8: Count:   0.1 (  0.0) A:  21.5 [20-32] B:  33.4 [20-70] Phase: 100% 138 (16.3) Direction:  {43 137}
Phase: {0,0,0,0,0,0,0,0,0,0,0,0,0,0,0,0,0,0,0,0,0,0,0,0,0,0,0,0,0,0,0,0,0,0,0,0,0,0,0,0,0,0,0,0,0,0,0,0,0,0,0,0,0,0,0,0,0,0,0,0,0,0,0,0,0,0,0,0,0,0,0,0,0,0,0,0,0,0,0,0,0,0,0,0,0,2,0,1,1,6,2,0,5,3,4,13,10,9,17,18,20,24,30,31,36,43,46,62,51,40,58,71,76,83,96,89,77,92,109,101,98,104,133,145,120,146,132,157,135,141,135,212,150,162,154,181,195,196,219,209,170,195,171,167,164,173,146,180,157,182,154,167,128,145,125,109,108,97,100,90,83,90,69,81,66,76,60,43,47,53,42,32,29,33,24,38,17,29,11,13,20,16,23,6,12,14,15,7,8,10,5,4,0,7,2,0,3,0,4,2,0,1,2,0,0,0,0,0,0,0,1,0,0,0,0,0,0,0,0,0,0,0,0,0,0,0,0,0,0,0,0,0,0,0,0,0,0,0,0,0,0,0,0,0,0,0,0,0,0,0,0,0,0,0,0,0,0,0,0,0,0,0,0,0,0,0,0,0,0,0,0,0,0,0,0,0,0,0,0,0,0,0,0,0,0,0,0,0,0,0,0,0,0,0,0,0,0,0,0,0,0,0,0,0,0,0,0,0,0,0,0,0,0,0,0,0,0,0,0,0,0,0,0,0,0,0,0,0,0,0,0,0,0,0,0,0,0,0,0,0,0,0,0,0,0,0,0,0,0,0,0,0,0,0,0,0,0,0,0,0}
Count:   0.1   0.1   0.1   0.2   0.2   0.2   0.2   0.2   0.1   0.2   0.2   0.2   0.2   0.1   0.2   0.3   0.1   0.3   0.1   0.1   0.2   0.1   0.2   0.1   0.1   0.2   0.2   0.1   0.2   0.1   0.2   0.1   0.1   0.2   0.1   0.1   0.1   0.1   0.1   0.1   0.2   0.2   0.2   0.1   0.1   0.1   0.1   0.1   0.1   0.1   0.2   0.2   0.1   0.1   0.1   0.1   0.1   0.1   0.1   0.2   0.1   0.1   0.1   0.1   0.1   0.1   0.1   0.1   0.2   0.1   0.1   0.1   0.1   0.1   0.1   0.1   0.1   0.2   0.1   0.1   0.2   0.1   0.1   0.1   0.1   0.1   0.1   0.1   0.1   0.1   0.1   0.2   0.1   0.2   0.2   0.1   0.1   0.1   0.1   0.1   0.1   0.2   0.1   0.1   0.1   0.2   0.1   0.2   0.1   0.2   0.1   0.1   0.1   0.1   0.2   0.2   0.1   0.2   0.1   0.1   0.1   0.1   0.2   0.2   0.2   0.1   0.2   0.1   0.1   0.1   0.2   0.2   0.2   0.1   0.1   0.1   0.1   0.1   0.2   0.2   0.1   0.1   0.1   0.2   0.1   0.2   0.2   0.2   0.1   0.2   0.2   0.1   0.1   0.1   0.1   0.1   0.2   0.1   0.1   0.1   0.2   0.1   0.2   0.1   0.1   0.1   0.1   0.2   0.2   0.2   0.2   0.2   0.1   0.1   0.2   0.2   0.1   0.2   0.2   0.1   0.1   0.2   0.2   0.1   0.2   0.1   0.1   0.2   0.1   0.2   0.2   0.2   0.2   0.2   0.2   0.2   0.2   0.2   0.2   0.2 
B: 31.8 33.6 32.8 34.5 36.9 33.7 37.6 31.7 32.0 29.7 33.3 34.2 33.7 32.2 34.2 34.8 29.5 38.6 32.7 33.5 32.0 31.4 28.9 32.0 31.1 32.4 30.5 30.0 34.8 38.4 34.2 34.9 33.8 31.7 32.7 33.2 27.7 31.1 33.5 30.9 32.1 35.7 35.3 35.7 27.9 28.9 31.2 30.2 29.6 36.9 35.0 33.3 32.1 34.1 36.2 32.1 30.6 32.6 34.6 33.9 34.5 33.6 28.0 34.1 27.7 31.9 30.9 31.3 32.3 40.2 31.3 36.4 33.1 33.7 34.6 29.1 32.0 35.0 33.3 34.3 33.7 31.6 29.6 32.6 33.1 32.3 34.4 36.4 32.4 31.1 30.6 31.6 30.0 32.0 33.4 37.8 35.5 32.1 29.5 37.6 33.3 32.3 30.0 29.4 31.1 29.3 31.7 32.7 34.1 31.8 34.0 34.1 34.4 29.3 36.2 33.6 30.4 34.1 32.0 30.5 32.6 28.2 36.0 33.7 32.6 35.8 30.8 36.1 33.0 34.0 32.9 32.3 31.6 29.7 28.6 37.2 33.1 35.0 37.6 33.8 31.2 33.7 31.9 33.4 33.4 32.4 33.4 35.7 34.2 36.2 35.7 39.1 36.0 34.1 35.2 30.5 36.7 32.7 30.1 34.8 31.7 34.7 36.1 31.9 32.9 32.8 29.0 31.8 33.3 35.2 32.2 31.6 35.3 33.7 29.8 33.6 31.4 32.5 33.8 34.2 33.8 30.0 35.9 31.4 35.6 29.7 33.3 33.5 33.3 36.6 36.5 35.6 38.5 37.6 29.0 37.5 35.7 31.8 35.7 35.6 
Direction:  n n n n n n n n n n n n n n n n n n n n n n n n n n n n n n n n n n n n n n n n n n n n n n n n n n n n n n n n n n n n n n n n n n n n n n n n n n n n n n n n n n n n n n n n n n n n n n n n n n n n n n n n n n n n n n n n n n n n n n n n n n n n n n n n n n n n n n n n n n n n n n n n n n n n n n n n n n n n n n n n n n n n n n n n n n n n n n n n n n n n n n n n n n n n n n n n n n n n n n n n

55.9: Count:   0.2 (  0.0) A:  21.5 [20-32] B:  30.3 [20-75] Phase: 100% 132 (21.7) Direction:  {41 139}
Phase: {0,0,0,0,0,0,0,0,0,0,0,0,0,0,0,0,0,0,0,0,0,0,0,0,0,0,0,0,0,0,0,0,0,0,0,0,0,0,0,0,0,0,0,0,0,0,0,0,0,0,0,0,0,0,0,0,0,0,0,0,0,0,0,0,0,0,0,0,0,0,0,0,0,0,0,0,0,0,0,2,1,2,4,1,1,5,5,0,11,9,15,14,28,37,17,43,35,63,64,66,66,86,118,110,74,111,99,131,185,134,198,151,185,166,180,188,190,174,210,193,223,189,227,191,170,178,176,199,201,241,214,221,179,238,189,217,207,253,164,213,166,230,170,201,194,169,163,196,157,150,142,153,147,127,124,120,117,125,121,111,82,71,97,84,69,91,65,68,48,88,60,50,50,46,65,66,43,41,41,45,50,38,42,18,25,26,21,28,27,15,21,26,7,11,6,13,2,1,5,5,0,1,1,1,2,1,0,2,1,2,1,0,0,1,2,0,0,0,0,0,0,0,0,0,0,0,0,0,0,0,0,0,0,0,0,0,0,0,0,0,0,0,0,0,0,0,0,0,0,0,0,0,0,0,0,0,0,0,0,0,0,0,0,0,0,0,0,0,0,0,0,0,0,0,0,0,0,0,0,0,0,0,0,0,0,0,0,0,0,0,0,0,0,0,0,0,0,0,0,0,0,0,0,0,0,0,0,0,0,0,0,0,0,0,0,0,0,0,0,0,0,0,0,0,0,0,0,0,0,0,0,0,0,0,0,0,0,0,0,0,0,0,0,0,0,0,0,0,0,0,0,0,0,0,0,0,0,0,0,0}
Count:   0.2   0.2   0.2   0.2   0.3   0.2   0.2   0.3   0.3   0.3   0.2   0.2   0.3   0.3   0.2   0.3   0.2   0.3   0.2   0.2   0.3   0.3   0.2   0.2   0.1   0.2   0.3   0.1   0.2   0.1   0.3   0.2   0.2   0.2   0.2   0.1   0.2   0.1   0.2   0.1   0.2   0.2   0.2   0.2   0.1   0.2   0.3   0.2   0.2   0.1   0.2   0.2   0.2   0.1   0.2   0.2   0.2   0.2   0.2   0.3   0.1   0.2   0.1   0.2   0.2   0.3   0.2   0.2   0.2   0.1   0.2   0.1   0.2   0.2   0.1   0.2   0.3   0.3   0.2   0.2   0.2   0.2   0.2   0.2   0.1   0.2   0.2   0.1   0.1   0.1   0.2   0.2   0.2   0.2   0.2   0.2   0.3   0.2   0.1   0.2   0.2   0.3   0.2   0.2   0.3   0.2   0.2   0.2   0.2   0.2   0.1   0.2   0.3   0.3   0.2   0.2   0.2   0.1   0.3   0.2   0.2   0.2   0.3   0.3   0.3   0.2   0.2   0.2   0.2   0.2   0.2   0.2   0.2   0.2   0.2   0.2   0.2   0.2   0.2   0.2   0.2   0.3   0.2   0.2   0.2   0.3   0.2   0.3   0.2   0.2   0.2   0.3   0.3   0.2   0.2   0.2   0.2   0.2   0.2   0.2   0.3   0.2   0.3   0.1   0.2   0.2   0.3   0.2   0.3   0.2   0.3   0.1   0.2   0.2   0.2   0.2   0.1   0.2   0.2   0.1   0.2   0.3   0.2   0.3   0.3   0.2   0.2   0.2   0.2   0.2   0.2   0.3   0.2   0.2   0.3   0.2   0.2   0.2   0.3   0.3 
Direction:  n n n n n n n n n n n n n n n n n n n n n n n n n n n n n n n n n n n n n n n n n n n n n n n n n n n n n n n n n n n n n n n n n n n n n n n n n n n n n n n n n n n n n n n n n n n n n n n n n n n n n n n n n n n n n n n n n n n n n n n n n n n n n n n n n n n n n n n n n n n n n n n n n n n n n n n n n n n n n n n n n n n n n n n n n n n n n n n n n n n n n n n n n n n n n n n n n n n n n n n n

56.0: Count:   0.1 (  0.0) A:  21.4 [20-32] B:  30.9 [20-71] Phase: 100% 134 (19.0) Direction:  {42 138}
Phase: {0,0,0,0,0,0,0,0,0,0,0,0,0,0,0,0,0,0,0,0,0,0,0,0,0,0,0,0,0,0,0,0,0,0,0,0,0,0,0,0,0,0,0,0,0,0,0,0,0,0,0,0,0,0,0,0,0,0,0,0,0,0,0,0,0,0,0,0,0,0,0,0,0,0,0,0,0,0,0,0,0,0,1,0,2,0,6,2,0,4,5,5,0,4,4,5,14,15,34,21,34,30,35,27,76,72,72,69,82,85,78,105,126,89,103,113,132,163,146,130,152,139,162,154,162,151,146,162,146,186,178,187,154,157,162,149,150,168,150,158,131,143,156,159,150,135,115,141,128,142,122,120,129,148,99,104,72,111,108,76,55,85,80,77,72,53,57,73,33,55,34,32,42,40,39,44,32,30,15,25,28,14,12,22,18,14,7,14,2,14,5,8,2,1,1,4,1,3,1,0,0,4,2,0,0,2,1,0,0,0,0,0,0,0,0,1,0,0,0,0,0,0,0,0,0,0,0,0,0,0,0,0,0,0,0,0,0,0,0,0,0,0,0,0,0,0,0,0,0,0,0,0,0,0,0,0,0,0,0,0,0,0,0,0,0,0,0,0,0,0,0,0,0,0,0,0,0,0,0,0,0,0,0,0,0,0,0,0,0,0,0,0,0,0,0,0,0,0,0,0,0,0,0,0,0,0,0,0,0,0,0,0,0,0,0,0,0,0,0,0,0,0,0,0,0,0,0,0,0,0,0,0,0,0,0,0,0,0,0,0,0,0,0,0,0,0,0,0,0,0,0,0,0,0,0,0,0,0,0,0}
Count:   0.1   0.2   0.2   0.2   0.2   0.2   0.2   0.2   0.1   0.2   0.2   0.2   0.1   0.2   0.2   0.2   0.1   0.1   0.2   0.1   0.2   0.2   0.1   0.1   0.2   0.1   0.2   0.1   0.1   0.1   0.2   0.1   0.2   0.2   0.1   0.1   0.1   0.1   0.2   0.1   0.1   0.2   0.1   0.1   0.1   0.1   0.1   0.1   0.1   0.1   0.1   0.1   0.1   0.1   0.2   0.2   0.1   0.1   0.1   0.1   0.2   0.2   0.1   0.2   0.1   0.3   0.1   0.1   0.1   0.1   0.1   0.1   0.1   0.1   0.2   0.2   0.1   0.0   0.2   0.1   0.2   0.1   0.1   0.2   0.1   0.2   0.1   0.2   0.1   0.1   0.2   0.2   0.2   0.1   0.1   0.2   0.2   0.2   0.1   0.2   0.1   0.2   0.1   0.1   0.1   0.2   0.1   0.1   0.1   0.1   0.1   0.1   0.1   0.2   0.2   0.2   0.1   0.1   0.2   0.1   0.2   0.1   0.2   0.2   0.1   0.1   0.1   0.1   0.1   0.1   0.2   0.1   0.1   0.1   0.2   0.1   0.2   0.2   0.1   0.2   0.1   0.1   0.1   0.1   0.1   0.1   0.2   0.2   0.1   0.1   0.2   0.1   0.1   0.1   0.1   0.1   0.1   0.2   0.2   0.2   0.2   0.1   0.1   0.2   0.1   0.1   0.1   0.1   0.2   0.1   0.2   0.1   0.1   0.1   0.2   0.2   0.1   0.2   0.1   0.2   0.1   0.2   0.2   0.2   0.2   0.1   0.1   0.2   0.1   0.1   0.2   0.2   0.2   0.1   0.2   0.3   0.2   0.2   0.2   0.1 
B: 30.0 36.4 33.6 32.7 32.1 30.5 30.9 37.1 27.9 30.7 27.5 31.1 27.4 32.4 29.8 31.6 29.3 31.8 32.8 30.7 30.5 30.2 30.7 32.3 31.4 29.3 33.1 27.8 31.4 27.0 32.6 29.7 28.9 32.6 32.9 28.6 29.8 27.1 31.9 28.5 29.5 29.3 27.8 28.1 28.3 32.0 27.5 30.8 28.3 33.5 36.5 30.3 28.6 32.6 30.7 31.7 30.1 28.6 29.5 28.1 28.5 30.1 34.6 31.8 31.3 31.9 32.7 29.9 29.7 31.0 30.5 27.6 35.2 31.8 33.8 32.5 36.8 27.1 31.8 31.7 30.1 32.1 31.7 28.5 29.5 31.1 31.9 33.0 29.4 29.1 33.3 34.5 30.2 32.5 31.7 30.6 32.7 33.2 25.1 27.8 27.1 30.8 26.3 30.5 28.5 27.9 30.0 28.9 28.9 30.0 28.2 30.2 32.8 30.0 28.9 30.0 31.3 30.6 31.5 30.4 32.7 28.8 31.1 28.6 28.0 29.4 28.6 33.7 28.6 29.7 29.8 30.6 28.9 30.6 28.3 32.3 32.2 30.9 30.1 30.8 27.9 28.7 35.7 27.6 28.9 30.4 29.3 31.6 26.9 31.5 30.9 33.3 27.6 36.3 31.5 34.8 34.6 27.1 31.1 28.5 32.4 26.6 28.5 31.7 36.2 27.1 30.2 28.3 34.8 27.3 30.4 29.6 34.7 29.3 29.9 30.0 32.5 31.2 28.6 30.7 31.2 33.4 28.7 32.5 27.6 34.3 29.9 35.1 29.4 31.4 31.0 32.0 32.6 29.7 31.3 34.3 31.0 31.4 30.2 31.8 
Direction:  n n n n n n n n n n n n n n n n n n n n n n n n n n n n n n n n n n n n n n n n n n n n n n n n n n n n n n n n n n n n n n n n n n n n n n n n n n n n n n n n n n n n n n n n n n n n n n n n n n n n n n n n n n n n n n n n n n n n n n n n n n n n n n n n n n n n n n n n n n n n n n n n n n n n n n n n n n n n n n n n n n n n n n n n n n n n n n n n n n n n n n n n n n n n n n n n n n n n n n n n

