54.0: Count:   2.4 (  0.4) A:  18.0 [16-39] B:  35.3 [16-75] Phase: 100% 357 (17.9) Direction:  {359 181}
Phase: {3354,2580,2687,2627,2483,2356,2474,2415,2263,2160,2058,1998,1855,1871,1695,1747,1467,1454,1517,1244,1201,1150,1115,1024,1094,886,792,814,767,693,674,632,579,540,476,517,469,376,402,317,370,349,284,303,237,315,220,215,215,192,202,172,160,130,159,155,119,110,115,94,107,100,93,113,67,82,74,46,57,67,57,44,55,44,34,49,44,35,36,31,30,20,32,26,28,32,19,17,22,9,26,10,13,13,13,14,7,9,11,14,21,7,13,10,9,6,8,6,5,2,2,5,5,5,5,2,2,8,7,4,4,3,2,2,1,1,2,1,2,3,1,2,0,3,1,1,0,3,1,1,3,2,1,0,0,4,0,0,5,1,2,1,2,1,0,1,0,2,0,0,0,1,1,2,2,1,0,0,2,0,0,0,0,1,2,0,0,0,0,0,0,1,0,0,1,2,0,0,2,0,0,1,0,0,0,1,0,2,0,0,0,1,2,1,1,0,0,0,1,0,0,1,0,0,1,0,2,2,1,1,2,2,0,2,1,0,1,1,1,2,3,6,5,4,2,0,1,2,3,2,2,4,3,2,5,1,0,2,1,4,4,2,2,4,4,5,3,5,4,4,2,1,2,1,8,4,7,11,6,5,6,6,4,9,12,14,4,10,7,11,12,10,10,16,13,18,18,12,14,20,22,19,27,29,32,30,23,34,36,32,51,45,66,64,64,67,72,111,111,103,123,129,161,219,174,271,224,297,303,340,398,321,493,470,531,596,649,689,736,821,871,969,1121,1151,1072,1332,1419,1364,1592,1720,1664,1700,2039,2035,2099,2281,2296,2439,2361,2489,2752,2631,2626,2921,2670,2768,2794,2837,2767,2678}
Count:   1.6   1.7   2.0   1.9   2.3   2.8   2.8   2.7   2.6   2.7   2.5   2.6   2.7   2.7   2.4   2.0   2.3   2.1   2.5   2.2   2.3   2.1   2.3   2.3   2.9   2.8   2.9   2.7   2.8   2.4   2.6   2.5   2.6   2.5   2.3   2.3   2.2   2.3   2.2   2.2   2.3   2.3   2.4   2.9   3.1   2.9   3.0   2.9   2.8   2.7   2.6   2.7   2.4   2.3   2.2   2.3   2.3   2.3   2.3   2.5   2.1   2.2   2.2   2.4   2.1   2.3   2.4   3.2   2.7   3.0   2.6   2.9   2.9   2.8   2.9   2.8   2.5   2.4   2.2   2.3   2.1   2.3   2.2   2.3   2.2   2.5   2.9   2.9   2.9   3.0   2.9   3.0   2.8   2.7   2.6   2.4   2.4   2.4   2.3   2.3   2.6   2.2   2.4   2.1   2.4   2.8   3.0   2.8   2.6   2.6   2.7   2.5   2.7   2.8   2.6   2.2   2.4   2.1   2.3   2.2   2.4   2.2   2.1   2.1   3.0   2.8   2.9   2.8   2.9   2.7   2.4   2.7   2.7   2.4   2.3   2.2   2.3   2.3   2.3   2.3   2.2   2.4   2.2   2.3   2.1   2.0   2.1   2.2   2.4   2.5   2.2   2.3   2.1   2.1   2.1   2.1   2.1   1.8   1.8   1.8   1.7   1.7   1.8   1.8   1.8   1.9   2.0   2.4   2.3   2.4   2.2   2.4   2.2   2.3   2.0   2.2   2.1   2.0   1.9   1.9   1.8   1.8   1.7   1.8   1.8   2.0   2.1   2.2   2.1   2.1   2.0   2.0   2.0   1.9   2.0   1.8   1.8   1.7   1.7   1.7 
Direction:  n n n n n n n n n n n n n n n n n n n n n n n n n n n n n n n n n n n n n n n n n n n n n n n n n n n n n n n n n n n n n n n n n n n n n n n n n n n n n n n n n n n n n n n n n n n n n n n n n n n n n n n n n n n n n n n n n n n n n n n n n n n n n n {357 183} n n n n n n n n n n n n n n n n n n n n n n n n n n n n n n n n n n n n n n n n n n n n n n n n n n n n n n n n n n n n n n n n n n n n n n n n n

54.1: Count:   2.7 (  0.4) A:  18.1 [16-36] B:  35.1 [16-67] Phase: 100% 358 (18.9) Direction:  {359 181}
Phase: {3691,2880,2996,2946,2897,2803,2817,2908,2590,2639,2438,2326,2216,2277,2049,2089,1842,1808,1828,1537,1515,1489,1389,1276,1211,1208,986,1148,970,868,848,741,736,637,615,623,573,482,448,401,419,404,354,391,305,349,262,314,227,271,218,207,185,156,187,157,121,153,120,115,115,104,100,109,73,96,85,68,74,65,50,37,82,52,36,43,46,45,31,29,51,31,32,26,30,30,22,27,24,19,23,15,24,11,23,15,18,15,7,10,13,7,10,7,2,12,11,11,6,5,5,9,8,5,5,9,1,4,2,0,4,3,2,2,1,3,2,1,4,3,4,1,1,3,3,1,2,2,2,1,4,0,0,1,5,0,2,1,0,0,1,1,5,1,0,1,0,0,2,1,0,0,1,0,0,0,0,1,0,2,0,0,1,3,0,2,1,2,2,0,2,1,0,2,3,0,1,2,0,0,0,0,1,0,0,2,0,0,1,0,1,1,1,3,1,2,2,0,0,1,0,2,0,1,1,1,1,0,1,1,0,0,2,4,1,4,0,1,1,1,0,5,1,0,1,4,2,3,3,3,1,5,1,2,1,2,7,3,3,6,6,2,7,4,2,9,2,6,3,2,10,7,6,6,4,9,7,5,7,12,14,4,12,17,9,9,7,14,12,8,15,7,15,18,18,19,20,30,19,21,47,24,31,31,43,40,50,51,61,55,62,66,105,91,82,102,119,120,123,152,182,190,140,246,246,321,323,397,345,414,509,449,567,587,650,699,709,753,901,894,996,1125,1237,1427,1215,1552,1520,1620,1808,1847,1918,1928,2254,2262,2364,2522,2618,2763,2512,2754,2849,3011,2905,3243,2974,2989,3169,3265,3052,2953}
Count:   1.8   1.9   2.3   2.2   2.4   3.2   3.1   3.1   2.9   3.2   3.0   3.0   3.3   3.1   2.8   2.4   2.6   2.5   2.7   2.6   2.6   2.5   2.7   2.5   3.6   3.4   3.3   3.0   3.1   3.1   3.1   2.9   3.0   2.8   2.7   2.7   2.7   2.7   2.5   2.6   2.8   2.7   2.7   3.3   3.4   3.3   3.5   3.1   3.6   3.3   3.1   3.1   2.9   2.5   2.8   2.6   2.5   2.6   2.7   2.7   2.4   2.6   2.6   2.6   2.6   2.8   2.6   3.5   3.5   3.3   3.0   3.4   3.3   3.4   3.4   3.3   2.8   2.6   2.5   2.8   2.5   2.8   2.6   2.6   2.4   2.9   3.2   3.4   3.1   3.3   3.3   3.4   3.1   3.2   3.0   2.8   2.6   2.7   2.8   2.6   2.7   2.6   2.7   2.5   2.7   3.5   3.4   3.2   3.3   3.1   3.3   3.0   3.1   2.9   2.9   2.5   2.7   2.4   2.5   2.5   2.7   2.6   2.7   2.6   3.3   3.2   3.4   3.3   3.2   3.0   3.0   3.1   3.1   2.8   2.7   2.5   2.6   2.5   2.6   2.6   2.6   2.6   2.6   2.4   2.4   2.3   2.2   2.5   2.9   2.8   2.7   2.6   2.7   2.6   2.6   2.4   2.4   2.2   2.1   2.2   2.0   1.9   1.9   2.0   2.1   2.1   2.2   2.9   2.5   2.7   2.6   2.6   2.4   2.6   2.4   2.4   2.3   2.3   2.2   2.0   2.0   2.0   2.1   2.1   2.0   2.3   2.5   2.6   2.5   2.5   2.4   2.3   2.5   2.4   2.3   2.0   2.0   2.1   2.1   1.9 
Direction:  n n n n n n n n n n n n n n n n n n n n n n n n n n n n n n n n n n n n n n n n n n n n n n n n {0 180} {359 181} {0 180} n n n n n n n n n n n n n n n n n n n n n n n n n n n n n n n n n n n n n n n n n n n n n n n n n n n n n n n {359 181} n n n n n n n n n n n n n n n n n n n n n n n n n n n n n n n n n n n n n n n n n n n n n n n n n n n n n n n n n n n n n n n n n n n n n n n n n n n n n n n n n n n n n n n n n n n n n

54.2: Count:   2.3 (  0.4) A:  17.8 [16-36] B:  35.9 [16-66] Phase: 100% 359 (17.7) Direction:  {359 181}
Phase: {3163,2525,2749,2604,2649,2603,2557,2688,2347,2393,2210,2082,1864,2049,1773,1780,1721,1633,1566,1330,1368,1303,1241,1077,1045,1051,796,916,833,750,750,708,681,604,498,544,559,453,445,361,419,359,305,368,287,313,277,273,208,209,262,200,203,184,176,179,198,184,154,139,127,143,126,136,103,109,93,90,78,95,62,80,75,58,49,45,45,50,33,45,38,44,36,32,23,29,23,25,26,19,26,17,17,15,14,15,12,14,11,11,15,10,10,12,12,3,13,6,7,5,7,10,11,3,6,12,9,9,1,7,7,2,8,3,7,3,0,4,2,3,3,6,1,3,2,1,1,0,2,1,4,3,2,2,1,2,1,3,0,1,1,1,3,5,0,0,0,0,0,0,1,0,3,1,2,1,1,3,0,2,2,1,1,0,0,2,1,0,0,1,0,3,0,0,0,2,0,2,1,1,0,2,3,0,2,0,0,1,1,0,2,0,2,0,5,0,2,1,1,0,0,0,0,1,2,1,0,0,1,1,2,0,2,2,1,4,0,0,0,0,2,3,4,2,0,1,3,4,4,1,0,1,2,7,0,2,2,4,1,3,3,3,7,7,3,1,3,3,0,2,11,1,3,8,2,15,10,9,5,10,9,3,8,18,10,13,10,14,14,15,15,10,17,10,18,18,17,24,21,21,27,12,16,13,21,18,25,34,31,31,53,46,52,47,44,66,84,71,87,75,88,110,108,143,111,172,164,222,208,231,245,295,369,337,403,481,438,526,524,553,711,757,824,990,904,1111,1112,1211,1322,1437,1436,1511,1697,1820,1822,2007,2084,2215,2177,2304,2452,2498,2514,2631,2687,2661,2857,2781,2822,2610}
Count:   1.6   1.6   2.0   1.8   2.0   2.8   2.8   2.9   2.6   3.0   2.6   2.7   2.6   2.7   2.2   2.0   2.1   2.2   2.1   2.0   2.2   1.9   2.2   2.3   3.0   2.9   2.7   2.9   2.9   2.7   2.7   2.5   2.8   2.3   2.3   2.0   2.2   2.2   2.3   1.9   2.3   2.1   2.5   2.8   3.0   2.9   3.1   2.9   3.0   2.7   2.7   2.6   2.4   2.0   2.1   2.0   2.1   2.0   2.1   2.3   2.1   2.3   2.3   2.2   2.1   2.4   2.3   2.8   3.0   2.8   2.6   2.9   2.8   2.8   3.0   3.1   2.4   2.1   1.9   2.3   2.1   2.2   2.1   2.1   2.1   2.4   2.8   3.0   2.8   2.9   2.8   2.9   2.6   2.9   2.5   2.5   2.3   2.2   2.2   2.1   2.0   2.1   2.1   2.2   2.3   2.9   2.8   2.8   2.9   2.9   2.8   2.8   2.6   2.6   2.5   2.1   2.2   2.0   2.2   2.1   2.1   2.1   2.2   2.2   3.0   2.8   2.7   2.8   2.9   2.7   2.7   2.6   2.8   2.1   2.3   1.9   2.1   2.0   2.2   2.1   2.0   1.9   2.1   1.8   2.0   1.8   1.8   1.9   2.5   2.4   2.4   2.3   2.3   2.3   2.2   2.0   2.0   1.8   1.4   1.7   1.7   1.6   1.6   1.6   1.6   1.8   1.7   2.2   2.2   2.1   2.2   2.3   2.0   2.2   2.1   2.2   1.8   1.7   1.6   1.6   1.6   1.7   1.8   1.8   1.7   1.9   2.1   2.4   2.1   2.3   2.0   2.0   2.1   2.0   1.9   1.8   1.7   1.8   1.7   1.6 
Direction:  n n n n n n n n n n n n n n n n n n n n n n n n n n n n n n n n n n n n n n n n n n n n n n n n n n n n n n n n n n n n n n n n n n n n n n n n n n n {358 182} n n n n n n n n n n n n n n n n n n n n n n n n n n n n n n n n n n n n n n n n n n n n n n n n n n n n n n n n n n n n n n n n n n n n n n n n n n n n n n n n n n n n n n n n n n n n n n n n n n n n n n n n n n n n n n n n n n n n n n n n n n n n

54.3: Count:   1.2 (  0.3) A:  17.5 [16-38] B:  34.7 [16-62] Phase: 95% 0 (15.6) Direction:  {0 180}  14% 44 (11.1) Direction:  {18 162}
Phase: {1706,1501,1428,1422,1466,1386,1326,1288,1261,1285,1155,1113,1016,1051,994,921,849,767,808,721,695,584,625,525,546,502,447,462,447,341,395,351,344,336,312,325,260,271,258,231,256,229,225,241,177,243,178,241,179,204,198,142,153,171,156,155,115,136,126,129,124,128,106,129,98,98,94,91,82,76,77,68,97,60,53,66,44,70,34,50,50,51,25,44,29,29,18,25,19,24,26,11,25,22,19,16,10,10,11,6,13,9,9,7,12,15,6,4,11,9,5,0,8,5,2,3,2,3,4,3,4,13,4,4,7,1,1,2,4,2,2,2,0,0,1,2,0,2,4,0,0,2,3,0,0,2,2,1,1,0,2,0,0,1,1,3,1,2,0,1,1,0,1,2,0,0,0,0,0,1,0,0,0,0,1,0,1,2,0,0,2,0,1,3,1,0,1,0,1,1,0,3,0,0,0,0,1,0,0,0,0,0,0,0,1,1,0,1,1,0,1,0,0,1,0,0,0,0,0,4,1,0,0,1,0,2,2,1,2,0,2,0,0,1,2,1,2,0,0,1,0,1,5,0,2,0,1,4,2,0,1,1,3,5,8,2,5,1,3,2,1,4,2,1,2,2,7,2,4,9,11,4,4,10,2,3,6,6,11,1,7,6,7,11,2,18,9,11,7,6,8,13,14,15,16,16,19,16,12,18,24,30,28,27,28,31,39,16,45,27,32,36,32,36,35,62,49,62,64,79,80,77,104,108,107,149,148,134,179,200,227,249,296,370,309,344,413,518,515,602,591,603,795,749,814,848,939,1032,999,1095,1200,1243,1231,1425,1405,1431,1521,1422,1483,1342}
Count:   0.6   0.7   0.8   0.8   0.9   1.5   1.5   1.6   1.5   1.5   1.4   1.5   1.3   1.4   1.1   1.0   1.0   0.9   0.9   1.0   1.0   1.0   0.9   0.9   1.6   1.8   1.6   1.7   1.6   1.5   1.6   1.5   1.5   1.3   1.0   0.9   1.0   1.1   1.0   1.0   1.1   1.0   1.2   1.7   1.8   1.8   1.7   1.7   1.6   1.5   1.6   1.4   1.2   0.9   1.1   1.1   0.9   1.0   1.0   1.0   1.0   1.0   1.1   0.9   1.0   1.1   1.2   1.7   1.7   1.7   1.6   1.7   1.6   1.6   1.6   1.5   1.1   0.8   1.0   0.9   1.0   1.0   0.9   1.0   0.9   1.1   1.5   1.8   1.9   1.6   1.5   1.6   1.6   1.6   1.4   1.1   1.0   0.9   1.1   1.1   1.0   1.1   1.0   1.0   1.2   1.8   1.9   1.6   1.6   1.6   1.6   1.6   1.5   1.4   1.1   0.9   1.1   1.0   1.0   0.9   0.8   1.0   1.0   1.0   1.6   1.6   1.6   1.6   1.7   1.6   1.5   1.3   1.4   1.1   1.0   1.0   0.9   0.8   0.9   0.9   0.9   0.9   0.9   0.8   0.9   0.8   0.8   0.9   1.5   1.3   1.4   1.4   1.2   1.0   1.2   1.2   1.2   0.7   0.6   0.6   0.7   0.7   0.8   0.7   0.7   0.7   0.8   1.3   1.2   1.2   1.2   1.2   1.1   1.1   1.1   1.1   0.6   0.8   0.6   0.7   0.6   0.7   0.6   0.7   0.6   0.9   1.2   1.3   1.2   1.2   1.0   1.1   1.0   1.1   0.9   0.7   0.7   0.7   0.7   0.6 
Direction:  n n n n n n n n n n n n n n n n n n n n n n n n n n n n n n n n n n n n n n n n n n n n n n n n n n n n n n n n n n n n n n n n n n n n n n n n n n n n n n n n n n n n n n n n n n n n n n n n n n n n n n n n n n n n n n n n n n n n n n n n n n n n n n n n n n n n n n n n n n n n n n n n n n n n n n n n n n n n n n n n n n n n n n n n n n n n n n n n n n n n n n n n n n n n n n n n n n n n n n n n

54.4: Count:   0.7 (  0.3) A:  17.4 [16-35] B:  31.9 [16-60] Phase: 92% 3 (15.7) Direction:  {1 179}  23% 53 (13.8) Direction:  {22 158}
Phase: {860,741,820,680,783,764,727,763,670,643,621,606,610,529,539,539,496,521,508,390,379,350,370,299,334,286,219,353,293,264,266,257,221,226,219,224,211,193,240,180,201,179,181,218,147,229,168,184,184,174,160,147,146,164,148,145,120,161,149,152,132,140,142,144,110,145,116,135,130,131,96,90,158,105,84,104,91,78,83,71,96,61,71,88,55,55,45,49,48,35,63,27,20,24,22,31,35,36,16,25,21,19,16,25,18,26,6,13,16,7,12,11,19,10,2,3,5,4,8,8,6,6,10,1,2,8,7,2,3,3,3,2,4,2,1,1,3,6,2,2,2,3,1,2,3,0,0,0,2,2,3,4,1,1,0,1,0,1,3,0,1,0,0,4,0,0,1,0,0,0,1,0,1,1,0,1,0,2,2,1,0,1,0,1,0,0,1,1,0,0,1,0,0,0,1,2,1,1,1,0,0,0,0,0,0,0,0,1,0,0,0,2,0,1,0,0,0,0,0,1,0,0,0,4,0,5,0,3,0,2,0,0,0,0,0,0,0,3,0,4,2,0,2,1,0,0,4,0,0,1,3,2,3,3,1,2,0,10,2,5,1,2,3,0,0,4,8,3,1,2,3,4,4,6,2,10,6,8,7,3,7,3,3,8,9,6,11,10,8,13,12,7,10,6,12,13,11,12,15,11,29,15,15,22,23,17,25,17,15,22,24,20,26,25,18,33,39,32,24,32,31,39,54,52,42,61,56,55,88,86,97,96,120,144,107,126,153,169,187,246,208,221,333,326,366,363,405,466,435,504,541,569,572,622,656,660,669,731,728,710}
Count:   0.3   0.3   0.4   0.4   0.4   1.0   0.9   1.0   1.0   1.0   1.0   0.9   0.8   0.9   0.7   0.4   0.5   0.5   0.5   0.4   0.3   0.4   0.4   0.5   1.1   1.2   1.1   1.3   1.1   1.0   1.1   0.9   1.0   0.6   0.4   0.5   0.5   0.5   0.4   0.5   0.6   0.5   0.5   1.2   1.4   1.3   1.3   1.2   1.2   1.0   1.0   0.9   0.8   0.3   0.4   0.4   0.4   0.4   0.5   0.5   0.5   0.6   0.5   0.5   0.4   0.5   0.6   1.0   1.3   1.1   1.2   1.1   1.2   1.1   1.0   1.0   0.5   0.4   0.4   0.5   0.4   0.4   0.5   0.5   0.5   0.6   1.1   1.2   1.2   1.2   1.1   1.1   1.1   0.8   0.9   0.5   0.4   0.5   0.4   0.5   0.4   0.5   0.5   0.4   0.5   1.2   1.1   1.4   1.0   1.0   1.1   1.0   0.9   0.9   0.5   0.5   0.4   0.3   0.5   0.4   0.3   0.4   0.4   0.5   1.1   1.2   1.1   0.9   1.0   0.8   0.9   0.8   0.9   0.5   0.4   0.4   0.4   0.4   0.3   0.3   0.5   0.3   0.4   0.3   0.4   0.4   0.3   0.7   0.9   0.9   0.8   0.9   1.0   0.8   0.8   0.7   0.7   0.3   0.3   0.2   0.3   0.3   0.2   0.3   0.4   0.3   0.5   0.9   0.9   1.0   0.9   0.7   0.7   0.8   0.6   0.6   0.3   0.3   0.2   0.3   0.3   0.3   0.2   0.2   0.2   0.4   0.8   0.8   0.8   0.7   0.7   0.6   0.6   0.6   0.5   0.3   0.3   0.3   0.3   0.3 
B: 32.9 32.1 34.3 33.9 35.3 30.1 28.9 29.9 28.5 30.5 30.9 31.3 31.7 32.1 33.4 35.4 36.2 35.2 35.9 36.4 36.3 35.6 35.4 35.7 30.6 28.9 29.6 30.3 30.3 30.2 30.9 32.3 31.4 33.3 34.8 35.3 35.9 35.0 34.8 34.7 35.4 37.0 35.2 30.4 29.7 29.2 29.3 30.0 30.4 31.9 31.9 32.3 33.8 36.3 34.4 36.0 35.3 35.8 36.3 36.2 35.0 34.4 35.7 35.9 35.9 35.5 34.4 30.1 28.6 30.1 30.9 29.4 30.6 30.0 30.7 31.3 31.6 35.9 35.2 35.6 35.3 36.1 34.8 34.7 36.1 35.0 30.5 29.4 28.7 30.1 29.6 30.9 29.5 31.1 32.2 34.4 36.3 35.7 34.3 36.6 35.4 36.3 36.3 35.8 34.3 29.4 29.1 30.8 29.4 30.0 30.7 31.0 32.0 33.1 34.9 36.3 34.1 35.5 36.5 35.6 35.9 36.7 36.2 34.1 29.9 29.7 30.9 29.5 30.7 32.1 32.0 31.6 33.1 33.7 36.6 36.1 36.6 35.4 35.7 34.6 35.1 34.2 34.6 35.6 33.7 33.6 35.8 28.8 28.9 28.9 28.9 30.1 28.2 28.8 28.8 29.9 30.5 34.5 37.4 35.0 35.1 34.9 35.5 34.9 35.4 33.9 31.6 27.8 27.8 29.2 28.7 28.4 28.9 30.1 31.8 32.3 33.0 35.0 34.9 36.0 35.2 35.1 35.0 37.3 34.7 32.9 28.2 28.7 29.7 28.7 30.3 29.9 31.2 31.4 32.9 35.0 35.9 35.6 36.7 36.0 
Direction:  n n n n n n n n n n n n n n n n n n n n n n n n n n n n n n n n n n n n n n n n n n n n n n n n n n n n n n n n n n n n n n n n n n n n n n n n n n n n n n n n n n n n n n n n n n n n n n n n n n n n n n n n n n n n n n n n n n n n n n n n n n n n n n n n n n n n n n n n n n n n n n n n n n n n n n n n n n n n n n n n n n n n n n n n n n n n n n n n n n n n n n n n n n n n n n n n n n n n n n n n

54.5: Count:   0.7 (  0.4) A:  17.7 [16-34] B:  29.4 [16-58] Phase: 37% 55 (24.9) Direction:  {22 158}  95% 2 (15.2) Direction:  {1 179}
Phase: {661,512,598,600,604,576,525,659,554,567,579,536,521,490,465,442,427,444,479,352,371,353,377,340,333,302,270,325,290,259,274,258,248,237,220,215,260,207,247,192,253,258,172,256,208,219,225,231,167,200,218,198,220,191,220,194,187,177,194,173,204,181,196,242,129,208,210,183,188,180,172,151,217,200,152,157,172,175,153,133,172,127,129,177,129,112,99,129,101,91,143,106,116,102,76,89,70,90,59,75,54,52,55,59,49,44,55,39,47,22,37,42,33,31,18,23,16,29,26,23,23,16,27,18,13,6,17,4,9,16,11,10,7,6,6,21,2,11,7,2,10,4,8,4,8,1,5,4,6,4,5,6,0,4,1,5,4,2,2,1,4,1,2,5,3,2,3,2,0,1,6,1,1,5,2,1,0,3,0,1,3,0,2,4,2,0,1,1,0,1,1,3,0,0,4,1,0,2,4,1,0,1,2,0,2,0,0,2,0,0,4,0,4,1,3,0,1,0,0,0,2,0,2,2,4,2,0,5,1,1,0,2,0,0,2,4,4,1,4,3,3,2,3,5,0,4,1,1,2,1,1,1,2,3,4,2,1,4,7,4,3,2,4,7,3,2,4,13,9,3,6,4,7,3,6,4,4,6,5,2,3,10,7,10,8,6,10,17,16,13,10,10,10,8,18,7,5,13,17,11,11,16,24,12,10,16,17,13,14,25,27,24,12,29,34,26,24,32,26,33,47,37,60,56,46,61,79,45,93,76,99,118,123,158,111,150,153,146,221,210,214,223,281,288,308,335,340,367,385,357,423,434,448,557,463,456,532,584,593,495}
Count:   0.2   0.2   0.3   0.3   0.3   1.1   1.0   1.0   1.0   0.9   1.0   1.0   0.8   0.8   0.6   0.4   0.4   0.3   0.4   0.4   0.3   0.4   0.4   0.3   1.1   1.4   1.4   1.4   1.4   1.2   1.1   0.8   0.8   0.8   0.4   0.4   0.3   0.3   0.3   0.5   0.4   0.4   0.4   1.6   1.3   1.5   1.3   1.3   1.2   1.1   1.1   1.0   0.5   0.4   0.4   0.3   0.3   0.4   0.5   0.4   0.3   0.4   0.4   0.4   0.4   0.4   0.5   1.3   1.3   1.4   1.3   1.1   1.2   1.1   1.0   1.0   0.6   0.3   0.4   0.3   0.3   0.4   0.4   0.4   0.3   0.4   1.2   1.3   1.3   1.2   1.1   1.0   1.0   1.0   0.8   0.5   0.4   0.4   0.3   0.4   0.3   0.4   0.3   0.5   0.5   1.2   1.2   1.4   1.2   1.1   1.1   1.1   0.8   0.9   0.5   0.3   0.4   0.5   0.4   0.3   0.4   0.4   0.4   0.5   1.2   1.5   1.0   1.1   1.1   1.1   0.9   0.8   0.7   0.5   0.4   0.4   0.4   0.4   0.3   0.3   0.4   0.3   0.4   0.3   0.3   0.2   0.2   0.5   1.2   1.0   1.1   0.9   1.0   1.0   1.0   0.9   0.6   0.3   0.3   0.3   0.3   0.2   0.3   0.3   0.2   0.2   0.6   1.1   1.2   1.2   0.9   1.1   0.9   0.8   0.7   0.6   0.3   0.3   0.2   0.3   0.2   0.3   0.2   0.3   0.2   0.4   1.0   1.0   1.1   0.9   0.6   0.8   0.7   0.6   0.4   0.3   0.2   0.2   0.3   0.2 
B: 31.9 31.5 32.3 33.1 32.5 27.9 26.7 27.0 27.3 28.3 28.3 29.7 29.8 30.3 31.2 34.0 32.0 33.7 34.2 33.5 33.9 32.6 33.4 34.0 27.3 27.0 27.8 26.7 26.8 27.9 27.7 28.7 29.1 31.4 33.6 33.9 33.6 33.5 34.4 33.7 34.4 34.5 33.6 27.3 27.5 26.9 26.5 26.9 28.9 28.7 30.5 30.7 32.0 33.5 32.8 32.6 32.6 33.1 33.3 33.8 32.9 32.7 33.6 34.1 33.1 33.9 32.0 27.0 26.0 28.0 28.7 26.4 28.4 26.0 27.7 28.7 30.1 34.8 33.6 34.3 33.4 33.8 34.3 32.5 33.8 33.2 27.4 27.1 27.5 27.5 27.6 28.7 27.3 30.6 30.3 31.5 33.6 34.0 33.7 32.6 32.5 34.3 35.1 33.8 32.8 27.4 28.1 28.6 27.4 27.6 27.9 28.3 30.8 31.0 30.8 34.2 33.2 34.4 34.1 32.6 34.7 34.2 34.5 33.0 27.4 27.2 28.0 27.3 28.1 29.0 30.6 30.2 31.4 32.2 32.9 33.2 34.1 33.5 34.5 33.0 32.8 33.0 33.3 32.1 32.1 32.7 34.0 27.0 25.7 26.0 26.9 25.8 25.2 27.1 27.3 28.0 30.3 32.0 33.4 33.7 32.9 32.7 33.7 34.5 35.5 34.2 28.3 26.3 26.2 26.8 26.1 26.4 26.4 26.6 27.9 30.3 31.0 32.8 34.1 34.5 33.6 33.7 33.7 32.5 33.3 29.1 26.4 27.2 27.1 27.6 26.4 27.8 28.3 30.3 30.9 33.2 32.1 34.0 33.6 34.1 
Direction:  n n n n n n n n n n n n n n n n n n n n n n n n n n n n n n n n n n n n n n n n n n n n n n n n n n n n n n n n n n n n n n n n n n n n n n n n n n n n n n n n n n n n n n n n n n n n n n n n n n n n n n n n n n n n n n n n n n n n n n n n n n n n n n n n n n n n n n n n n n n n n n n n n n n n n n n n n n n n n n n n n n n n n n n n n n n n n n n n n n n n n n n n n n n n n n n n n n n n n n n n

54.6: Count:   0.8 (  0.5) A:  17.8 [16-34] B:  27.7 [16-59] Phase: 46% 61 (29.7) Direction:  {25 155}  92% 1 (15.8) Direction:  {0 180}
Phase: {694,519,593,606,620,599,538,610,510,581,501,520,504,486,511,520,438,488,456,367,384,340,357,327,322,326,289,373,312,263,314,302,292,287,269,301,239,230,305,259,262,245,217,266,241,282,259,249,228,217,266,245,250,244,268,253,274,261,274,262,275,221,303,322,198,266,254,247,233,242,242,255,290,242,244,257,237,240,243,231,210,232,239,217,219,183,214,211,202,147,262,121,163,187,137,172,123,155,119,153,116,137,126,110,139,131,101,122,111,77,92,84,65,89,89,78,58,74,59,44,72,43,58,52,49,44,48,47,40,20,31,26,20,24,19,29,23,27,23,14,8,11,30,15,13,15,5,13,15,4,19,10,7,9,8,17,6,7,8,6,9,7,6,1,2,5,3,11,7,4,2,5,4,1,5,3,4,7,5,1,2,0,2,4,3,7,1,0,0,0,1,7,2,3,4,1,0,0,4,7,4,5,4,3,2,0,4,4,0,0,0,0,0,4,2,3,1,2,5,0,4,4,0,1,1,5,4,1,2,3,2,5,6,1,2,3,3,1,2,1,5,6,2,8,3,3,2,2,7,8,2,2,2,4,1,11,2,7,11,11,1,7,7,2,9,8,6,10,7,3,7,7,9,7,11,7,5,13,6,10,8,4,15,5,11,11,4,9,17,8,13,15,10,15,14,20,10,13,9,9,11,17,20,18,19,19,12,16,16,24,27,24,36,27,21,28,30,35,42,42,58,46,63,46,71,72,65,83,95,125,130,110,113,160,142,166,199,188,232,191,252,238,287,338,294,350,350,401,374,413,426,440,495,497,530,528,490,549,541,500}
Count:   0.3   0.2   0.3   0.4   0.3   1.2   1.4   1.3   1.2   1.0   1.0   1.1   0.9   0.9   0.5   0.4   0.3   0.3   0.3   0.4   0.5   0.5   0.5   0.5   1.4   1.6   1.7   1.6   1.5   1.4   1.2   1.2   0.8   0.8   0.4   0.4   0.4   0.4   0.4   0.5   0.5   0.6   0.5   1.8   1.7   1.9   1.6   1.6   1.6   1.3   1.1   1.0   0.7   0.5   0.5   0.4   0.5   0.4   0.4   0.4   0.4   0.4   0.5   0.4   0.5   0.4   0.7   1.7   1.5   1.5   1.5   1.4   1.6   1.3   1.3   1.2   0.7   0.4   0.3   0.4   0.4   0.4   0.4   0.4   0.4   0.5   1.7   1.5   1.5   1.5   1.4   1.2   1.2   1.0   1.0   0.5   0.3   0.4   0.4   0.4   0.4   0.4   0.4   0.6   0.5   1.4   1.5   1.6   1.4   1.4   1.2   1.2   1.0   0.9   0.4   0.4   0.4   0.4   0.4   0.4   0.4   0.4   0.4   0.5   1.3   1.7   1.4   1.3   1.2   1.4   0.8   1.0   0.7   0.7   0.4   0.3   0.4   0.4   0.4   0.3   0.4   0.4   0.4   0.4   0.4   0.3   0.3   0.7   1.4   1.4   1.5   1.3   1.4   1.2   1.2   1.0   0.8   0.3   0.3   0.3   0.3   0.3   0.2   0.3   0.2   0.3   0.7   1.4   1.4   1.4   1.3   1.2   1.1   0.9   0.8   0.7   0.4   0.3   0.2   0.3   0.2   0.3   0.3   0.3   0.2   0.5   1.3   1.4   1.1   1.2   1.0   1.0   0.7   0.7   0.6   0.3   0.3   0.2   0.2   0.2 
B: 30.0 29.5 31.0 32.0 31.8 25.1 25.0 25.5 25.4 26.4 26.0 27.9 27.5 28.2 30.5 31.4 31.4 31.5 31.1 31.1 31.9 29.7 32.4 32.4 26.5 25.4 25.2 25.5 26.1 25.5 25.9 27.6 28.3 31.0 32.6 32.2 32.7 33.3 31.8 33.2 31.5 33.0 32.5 25.1 25.4 25.7 26.2 26.0 27.3 27.5 28.4 28.8 31.1 32.1 33.1 31.6 30.6 32.2 32.3 32.4 30.9 32.2 32.4 31.2 31.7 32.2 28.4 25.1 24.8 26.4 25.5 25.9 26.1 25.8 25.9 26.5 29.7 31.8 32.7 32.4 32.1 32.7 32.2 32.1 32.5 30.3 25.2 26.3 25.4 26.0 25.4 27.7 26.4 29.1 28.4 30.4 32.4 33.0 32.6 31.4 30.1 32.9 33.6 31.8 30.7 26.7 25.4 26.7 25.7 26.6 26.4 27.4 28.4 30.6 29.4 31.6 32.7 32.0 31.0 31.2 31.3 30.5 31.4 30.6 26.3 26.1 25.8 26.9 26.5 26.8 27.8 27.9 27.8 30.6 31.9 31.4 32.0 31.6 32.6 32.4 32.3 31.9 32.5 32.9 32.3 32.0 31.9 25.4 24.7 24.8 25.6 25.0 25.3 25.9 25.5 26.3 26.6 31.0 33.5 32.9 31.4 32.7 33.9 32.3 31.9 33.5 27.7 25.4 25.1 25.0 25.1 25.6 26.5 25.4 27.0 28.4 30.3 32.8 33.7 31.5 32.4 32.7 32.3 33.8 32.9 27.2 25.4 27.1 25.4 26.4 25.0 26.0 26.6 29.1 29.5 32.3 32.7 33.0 31.0 33.5 
Direction:  n n n n n n n n n n n n n n n n n n n n n n n n n n n n n n n n n n n n n n n n n n n n n n n n n n n n n n n n n n n n n n n n n n n n n n n n n n n n n n n n n n n n n n n n n n n n n n n n n n n n n n n n n n n n n n n n n n n n n n n n n n n n n n n n n n n n n n n n n n n n n n n n n n n n n n n n n n n n n n n n n n n n n n n n n n n n n n n n n n n n n n n n n n n n n n n n n n n n n n n n

54.7: Count:   0.9 (  0.6) A:  17.9 [16-34] B:  26.7 [16-62] Phase: 43% 67 (33.7) Direction:  {27 153}  23% 74 (14.8) Direction:  {31 149}  19% 9 (22.4) Direction:  {3 177}  58% 2 (18.0) Direction:  {1 179}  11% 0 (11.8) Direction:  {0 180}
Phase: {677,538,561,596,524,573,533,567,504,542,561,520,492,540,504,504,442,433,449,353,425,362,354,424,343,405,331,386,356,319,361,303,308,264,290,310,311,278,275,299,299,273,280,365,283,345,290,302,288,271,334,277,319,291,388,334,326,300,336,330,331,324,409,376,275,396,391,339,387,406,377,344,452,409,392,385,359,384,416,377,372,371,295,360,338,330,288,323,283,223,396,230,280,279,224,225,241,249,196,193,200,209,179,187,158,171,148,133,125,106,154,121,124,88,111,96,81,86,107,74,88,53,77,58,54,37,50,64,52,54,50,43,43,59,26,55,21,54,31,41,26,27,34,30,19,27,21,28,23,25,25,21,16,18,5,14,14,12,10,6,12,11,16,18,5,15,9,6,13,6,4,10,2,12,4,7,6,4,3,8,13,6,5,0,5,8,0,5,4,6,10,9,2,5,4,1,4,10,1,2,3,5,2,6,5,0,3,7,2,3,2,4,2,3,3,5,2,1,5,1,3,3,2,4,2,5,3,1,5,6,0,2,1,4,1,4,5,2,7,1,9,3,11,4,4,2,1,7,3,5,6,5,1,11,0,5,5,7,8,6,8,1,0,4,8,6,9,3,20,8,19,6,6,15,11,5,6,11,5,3,2,8,10,8,13,13,9,5,12,10,13,13,12,13,12,20,6,15,17,4,14,15,16,8,24,13,19,14,14,17,18,27,31,35,19,17,26,46,40,27,35,35,52,52,49,71,80,71,83,67,91,105,147,175,121,150,183,181,234,215,243,246,306,288,314,341,349,352,382,384,370,426,415,492,445,494,509,503,615,482}
Count:   0.3   0.2   0.3   0.4   0.4   1.7   1.5   1.4   1.5   1.2   1.2   1.2   1.0   0.8   0.5   0.4   0.5   0.4   0.4   0.5   0.4   0.4   0.5   0.5   1.6   2.0   1.9   2.0   1.8   1.6   1.5   1.3   1.1   0.7   0.6   0.4   0.5   0.5   0.4   0.4   0.4   0.4   0.5   2.2   2.1   2.4   2.1   2.0   1.8   1.7   1.3   1.3   0.8   0.5   0.6   0.4   0.4   0.4   0.5   0.4   0.4   0.4   0.5   0.4   0.4   0.4   0.6   2.0   1.9   1.7   1.9   1.8   1.7   1.6   1.5   1.4   0.6   0.4   0.4   0.5   0.4   0.3   0.4   0.4   0.3   0.5   2.0   1.7   1.9   1.6   1.6   1.3   1.5   1.2   1.2   0.6   0.4   0.4   0.4   0.5   0.4   0.3   0.4   0.5   0.5   1.8   1.8   1.6   1.6   1.7   1.4   1.1   1.1   1.0   0.6   0.5   0.3   0.4   0.3   0.4   0.4   0.5   0.4   0.5   1.7   1.9   1.7   1.8   1.4   1.5   1.1   1.0   0.8   0.7   0.3   0.4   0.4   0.4   0.4   0.3   0.3   0.3   0.4   0.4   0.4   0.3   0.3   0.9   2.0   1.7   1.9   1.4   1.5   1.6   1.4   1.1   1.0   0.3   0.3   0.3   0.3   0.3   0.3   0.3   0.3   0.3   0.9   1.8   1.8   1.6   1.6   1.4   1.2   1.1   0.9   0.8   0.4   0.3   0.2   0.3   0.3   0.3   0.2   0.3   0.3   0.6   1.7   1.6   1.5   1.4   1.3   1.2   0.9   0.8   0.6   0.2   0.2   0.3   0.2   0.3 
B: 30.0 29.5 28.9 30.8 30.6 24.3 23.9 25.3 24.4 25.3 24.6 26.1 25.7 27.5 28.7 30.1 30.6 30.3 31.6 30.3 31.2 29.2 31.5 30.5 26.0 24.5 24.6 25.3 25.2 25.3 25.7 26.2 28.0 29.3 31.0 32.1 32.3 32.3 30.7 31.5 31.1 31.6 31.3 24.4 25.1 25.1 24.9 24.4 25.4 25.9 26.9 26.9 29.5 30.4 31.6 30.6 31.7 30.7 31.0 30.3 31.2 30.4 32.0 31.6 32.5 31.0 27.1 24.8 25.0 24.6 25.4 24.3 24.8 24.5 24.9 25.9 27.5 31.7 31.6 32.2 32.5 32.1 30.8 30.4 30.4 30.1 24.8 25.7 24.9 25.4 24.6 25.3 25.7 27.0 27.3 29.9 32.4 32.0 31.9 30.6 31.1 32.8 31.1 31.2 28.9 24.6 24.7 26.3 25.4 25.9 25.6 26.5 27.3 28.0 29.2 31.8 32.3 32.4 32.3 32.2 31.4 31.8 33.3 30.6 24.8 25.7 25.5 25.1 25.3 26.1 26.0 27.2 28.1 29.2 32.6 31.5 30.5 30.6 31.7 32.6 31.8 31.1 30.5 32.2 30.5 32.1 32.0 26.3 24.4 24.1 25.3 24.8 24.5 25.0 25.0 24.8 26.9 29.8 31.6 32.1 31.2 32.5 31.2 31.6 32.1 32.2 26.0 24.6 24.5 24.2 25.1 24.8 24.9 25.8 26.3 27.1 30.4 31.1 32.5 30.8 31.2 31.6 31.3 31.6 31.4 26.7 24.5 25.3 25.5 25.8 24.8 26.9 25.4 28.0 29.3 31.0 31.0 32.2 30.1 31.7 
Direction:  n n n n n n n n n n n n n n n n n n n n n n n n n n n n n n n n n n n n n n n n n n n n n n n n n n n n n n n n n n n n n n n n n n n n n n n n n n n n n n n n n n n n n n n n n n n n n n n n n n n n n n n n n n n n n n n n n n n n n n n n n n n n n n n n n n n n n n n n n n n n n n n n n n n n n n n n n n n n n n n n n n n n n n n n n n n n n n n n n n n n n n n n n n n n n n n n n n n n n n n n

54.8: Count:   0.9 (  0.7) A:  18.1 [16-37] B:  25.9 [16-60] Phase: 100% 46 (39.6) Direction:  {18 162}
Phase: {579,377,489,473,519,540,377,526,422,504,425,398,363,380,387,429,352,367,371,334,337,275,310,277,303,315,284,312,289,276,279,273,294,276,276,235,251,260,289,279,291,255,284,306,272,320,267,324,303,296,365,327,375,370,363,358,411,357,372,393,396,422,431,428,352,436,447,474,416,465,473,438,508,450,494,460,424,473,388,450,451,423,368,449,451,383,461,499,364,282,473,281,347,326,357,292,293,322,271,233,250,218,169,212,205,182,197,178,198,107,125,117,143,100,140,107,101,117,120,69,62,66,87,69,67,64,66,45,60,56,44,44,42,65,44,59,35,39,34,42,48,34,39,31,38,28,40,15,28,24,14,24,22,27,12,11,31,14,23,19,3,15,16,9,7,16,4,10,14,11,14,8,2,13,14,8,7,6,4,7,6,3,9,10,8,11,7,1,2,9,6,3,4,8,4,3,7,2,7,0,4,6,4,0,1,6,3,1,1,6,3,0,4,3,6,5,3,2,2,2,4,9,1,7,1,2,8,1,1,0,2,1,1,3,0,4,4,6,1,5,5,9,4,3,4,6,10,5,3,3,5,2,3,0,4,3,2,8,3,1,4,4,6,2,9,3,5,4,5,2,3,7,2,5,2,0,4,16,2,9,9,11,7,2,6,1,6,6,9,8,8,6,11,3,5,1,9,12,15,9,7,7,14,9,16,19,3,13,20,14,15,18,11,27,16,12,20,21,14,24,39,19,43,32,35,32,49,40,45,52,71,73,83,93,76,109,90,129,134,165,137,184,223,240,220,273,246,273,274,367,304,359,393,432,373,408,382,454,476,382}
Count:   0.2   0.2   0.2   0.2   0.4   1.6   1.6   1.4   1.4   1.2   1.2   1.3   0.9   0.9   0.5   0.3   0.3   0.4   0.3   0.4   0.3   0.3   0.4   0.4   1.6   2.2   1.9   2.1   1.8   1.6   1.4   1.2   0.9   0.5   0.4   0.4   0.4   0.3   0.4   0.3   0.3   0.4   0.4   2.4   2.4   2.3   2.3   2.1   1.6   1.5   1.3   1.0   0.7   0.4   0.3   0.4   0.4   0.4   0.3   0.3   0.3   0.3   0.4   0.3   0.4   0.3   0.7   2.1   1.8   1.9   1.8   1.8   1.8   1.7   1.5   1.2   0.6   0.3   0.3   0.2   0.4   0.3   0.2   0.4   0.3   0.5   2.2   1.7   2.0   1.7   1.7   1.3   1.3   1.0   1.0   0.4   0.3   0.4   0.4   0.4   0.3   0.4   0.3   0.4   0.6   1.9   2.0   1.7   1.6   1.4   1.4   1.2   1.0   1.1   0.5   0.3   0.3   0.3   0.3   0.3   0.3   0.3   0.4   0.5   1.6   2.0   1.6   1.6   1.5   1.5   1.0   0.9   0.7   0.5   0.3   0.3   0.3   0.3   0.3   0.4   0.3   0.3   0.3   0.3   0.4   0.2   0.3   1.1   2.1   2.0   1.7   1.6   1.5   1.8   1.6   1.2   1.1   0.2   0.2   0.2   0.2   0.2   0.2   0.2   0.2   0.3   0.9   1.9   1.9   1.9   1.8   1.6   1.4   1.2   0.9   0.7   0.4   0.2   0.2   0.2   0.2   0.2   0.3   0.3   0.2   0.8   2.0   1.6   1.5   1.4   1.4   1.0   1.0   0.7   0.6   0.3   0.2   0.2   0.2   0.2 
B: 29.6 29.8 30.3 32.9 30.2 23.6 23.6 24.3 24.1 25.3 25.1 25.7 25.9 27.0 28.0 31.1 30.2 30.3 32.7 30.3 31.6 30.6 31.2 30.1 24.5 24.3 23.3 24.2 25.0 24.1 24.7 25.9 27.8 29.1 31.7 31.4 32.3 31.6 31.6 31.2 30.8 32.1 31.8 24.4 24.8 24.1 24.4 25.1 23.8 24.5 25.2 27.3 27.7 31.2 31.0 31.0 33.0 30.5 31.8 31.2 30.8 32.3 30.6 30.2 32.6 31.4 28.1 23.4 24.7 23.3 24.3 23.3 24.2 23.8 24.1 25.1 27.8 30.8 31.5 30.3 32.1 31.4 31.9 32.0 32.5 29.4 23.8 23.8 24.0 23.3 24.2 24.4 25.3 25.7 27.0 29.2 30.7 31.2 32.1 33.5 33.0 31.7 32.0 31.7 28.4 24.4 24.0 24.5 24.3 24.6 24.0 25.5 25.6 26.6 30.4 32.1 30.7 33.4 33.2 30.9 30.8 29.9 32.2 29.2 24.2 23.9 24.1 23.7 24.8 25.1 25.2 26.7 26.7 28.8 32.4 31.6 30.9 32.9 31.7 32.8 31.4 30.1 30.7 31.0 31.4 31.9 33.3 24.8 23.8 23.8 24.4 23.8 25.2 24.3 24.5 25.0 25.2 28.6 32.0 31.2 32.4 32.8 31.6 30.4 33.2 30.9 25.7 23.6 23.3 23.8 23.9 25.2 25.2 25.3 25.1 26.0 31.8 31.0 30.1 30.2 31.3 29.4 32.0 31.6 30.8 25.1 24.3 23.8 23.9 24.6 24.3 24.3 25.5 26.6 26.5 31.4 31.3 32.8 29.7 31.7 
Direction:  n n n n n n n n n n n n n n n n n n n n n n n n n n n n n n n n n n n n n n n n n n n n n n n n n n n n n n n n n n n n n n n n n n n n n n n n n n n n n n n n n n n n n n n n n n n n n n n n n n n n n n n n n n n n n n n n n n n n n n n n n n n n n n n n n n n n n n n n n n n n n n n n n n n n n n n n n n n n n n n n n n n n n n n n n n n n n n n n n n n n n n n n n n n n n n n n n n n n n n n n

54.9: Count:   0.7 (  0.7) A:  18.1 [16-34] B:  23.9 [16-58] Phase: 40% 26 (31.1) Direction:  {10 170}  93% 84 (17.8) Direction:  {35 145}
Phase: {220,151,223,174,206,199,188,182,194,180,192,201,180,197,192,193,184,177,197,167,157,174,182,146,191,186,150,154,162,169,142,155,158,178,167,194,187,177,212,196,240,203,179,217,211,233,204,270,204,244,245,223,285,258,269,270,266,321,290,308,313,329,344,373,302,361,399,389,432,444,392,417,514,448,434,494,449,521,487,480,507,480,402,471,464,456,509,525,416,373,687,356,358,428,335,380,377,376,293,333,313,319,259,282,247,264,228,220,226,209,170,183,160,179,155,159,111,167,154,69,105,127,108,106,72,88,110,89,91,63,78,76,65,63,58,63,41,63,36,45,41,42,35,43,25,39,21,21,33,32,27,23,27,35,23,16,24,21,19,23,13,17,11,12,11,8,11,10,17,7,9,8,7,13,2,1,10,5,8,5,3,0,5,2,5,6,9,9,4,0,4,7,0,4,8,1,3,2,0,0,11,0,8,4,1,3,2,6,7,5,4,4,0,3,3,0,1,3,6,0,6,1,6,3,4,8,1,0,3,3,7,0,5,4,4,2,4,7,8,2,3,0,5,5,5,1,2,0,9,2,2,2,6,3,3,1,2,6,1,2,1,4,4,3,1,5,2,4,3,4,5,1,8,5,1,3,5,5,2,5,2,2,5,5,1,2,6,5,5,4,5,3,1,5,7,5,9,8,5,2,2,10,6,4,5,4,11,12,6,6,10,8,4,5,4,15,13,25,6,11,8,10,24,17,18,9,23,20,22,20,23,20,23,31,20,34,33,45,50,40,62,47,91,70,70,104,98,128,97,126,113,134,165,136,143,158,146,154,160,148}
Count:   0.1   0.1   0.1   0.2   0.2   1.4   1.4   1.4   1.3   0.9   1.0   0.9   0.7   0.6   0.3   0.1   0.1   0.2   0.1   0.1   0.1   0.1   0.2   0.2   1.8   1.9   1.9   1.9   1.6   1.3   1.2   1.0   0.6   0.4   0.1   0.1   0.1   0.1   0.2   0.1   0.1   0.1   0.1   2.2   2.4   2.1   2.1   1.7   1.5   1.3   0.9   0.6   0.5   0.1   0.2   0.2   0.1   0.2   0.1   0.1   0.2   0.1   0.1   0.1   0.2   0.1   0.6   1.9   1.8   1.6   1.6   1.6   1.7   1.4   1.0   1.0   0.3   0.2   0.1   0.1   0.2   0.1   0.2   0.1   0.1   0.4   1.8   1.7   1.8   1.4   1.6   1.2   1.0   1.0   0.8   0.2   0.1   0.1   0.1   0.2   0.1   0.2   0.1   0.1   0.5   1.5   1.8   1.5   1.4   1.2   1.2   1.0   0.8   0.6   0.3   0.2   0.1   0.1   0.1   0.2   0.1   0.1   0.1   0.3   1.5   1.6   1.6   1.5   1.2   1.2   0.7   0.6   0.4   0.2   0.1   0.1   0.1   0.1   0.1   0.2   0.1   0.1   0.1   0.1   0.1   0.1   0.1   1.0   1.5   1.6   1.5   1.4   1.2   1.4   1.2   1.0   0.8   0.1   0.1   0.1   0.1   0.1   0.1   0.1   0.1   0.1   0.7   1.9   1.5   1.7   1.5   1.4   1.3   0.9   0.6   0.5   0.2   0.1   0.1   0.1   0.1   0.1   0.1   0.1   0.1   0.7   1.6   1.5   1.5   1.2   1.1   0.7   0.7   0.5   0.3   0.1   0.1   0.1   0.1   0.1 
B: 26.8 26.7 28.7 30.2 28.9 22.1 22.7 22.7 22.5 22.5 23.1 22.9 23.7 24.6 26.4 29.4 28.7 28.6 29.0 29.1 31.4 28.9 30.1 26.8 22.7 23.6 23.0 22.5 23.2 24.0 22.2 24.6 24.8 26.9 29.8 30.8 31.6 29.2 28.9 28.2 30.6 30.5 29.7 23.2 22.8 22.2 23.2 22.6 23.7 23.3 24.4 24.6 26.5 28.5 28.6 29.2 30.5 29.8 30.2 29.5 30.6 27.9 30.7 27.6 31.5 30.2 25.7 23.0 23.3 23.5 23.1 22.8 22.3 23.6 23.2 22.8 26.3 29.1 29.6 27.8 27.8 29.3 27.8 31.4 28.8 26.1 23.1 22.2 23.4 22.8 22.8 23.0 23.7 23.8 25.8 27.2 29.8 31.0 31.6 30.7 30.9 31.4 31.0 29.9 25.7 23.1 22.5 22.9 22.4 23.5 22.9 24.0 24.2 26.0 27.2 31.5 30.8 29.5 30.1 32.5 30.9 29.2 29.0 24.0 22.3 23.0 22.1 22.1 22.9 24.3 23.4 24.1 25.8 28.0 32.5 29.3 31.4 31.1 29.9 28.9 33.0 29.8 27.0 30.8 30.1 31.2 31.5 23.9 24.1 23.1 23.1 22.7 23.6 22.7 23.0 24.7 23.9 27.9 32.5 29.3 30.7 29.8 28.4 30.9 29.9 29.5 25.5 22.7 23.9 22.8 22.2 23.4 23.3 23.4 23.8 24.7 28.2 32.3 29.3 31.1 29.7 31.0 30.5 32.2 31.6 23.6 23.4 23.2 22.2 23.7 23.7 23.3 24.3 24.0 26.5 27.9 31.5 31.5 28.2 29.0 
Direction:  n n n n n n n n n n n n n n n n n n n n n n n n n n n n n n n n n n n n n n n n n n n n n n n n n n n n n n n n n n n n n n n n n n n n n n n n n n n n n n n n n n n n n n n n n n n n n n n n n n n n n n n n n n n n n n n n n n n n n n n n n n n n n n n n n n n n n n n n n n n n n n n n n n n n n n n n n n n n n n n n n n n n n n n n n n n n n n n n n n n n n n n n n n n n n n n n n n n n n n n n

55.0: Count:   0.6 (  0.7) A:  18.0 [16-37] B:  23.0 [16-58] Phase: 67% 75 (29.8) Direction:  {31 149}  21% 116 (14.9) Direction:  {53 127}  11% 90 (10.8) Direction:  {38 142}  10% 90 (12.0) Direction:  {38 142}  11% 90 (13.1) Direction:  {38 142}
Phase: {116,59,95,75,80,79,87,107,99,89,110,126,98,104,90,92,115,95,126,75,131,122,144,75,103,97,94,122,103,118,148,135,95,114,105,146,156,131,148,113,165,156,160,196,164,179,151,187,165,172,180,187,203,196,200,220,230,241,205,237,274,245,292,278,284,268,264,271,365,377,351,303,389,340,461,434,402,424,401,446,480,459,361,526,443,386,471,469,388,428,619,354,423,501,478,357,383,419,424,423,408,425,338,368,289,371,336,341,375,261,272,301,265,246,253,237,191,296,226,176,212,164,187,148,171,146,179,113,124,125,130,120,106,127,80,108,74,96,51,57,89,76,67,36,44,34,51,48,39,40,38,20,36,25,18,25,22,28,29,22,16,23,28,15,19,25,16,19,24,19,15,9,7,5,7,8,3,6,11,6,19,0,6,14,1,4,1,6,8,4,4,3,5,8,7,6,0,4,11,2,3,4,3,2,4,2,1,1,3,1,0,4,2,3,2,0,2,4,4,2,4,2,1,0,0,3,1,2,1,2,6,3,0,0,0,9,3,6,2,1,1,0,4,3,1,2,1,2,1,0,3,0,1,3,2,4,0,2,1,0,1,1,3,3,2,1,0,2,4,5,2,2,1,0,5,0,1,2,1,4,2,4,1,2,0,0,0,2,4,2,2,2,3,0,0,4,1,1,2,2,1,7,2,4,2,4,6,1,9,3,6,8,1,3,4,5,10,5,6,5,9,9,2,7,7,9,7,16,10,5,7,17,11,9,12,31,8,24,25,15,17,26,44,27,50,44,38,46,35,43,47,60,44,48,45,61,61,70,77,68}
Count:   0.0   0.0   0.1   0.1   0.1   1.5   1.3   1.3   1.3   0.9   0.9   0.7   0.6   0.4   0.2   0.1   0.1   0.0   0.0   0.1   0.1   0.1   0.1   0.0   1.7   1.7   2.0   1.7   1.5   1.4   1.2   1.0   0.5   0.3   0.1   0.1   0.1   0.1   0.1   0.1   0.0   0.1   0.1   1.9   2.1   2.0   1.9   1.7   1.6   1.3   0.7   0.6   0.2   0.1   0.1   0.1   0.1   0.1   0.1   0.1   0.1   0.1   0.1   0.1   0.1   0.1   0.5   2.0   1.8   1.7   1.6   1.6   1.5   1.4   1.0   0.9   0.3   0.0   0.1   0.1   0.1   0.1   0.0   0.1   0.0   0.3   1.9   1.7   1.4   1.6   1.4   1.0   0.8   0.7   0.5   0.1   0.0   0.1   0.0   0.1   0.1   0.1   0.0   0.1   0.5   1.9   2.0   1.2   1.5   1.1   1.0   0.8   0.6   0.5   0.1   0.1   0.1   0.0   0.0   0.0   0.1   0.0   0.0   0.2   1.7   1.5   1.4   1.4   1.1   1.0   0.7   0.5   0.4   0.2   0.1   0.0   0.1   0.0   0.1   0.1   0.1   0.0   0.1   0.1   0.0   0.1   0.1   0.9   1.5   1.7   1.5   1.4   1.2   1.2   1.2   1.0   0.7   0.1   0.0   0.1   0.0   0.0   0.0   0.0   0.0   0.0   0.6   1.8   1.5   1.5   1.5   1.2   1.2   0.8   0.6   0.3   0.1   0.0   0.1   0.0   0.0   0.1   0.0   0.0   0.0   0.6   1.7   1.6   1.5   1.1   1.0   0.6   0.6   0.4   0.2   0.0   0.0   0.1   0.0   0.1 
B: 20.3 26.5 27.0 27.4 24.0 22.2 21.5 22.0 22.4 21.7 20.9 21.5 23.4 24.8 24.4 27.2 27.2 27.1 29.6 27.8 25.0 28.7 27.2 28.0 22.5 22.6 22.5 22.2 22.1 21.7 21.8 22.4 23.6 26.3 27.2 28.5 27.6 29.2 26.0 25.4 24.4 28.9 28.4 23.0 22.9 23.3 23.0 22.5 23.3 23.6 23.7 25.0 26.3 29.8 27.1 25.8 29.1 25.6 25.3 26.0 27.1 25.0 26.1 28.3 29.8 26.0 24.5 22.7 22.9 23.0 22.7 22.3 22.3 22.6 22.3 22.4 24.5 25.3 26.9 27.3 29.9 27.7 27.9 25.2 26.2 24.7 22.6 21.7 22.4 22.1 22.4 22.4 22.4 22.6 23.9 21.7 27.0 27.2 28.9 28.1 27.0 27.4 28.9 28.0 24.8 22.1 21.8 22.5 22.4 22.6 22.7 22.6 24.3 23.3 25.6 26.6 27.9 28.0 27.7 31.0 31.6 30.9 30.5 23.2 22.1 21.6 22.5 22.0 22.6 22.0 22.8 23.9 23.2 24.2 29.1 26.9 30.0 26.1 26.9 25.0 29.6 24.1 26.5 28.1 25.0 26.7 26.0 24.3 22.7 23.7 23.5 22.0 23.3 22.4 22.9 22.6 23.8 24.8 20.9 27.0 30.8 28.9 31.0 26.4 25.8 26.4 23.4 22.9 23.2 22.3 23.3 23.1 22.5 23.2 24.3 22.7 26.8 28.5 28.1 24.2 32.5 27.0 32.8 28.5 24.0 22.5 23.0 24.3 23.0 22.3 23.7 21.9 22.8 23.5 22.7 25.0 23.8 29.8 26.8 28.8 
Direction:  n n n n n n n n n n n n n n n n n n n n n n n n n n n n n n n n n n n n n n n n n n n n n n n n n n n n n n n n n n n n n n n n n n n n n n n n n n n n n n n n n n n n n n n n n n n n n n n n n n n n n n n n n n n n n n n n n n n n n n n n n n n n n n n n n n n n n n n n n n n n n n n n n n n n n n n n n n n n n n n n n n n n n n n n n n n n n n n n n n n n n n n n n n n n n n n n n n n n n n n n

55.1: Count:   0.7 (  0.6) A:  18.0 [16-35] B:  23.3 [16-58] Phase: 35% 51 (31.8) Direction:  {20 160}  34% 116 (18.4) Direction:  {53 127}  28% 101 (13.6) Direction:  {44 136}  56% 80 (12.7) Direction:  {33 147}  16% 358 (16.1) Direction:  {359 181}
Phase: {165,128,146,142,122,146,127,130,128,144,158,143,135,144,111,140,132,125,162,118,131,119,110,93,118,123,115,123,154,109,149,119,138,141,137,154,161,134,162,166,138,154,165,191,161,213,132,179,167,174,221,171,220,229,226,274,275,225,281,221,318,286,321,308,260,287,330,262,322,361,337,335,424,382,412,410,420,411,393,383,447,435,425,482,403,415,396,441,458,360,604,382,426,437,417,375,420,442,390,376,358,338,403,420,344,376,347,352,402,314,284,294,270,234,260,298,200,322,242,228,235,204,218,181,160,173,173,167,168,130,144,106,91,149,105,135,107,117,84,87,84,67,74,52,56,46,41,57,61,54,45,43,46,41,40,42,32,28,17,29,18,24,28,21,11,16,13,14,18,19,21,8,21,20,8,9,14,10,8,7,19,7,8,11,9,5,6,6,2,8,6,14,5,6,3,5,2,12,3,3,4,4,1,5,4,5,2,2,5,7,0,4,2,2,2,3,2,1,2,2,1,2,4,5,2,2,4,2,5,4,2,2,1,1,1,5,0,2,0,2,3,3,3,2,0,5,2,0,1,3,2,2,3,0,2,3,1,2,1,3,4,1,0,0,0,3,2,2,5,1,7,3,0,3,0,0,1,1,2,3,1,1,0,2,0,0,1,1,8,1,0,2,4,0,5,0,6,3,3,4,12,5,2,1,1,4,7,3,2,3,11,6,8,7,2,12,13,4,8,5,15,7,15,11,8,11,15,16,26,24,17,23,27,34,35,32,34,35,23,34,51,47,64,58,69,74,62,74,67,94,68,112,93,97,117,99,94,102,123,121}
Count:   0.1   0.0   0.1   0.1   0.1   1.2   1.4   1.4   1.2   1.1   0.8   1.0   0.6   0.5   0.3   0.1   0.1   0.1   0.1   0.1   0.1   0.1   0.1   0.2   1.9   1.8   2.0   1.6   1.7   1.4   1.2   1.0   0.5   0.4   0.1   0.2   0.1   0.2   0.1   0.2   0.1   0.1   0.1   2.2   2.2   2.1   1.9   1.7   1.5   1.2   0.9   0.6   0.3   0.1   0.1   0.1   0.1   0.2   0.2   0.1   0.1   0.2   0.2   0.2   0.1   0.1   0.6   2.0   1.7   1.7   1.5   1.5   1.7   1.4   1.0   1.1   0.3   0.1   0.1   0.1   0.1   0.1   0.1   0.1   0.1   0.5   1.9   1.6   1.6   1.5   1.4   1.1   0.9   0.7   0.5   0.2   0.1   0.1   0.1   0.1   0.2   0.1   0.2   0.1   0.5   1.9   1.8   1.3   1.5   1.3   1.0   0.8   0.7   0.5   0.2   0.1   0.1   0.1   0.1   0.1   0.1   0.1   0.1   0.3   1.8   1.5   1.6   1.5   1.2   1.2   0.7   0.7   0.4   0.3   0.1   0.1   0.1   0.1   0.1   0.1   0.1   0.1   0.1   0.1   0.1   0.1   0.1   1.0   1.5   1.9   1.6   1.4   1.2   1.3   1.2   1.0   0.7   0.1   0.1   0.1   0.1   0.1   0.1   0.1   0.0   0.1   0.7   1.7   1.4   1.6   1.4   1.3   1.1   0.9   0.6   0.4   0.1   0.1   0.1   0.1   0.1   0.1   0.1   0.1   0.1   0.8   1.6   1.6   1.5   1.2   1.0   0.7   0.7   0.5   0.3   0.1   0.1   0.1   0.1   0.1 
B: 25.7 25.0 26.2 25.1 25.7 21.7 22.3 20.8 21.6 21.8 21.6 21.4 22.7 24.2 25.8 26.5 27.2 28.1 28.1 28.0 27.2 27.4 27.3 26.7 22.4 22.6 22.8 22.4 22.1 23.1 23.1 23.4 24.6 25.3 28.4 27.6 25.8 27.4 26.4 26.8 26.3 29.2 27.4 23.6 23.3 23.8 22.7 22.9 22.9 22.6 22.9 24.5 26.2 27.0 28.3 27.1 28.6 25.2 24.6 27.0 25.8 25.2 26.8 26.7 27.0 26.5 25.9 22.8 23.1 22.2 22.4 22.6 22.3 22.0 22.8 21.7 25.1 26.7 30.0 26.9 26.6 26.7 28.0 27.2 26.2 25.5 22.8 22.4 22.4 21.6 22.4 23.2 22.6 22.6 22.9 24.3 25.3 26.8 28.9 26.6 27.2 29.2 26.7 25.5 25.0 22.7 22.3 22.2 22.7 22.2 23.1 22.1 22.5 23.3 24.5 26.9 25.2 25.9 24.9 26.5 28.2 27.3 26.8 25.2 22.3 22.4 21.6 23.1 22.2 22.9 22.6 23.0 23.9 25.7 28.5 27.1 26.8 27.3 28.1 25.7 27.7 27.0 27.0 26.5 24.9 29.5 27.2 24.9 23.2 23.7 23.4 22.3 23.0 22.7 22.9 23.7 23.3 25.5 28.0 29.1 29.1 28.4 26.8 25.9 26.2 26.5 24.2 23.7 23.2 23.4 23.5 23.4 22.3 22.8 23.6 24.6 26.0 26.5 26.5 28.1 29.6 28.8 29.3 26.9 28.1 23.2 23.3 24.0 22.2 23.4 23.4 23.4 23.7 23.0 25.1 29.4 24.5 28.9 29.6 26.3 
Direction:  n n n n n n n n n n n n n n n n n n n n n n n n n n n n n n n n n n n n n n n n n n n n n n n n n n n n n n n n n n n n n n n n n n n n n n n n n n n n n n n n n n n n n n n n n n n n n n n n n n n n n n n n n n n n n n n n n n n n n n n n n n n n n n n n n n n n n n n n n n n n n n n n n n n n n n n n n n n n n n n n n n n n n n n n n n n n n n n n n n n n n n n n n n n n n n n n n n n n n n n n

55.2: Count:   0.8 (  0.7) A:  18.1 [16-36] B:  23.8 [16-59] Phase: 42% 23 (34.2) Direction:  {9 171}  88% 84 (19.1) Direction:  {35 145}  19% 127 (14.6) Direction:  {60 120}
Phase: {313,199,225,218,258,249,206,217,241,211,208,214,203,256,199,220,156,182,249,213,194,216,194,176,213,199,172,209,166,175,191,171,188,209,212,202,205,161,235,145,192,215,181,229,177,287,238,267,215,291,260,277,272,280,285,342,257,313,329,378,334,450,388,409,366,483,427,428,440,429,409,404,455,498,474,513,472,516,496,526,485,561,484,538,515,508,465,501,469,407,617,366,421,443,470,410,365,395,347,394,346,338,332,378,293,326,309,294,302,247,227,236,253,225,226,209,196,191,247,172,177,143,152,154,123,146,156,130,163,96,131,122,102,91,92,97,71,92,57,75,82,77,67,62,66,64,48,61,40,44,47,35,35,38,42,48,27,35,50,33,27,22,22,14,26,19,17,30,23,26,27,18,14,11,16,25,6,18,5,9,23,3,10,12,10,7,8,18,13,10,13,5,3,9,7,2,6,9,8,7,4,1,7,5,7,8,0,3,3,8,9,3,9,3,1,6,3,3,8,5,7,1,1,3,1,4,0,3,0,1,4,3,3,3,0,3,4,4,2,4,6,4,3,5,0,2,4,2,3,3,1,3,0,2,0,3,4,2,2,0,0,2,0,2,6,3,6,0,0,3,3,1,3,1,4,2,1,0,0,2,6,1,7,4,6,5,2,0,2,1,2,1,1,5,10,7,3,3,5,3,4,5,6,3,9,7,7,6,3,10,4,19,11,13,22,20,15,16,14,10,19,9,29,28,16,21,33,34,34,37,62,44,48,49,43,62,62,69,79,87,85,103,123,119,93,108,118,129,140,146,143,167,168,195,168,190,229,211,213,172}
Count:   0.1   0.1   0.2   0.2   0.2   1.6   1.5   1.4   1.3   1.2   1.1   1.0   0.9   0.7   0.4   0.2   0.2   0.2   0.2   0.3   0.2   0.2   0.2   0.2   1.9   1.8   1.9   1.8   1.8   1.5   1.6   1.2   0.8   0.5   0.2   0.2   0.2   0.3   0.2   0.3   0.2   0.3   0.2   2.3   2.3   2.5   2.1   1.9   1.8   1.4   1.0   0.8   0.4   0.3   0.2   0.2   0.2   0.2   0.2   0.3   0.2   0.3   0.2   0.2   0.2   0.2   0.8   2.1   2.1   1.9   1.6   1.7   1.8   1.7   1.2   1.3   0.4   0.3   0.2   0.2   0.1   0.1   0.2   0.2   0.2   0.7   2.0   1.6   1.8   1.8   1.5   1.4   1.2   1.0   0.8   0.3   0.2   0.2   0.2   0.3   0.2   0.3   0.2   0.3   0.6   1.8   2.0   1.7   1.7   1.5   1.2   0.8   0.9   0.7   0.3   0.2   0.1   0.3   0.2   0.2   0.2   0.2   0.2   0.5   2.0   1.6   1.7   1.5   1.5   1.3   0.9   0.8   0.6   0.3   0.2   0.2   0.2   0.2   0.1   0.2   0.2   0.1   0.2   0.2   0.2   0.2   0.2   1.1   1.6   1.8   1.7   1.7   1.2   1.5   1.5   1.3   1.0   0.2   0.1   0.2   0.2   0.2   0.1   0.1   0.1   0.2   0.9   2.1   1.6   1.7   1.7   1.5   1.2   1.2   0.8   0.7   0.3   0.1   0.2   0.1   0.1   0.1   0.1   0.2   0.1   0.8   1.9   1.7   1.6   1.4   1.0   0.9   0.9   0.5   0.4   0.2   0.1   0.1   0.1   0.1 
B: 25.2 24.4 24.9 27.1 26.8 22.3 21.5 22.4 21.7 22.3 22.4 22.3 22.7 24.4 25.8 26.9 28.4 26.3 26.6 26.6 26.0 25.5 26.7 27.7 23.1 23.4 23.3 23.3 22.5 23.6 23.7 23.7 24.2 24.2 27.6 27.4 27.0 27.5 25.0 28.7 27.2 27.2 26.5 24.2 23.9 23.7 23.8 23.2 23.4 23.0 23.0 25.4 26.8 26.5 28.5 27.9 28.6 26.6 27.7 26.4 27.2 28.2 26.1 25.5 26.4 26.7 25.5 23.2 23.1 23.4 23.1 23.3 23.0 23.6 22.7 22.7 24.6 28.6 27.5 27.9 25.7 28.8 26.6 27.9 26.6 26.7 23.4 23.5 22.8 22.3 23.5 22.8 21.9 23.3 23.6 23.2 27.1 26.6 25.4 28.1 27.2 27.8 26.1 26.1 24.6 23.0 23.3 22.9 22.4 22.9 22.8 23.3 23.2 23.4 25.5 27.7 26.5 26.1 25.8 26.6 26.0 26.3 27.0 24.6 23.6 22.8 22.1 23.1 22.5 23.7 23.4 23.3 22.5 25.3 26.2 26.6 27.5 27.3 25.8 27.3 26.8 30.4 27.0 27.2 26.6 26.6 26.0 24.2 23.2 23.6 23.7 23.5 23.1 23.2 23.8 23.8 23.6 27.1 28.7 28.1 26.9 28.2 28.2 27.3 28.2 25.7 24.5 23.4 24.1 23.5 24.0 22.8 23.8 23.5 24.3 23.2 27.9 25.9 28.0 27.2 27.4 27.4 28.3 28.0 27.7 24.5 23.6 23.5 23.4 23.5 23.3 23.2 23.7 25.1 24.6 26.4 26.6 26.5 28.1 28.1 
Direction:  n n n n n n n n n n n n n n n n n n n n n n n n n n n n n n n n n n n n n n n n n n n n n n n n n n n n n n n n n n n n n n n n n n n n n n n n n n n n n n n n n n n n n n n n n n n n n n n n n n n n n n n n n n n n n n n n n n n n n n n n n n n n n n n n n n n n n n n n n n n n n n n n n n n n n n n n n n n n n n n n n n n n n n n n n n n n n n n n n n n n n n n n n n n n n n n n n n n n n n n n

55.3: Count:   0.7 (  0.7) A:  18.2 [16-34] B:  23.4 [16-64] Phase: 73% 73 (25.4) Direction:  {30 150}  13% 90 (18.1) Direction:  {38 142}  11% 77 (12.0) Direction:  {32 148}
Phase: {133,92,114,134,99,123,113,128,138,163,122,139,136,125,149,144,115,126,157,129,132,121,112,146,163,141,138,150,146,178,157,153,156,189,170,179,173,163,158,167,187,167,199,198,163,229,176,268,254,253,300,259,298,293,349,340,390,329,426,414,437,365,434,538,480,538,588,486,612,604,600,572,660,567,587,675,532,667,614,608,602,678,526,622,557,575,525,598,462,428,576,366,420,469,425,352,409,376,308,344,291,287,340,321,260,262,191,218,239,192,184,247,199,185,190,163,132,181,171,129,133,124,100,106,82,97,106,86,103,70,95,79,75,68,58,79,58,77,41,63,47,44,60,65,35,38,46,40,55,36,42,42,30,48,27,26,15,32,47,36,21,26,25,33,13,17,15,27,17,17,20,16,11,12,14,18,21,13,11,15,19,12,7,18,7,7,7,10,6,5,6,5,8,10,4,10,4,2,8,4,0,8,7,1,7,1,2,7,4,2,2,3,2,2,4,4,4,0,2,1,2,2,2,2,5,5,0,0,9,2,1,1,4,1,7,1,1,4,0,0,2,3,7,2,7,0,0,3,1,4,3,5,2,1,3,2,1,1,2,0,1,0,2,4,3,1,1,1,3,1,3,0,3,0,5,2,3,3,1,3,3,2,1,1,1,2,2,3,4,4,3,2,2,1,2,3,0,1,5,6,6,3,3,2,0,2,2,3,3,4,4,5,5,1,4,12,4,6,11,6,13,14,3,9,12,8,9,16,17,8,19,16,22,22,22,21,36,60,50,46,34,56,47,51,47,66,55,77,49,67,59,74,90,116,103,76,106,111,107,107}
Count:   0.1   0.1   0.1   0.1   0.1   1.5   1.5   1.4   1.4   1.4   1.0   1.1   0.8   0.6   0.3   0.1   0.1   0.1   0.1   0.1   0.1   0.2   0.1   0.1   2.1   1.9   1.7   1.7   1.9   1.5   1.4   1.3   0.8   0.4   0.1   0.1   0.1   0.1   0.1   0.2   0.1   0.1   0.1   2.1   2.1   2.2   1.7   1.7   1.7   1.2   0.9   0.8   0.3   0.1   0.1   0.1   0.1   0.2   0.1   0.1   0.1   0.2   0.1   0.1   0.2   0.1   0.7   1.9   2.0   2.0   1.7   1.7   1.6   1.6   1.2   1.3   0.3   0.1   0.1   0.1   0.1   0.1   0.1   0.1   0.1   0.7   1.8   1.6   1.8   1.7   1.4   1.5   1.1   1.0   0.7   0.2   0.1   0.1   0.2   0.2   0.1   0.2   0.1   0.2   0.6   1.8   1.9   1.6   1.7   1.4   1.2   0.9   0.9   0.6   0.3   0.1   0.1   0.1   0.1   0.1   0.1   0.1   0.1   0.3   1.9   1.6   1.7   1.3   1.4   1.4   1.1   0.7   0.6   0.2   0.1   0.1   0.1   0.1   0.2   0.2   0.2   0.1   0.1   0.1   0.1   0.1   0.1   1.0   1.6   1.5   1.6   1.7   1.3   1.5   1.2   1.3   1.0   0.2   0.1   0.1   0.1   0.1   0.1   0.1   0.1   0.1   0.6   1.7   1.6   1.7   1.5   1.4   1.3   1.3   0.8   0.6   0.1   0.1   0.1   0.1   0.1   0.1   0.1   0.0   0.1   0.7   1.8   1.6   1.7   1.4   1.1   0.8   0.9   0.5   0.4   0.1   0.1   0.1   0.1   0.0 
Direction:  n n n n n n n n n n n n n n n n n n n n n n n n n n n n n n n n n n n n n n n n n n n n n n n n n n n n n n n n n n n n n n n n n n n n n n n n n n n n n n n n n n n n n n n n n n n n n n n n n n n n n n n n n n n n n n n n n n n n n n n n n n n n n n n n n n n n n n n n n n n n n n n n n n n n n n n n n n n n n n n n n n n n n n n n n n n n n n n n n n n n n n n n n n n n n n n n n n n n n n n n

55.4: Count:   0.5 (  0.6) A:  17.9 [16-31] B:  22.9 [16-66] Phase: 100% 82 (23.4) Direction:  {34 146}
Phase: {51,46,38,43,30,37,50,62,38,55,51,44,34,59,63,65,57,52,71,55,61,54,75,62,79,63,56,83,101,75,84,66,76,85,89,102,83,98,103,101,118,101,132,129,103,170,138,183,141,169,177,177,228,183,215,239,181,240,273,298,300,309,319,351,284,330,400,381,479,360,384,380,519,481,449,449,496,485,457,520,571,540,441,559,443,470,475,483,486,370,570,338,451,474,425,369,413,354,306,418,313,341,311,297,313,272,242,280,255,227,240,242,210,211,217,164,149,209,169,137,152,103,118,141,93,129,88,121,77,102,104,82,65,93,77,69,58,63,37,50,54,47,78,44,42,39,42,35,33,55,44,36,30,31,29,39,20,15,19,26,22,19,18,15,12,16,11,10,9,14,7,6,11,14,8,5,9,11,6,0,6,1,4,6,8,2,3,5,0,7,6,4,2,1,2,1,9,4,9,10,3,0,1,0,1,1,1,0,1,2,0,0,1,0,5,3,3,0,4,0,3,2,0,5,5,4,1,2,2,0,0,0,0,0,1,2,2,3,0,1,2,2,1,1,0,0,0,0,0,0,2,0,3,0,1,2,2,1,1,5,1,0,1,0,1,2,0,0,0,3,0,2,0,1,0,2,2,0,5,0,0,0,2,0,1,0,0,0,1,0,1,0,0,0,0,0,2,0,1,0,1,4,0,0,2,5,0,1,3,3,3,3,3,4,3,6,3,5,0,7,4,5,7,2,4,10,5,6,12,3,7,9,1,10,11,6,16,9,13,19,14,24,18,17,25,22,22,28,18,29,25,30,45,37,35,26,36,40,31,35}
Count:   0.0   0.0   0.0   0.0   0.1   1.3   1.4   1.2   1.0   1.0   0.9   0.7   0.6   0.5   0.2   0.0   0.0   0.0   0.0   0.0   0.0   0.0   0.0   0.0   1.8   1.7   1.3   1.5   1.4   1.2   1.1   1.0   0.5   0.2   0.1   0.0   0.0   0.0   0.0   0.1   0.0   0.1   0.0   1.7   1.8   2.0   1.7   1.4   1.3   1.1   0.8   0.4   0.2   0.0   0.1   0.0   0.1   0.1   0.0   0.1   0.0   0.0   0.1   0.1   0.1   0.1   0.6   1.6   1.8   1.7   1.3   1.4   1.4   1.4   1.1   1.0   0.2   0.1   0.1   0.1   0.0   0.1   0.1   0.0   0.1   0.6   1.4   1.5   1.4   1.3   1.0   1.3   0.9   0.7   0.5   0.2   0.1   0.0   0.0   0.1   0.1   0.1   0.0   0.0   0.4   1.4   1.5   1.5   1.3   1.2   1.2   0.8   0.7   0.4   0.1   0.0   0.0   0.0   0.1   0.0   0.1   0.1   0.1   0.3   1.6   1.5   1.4   1.0   1.0   1.0   0.9   0.5   0.4   0.1   0.1   0.0   0.0   0.0   0.1   0.0   0.1   0.0   0.0   0.0   0.0   0.1   0.1   0.8   1.0   1.3   1.3   1.1   1.1   1.1   1.0   0.9   0.6   0.0   0.0   0.0   0.0   0.0   0.0   0.0   0.0   0.0   0.4   1.5   1.2   1.4   1.3   1.0   0.9   0.9   0.5   0.4   0.1   0.0   0.0   0.0   0.0   0.0   0.0   0.0   0.0   0.6   1.1   1.1   1.2   1.0   1.0   0.6   0.6   0.3   0.2   0.0   0.0   0.0   0.0   0.0 
Direction:  n n n n n n n n n n n n n n n n n n n n n n n n n n n n n n n n n n n n n n n n n n n n n n n n n n n n n n n n n n n n n n n n n n n n n n n n n n n n n n n n n n n n n n n n n n n n n n n n n n n n n n n n n n n n n n n n n n n n n n n n n n n n n n n n n n n n n n n n n n n n n n n n n n n n n n n n n n n n n n n n n n n n n n n n n n n n n n n n n n n n n n n n n n n n n n n n n n n n n n n n

55.5: Count:   0.4 (  0.5) A:  17.5 [16-34] B:  22.8 [16-55] Phase: 100% 92 (20.9) Direction:  {39 141}
Phase: {9,8,9,18,16,7,2,12,13,10,13,12,15,5,14,16,12,7,16,6,21,27,14,16,13,31,23,29,23,18,24,30,26,31,30,31,44,61,53,37,56,54,57,56,60,78,57,62,61,78,77,91,86,77,92,91,108,122,115,123,152,134,132,162,148,212,189,202,234,186,244,232,269,233,248,291,284,325,298,269,371,376,316,358,334,350,346,413,389,289,548,338,419,379,406,355,374,422,329,340,384,377,366,313,308,327,312,310,334,252,234,253,303,225,212,222,199,215,195,159,178,138,163,129,126,160,131,117,116,79,110,112,69,104,59,65,44,68,72,55,63,44,54,42,38,49,44,30,28,27,18,24,14,22,20,23,17,23,11,18,17,5,12,13,8,13,12,12,1,6,5,7,2,9,9,3,6,2,2,1,11,2,4,1,2,1,0,3,0,0,5,0,0,0,1,1,0,3,0,0,0,0,0,1,2,0,0,0,0,2,2,0,2,0,0,0,0,0,0,0,2,1,0,0,0,0,0,0,0,0,2,0,0,0,1,0,0,0,0,1,0,0,0,0,0,1,0,0,0,0,0,0,0,0,1,0,0,0,0,0,0,0,0,0,0,0,0,0,0,0,0,2,0,0,0,0,0,0,0,0,0,0,0,0,0,0,0,0,0,0,0,2,0,0,0,0,0,0,2,0,0,1,0,1,1,0,0,0,0,0,0,1,2,0,0,0,1,0,0,0,0,0,3,2,0,4,0,0,0,0,1,0,2,0,1,0,2,0,1,0,1,1,4,3,2,3,2,6,7,3,5,3,1,3,2,0,3,2,5,4}
Count:   0.0   0.0   0.0   0.0   0.0   1.1   1.1   0.9   0.8   0.9   0.7   0.5   0.4   0.2   0.1   0.0   0.0   0.0   0.0   0.0   0.0   0.0   0.0   0.0   1.3   1.2   1.0   1.1   1.4   0.9   0.7   0.7   0.3   0.2   0.0   0.0   0.0   0.0   0.0   0.0   0.0   0.0   0.0   1.2   1.4   1.5   1.4   1.2   1.0   0.8   0.6   0.3   0.1   0.0   0.0   0.0   0.0   0.0   0.0   0.0   0.0   0.0   0.0   0.0   0.0   0.0   0.5   1.2   1.4   1.2   1.0   1.1   1.0   1.0   0.8   0.8   0.1   0.0   0.0   0.0   0.0   0.0   0.0   0.0   0.0   0.6   1.1   1.3   1.0   1.0   0.8   1.1   0.6   0.4   0.3   0.1   0.0   0.0   0.0   0.0   0.0   0.0   0.0   0.0   0.3   1.0   1.1   1.2   1.0   0.9   0.7   0.6   0.5   0.3   0.1   0.0   0.0   0.0   0.0   0.0   0.0   0.0   0.0   0.1   1.3   1.2   0.9   0.8   0.9   0.7   0.6   0.3   0.2   0.0   0.0   0.0   0.0   0.0   0.0   0.0   0.0   0.0   0.0   0.0   0.0   0.0   0.0   0.5   0.9   0.7   0.9   0.8   1.0   0.6   0.7   0.7   0.5   0.0   0.0   0.0   0.0   0.0   0.0   0.0   0.0   0.0   0.3   1.2   0.9   1.0   0.9   0.9   0.6   0.6   0.4   0.2   0.0   0.0   0.0   0.0   0.0   0.0   0.0   0.0   0.0   0.4   0.7   0.9   0.8   0.8   0.6   0.4   0.2   0.1   0.1   0.0   0.0   0.0   0.0   0.0 
B: 25.3 27.0 23.3 26.0 21.3 22.6 22.0 21.6 21.1 21.5 21.0 20.9 21.1 20.2 23.1 30.0 22.5 26.0 23.5 22.7 21.5 28.0 25.0 20.3 23.4 23.0 23.0 22.7 22.9 22.3 23.1 22.1 22.5 24.1 16.6 22.0 29.0 23.2 26.0 31.1 * 21.0 22.6 24.6 23.4 23.9 23.0 22.6 22.4 21.9 22.0 21.5 23.5 19.6 21.0 29.0 32.0 16.0 23.0 22.6 26.3 22.2 22.6 23.1 26.0 17.6 27.0 22.5 22.8 23.3 22.9 22.6 22.7 22.3 21.5 21.5 23.0 26.4 18.2 32.0 25.1 23.0 26.5 17.7 24.3 27.0 22.9 23.7 22.0 22.0 22.5 22.0 22.7 22.1 22.0 22.3 21.1 23.0 * 21.8 22.5 21.5 23.6 17.0 25.4 22.8 22.1 22.5 22.0 21.8 21.4 20.9 22.4 21.5 26.7 23.0 20.5 26.7 24.6 27.0 17.0 21.0 22.8 22.6 22.3 22.7 22.4 21.6 22.0 21.7 21.3 21.1 21.9 23.6 18.7 19.0 29.2 25.0 16.0 17.0 22.2 21.5 27.0 21.0 19.1 20.2 18.2 24.4 23.6 23.9 23.0 23.1 23.5 22.9 22.7 23.3 24.3 24.5 * 18.0 21.3 20.5 21.0 * 26.0 20.0 24.1 23.8 24.3 22.9 24.2 23.0 24.0 22.9 22.6 21.6 29.0 22.0 23.0 32.0 23.0 23.0 29.0 16.0 21.6 24.8 24.4 24.5 23.7 24.2 22.9 22.1 21.6 24.5 20.4 25.0 * 28.0 18.0 16.0 
Direction:  n n n n n n n n n n n n n n n n n n n n n n n n n n n n n n n n n n n n n n n n*  n n n n n n n n n n n n n n n n n n n n n n n n n n n n n n n n n n n n n n n n n n n n n n n n n n n n n n n n n*  n n n n n n n n n n n n n n n n n n n n n n n n n n n n n n n n n n n n n n n n n n n n n n n n n n n n n n n n n n n*  n n n n*  n n n n n n n n n n n n n n n n n n n n n n n n n n n n n n n n*  n n n

55.6: Count:   0.3 (  0.4) A:  17.4 [16-35] B:  23.2 [16-62] Phase: 84% 94 (20.4) Direction:  {40 140}  15% 98 ( 9.8) Direction:  {42 138}
Phase: {6,3,1,2,5,1,3,4,2,3,1,4,5,2,2,10,6,4,11,12,9,10,10,11,12,1,14,18,13,21,20,9,17,14,22,20,33,27,27,21,27,34,28,40,42,42,43,52,58,77,44,43,67,64,60,81,77,73,73,68,110,110,100,109,103,122,116,141,139,159,148,161,204,202,212,245,252,272,255,240,273,285,264,333,294,279,347,372,412,306,477,357,379,359,365,355,379,448,349,377,376,333,368,364,359,357,286,305,300,261,232,225,264,260,236,238,162,206,226,171,207,153,159,134,151,134,130,116,96,95,138,74,66,110,64,113,42,75,56,51,49,40,49,51,37,27,39,37,25,25,24,15,22,14,13,11,18,13,14,13,14,11,2,15,10,4,8,12,4,6,2,1,0,15,9,2,4,2,2,0,3,2,1,3,0,5,0,3,2,1,1,1,1,3,1,0,0,0,2,0,0,1,0,0,0,1,0,2,0,2,0,0,0,0,0,0,0,0,0,0,1,0,0,0,0,1,0,0,0,0,0,0,0,0,0,0,0,0,0,0,0,0,0,0,0,0,0,0,0,0,0,0,0,0,0,0,0,0,0,0,0,0,0,0,0,0,0,0,0,0,0,0,0,0,0,0,0,0,0,0,0,0,0,0,0,0,0,0,0,0,0,0,0,0,0,0,0,0,0,0,0,0,0,0,0,0,2,0,0,1,0,0,0,0,0,0,0,0,0,0,0,0,0,1,0,0,0,0,0,0,0,0,0,2,0,3,0,0,1,1,0,0,1,3,1,0,3,1,0,0,0,0,0,0,0,5,3,1,2,1}
Count:   0.0   0.0   0.0   0.0   0.0   1.0   0.9   0.7   0.8   0.7   0.6   0.4   0.3   0.3   0.1   0.0   0.0   0.0   0.0   0.0   0.0   0.0   0.0   0.0   1.1   1.2   1.0   1.0   1.2   0.9   0.7   0.6   0.3   0.2   0.0   0.0   0.0   0.0   0.0   0.0   0.0   0.0   0.0   1.3   1.2   1.1   1.4   1.0   1.0   0.8   0.5   0.3   0.1   0.0   0.0   0.0   0.0   0.0   0.0   0.0   0.0   0.0   0.0   0.0   0.0   0.0   0.4   0.9   1.1   1.0   0.9   0.9   0.8   1.0   0.7   0.7   0.2   0.0   0.0   0.0   0.0   0.0   0.0   0.0   0.0   0.6   1.0   1.1   1.1   0.8   0.8   0.9   0.6   0.4   0.3   0.1   0.0   0.0   0.0   0.0   0.0   0.0   0.0   0.0   0.4   1.0   0.8   1.0   0.8   0.8   0.7   0.6   0.4   0.3   0.1   0.0   0.0   0.0   0.0   0.0   0.0   0.0   0.0   0.1   1.1   1.0   0.8   0.6   0.8   0.7   0.5   0.3   0.2   0.0   0.0   0.0   0.0   0.0   0.0   0.0   0.0   0.0   0.0   0.0   0.0   0.0   0.0   0.3   0.9   0.7   0.8   0.7   0.8   0.6   0.7   0.5   0.4   0.0   0.0   0.0   0.0   0.0   0.0   0.0   0.0   0.0   0.3   0.9   0.8   0.8   0.9   0.7   0.5   0.6   0.4   0.2   0.0   0.0   0.0   0.0   0.0   0.0   0.0   0.0   0.0   0.3   0.8   0.7   0.6   0.7   0.6   0.4   0.3   0.2   0.1   0.0   0.0   0.0   0.0   0.0 
B: 21.0 * 24.0 22.0 17.0 23.1 22.3 21.1 21.1 21.8 20.9 21.7 21.4 20.2 26.6 * 21.6 18.0 18.0 24.3 20.0 19.0 32.5 23.0 23.5 23.5 23.8 22.9 22.8 23.3 22.6 21.2 23.8 30.4 18.0 18.7 17.5 * 33.7 27.1 20.0 23.6 22.0 24.4 24.0 23.5 23.7 22.2 22.7 22.7 22.2 24.6 20.3 20.5 26.0 27.3 * 25.0 * 27.5 24.0 27.6 17.0 20.5 24.0 21.1 26.8 23.4 23.0 23.5 22.9 22.7 23.6 22.5 22.3 22.8 22.7 31.0 * 29.7 24.8 * 16.0 19.0 17.3 28.6 22.9 23.7 21.9 22.6 22.9 22.6 22.6 21.3 22.0 21.3 27.0 22.6 21.0 30.0 21.3 * 23.0 23.0 25.0 22.4 22.1 22.8 21.9 22.7 22.2 21.3 21.9 21.8 24.6 22.0 20.0 23.0 17.0 28.6 21.5 40.0 32.3 21.8 23.2 22.6 22.1 22.1 21.7 21.7 21.0 21.7 21.6 27.2 23.1 19.0 18.0 39.0 18.0 * 19.6 24.4 26.1 28.0 24.0 17.0 30.6 24.6 24.9 24.5 23.7 23.8 24.1 23.1 23.5 23.7 23.0 29.7 22.6 * * * 20.0 23.0 * 28.0 25.6 24.7 24.1 25.0 24.1 24.1 24.6 24.0 22.6 21.9 35.3 21.0 18.5 * * 24.7 31.0 * * 24.7 25.2 24.2 23.9 23.4 23.3 22.2 22.7 21.4 23.9 29.6 18.4 18.0 17.0 * 
Direction:  n*  n n n n n n n n n n n n n*  n n n n n n n n n n n n n n n n n n n n n*  n n n n n n n n n n n n n n n n n n*  n*  n n n n n n n n n n n n n n n n n n n*  n n*  n n n n n n n n n n n n n n n n n n n*  n n n n n n n n n n n n n n n n n n n n n n n n n n n n n n n n n n n n n*  n n n n n n n n n n n n n n n n n n n* * *  n n*  n n n n n n n n n n n n n n* *  n n* *  n n n n n n n n n n n n n n* 

55.7: Count:   0.3 (  0.4) A:  17.5 [16-33] B:  23.5 [16-60] Phase: 100% 89 (22.6) Direction:  {37 143}
Phase: {4,1,8,18,9,6,5,6,6,7,9,2,6,8,16,22,12,13,16,15,13,10,15,20,15,18,23,28,16,22,23,27,29,26,34,33,33,34,43,36,71,52,44,81,77,55,52,85,84,79,74,99,98,89,92,98,113,120,135,113,146,136,146,161,166,167,205,167,206,210,201,161,299,212,290,303,270,306,274,318,308,322,323,333,277,333,320,330,311,258,447,268,330,366,269,277,278,336,301,320,278,269,272,247,254,263,225,241,262,177,188,236,212,181,167,209,139,168,165,130,105,103,135,96,107,116,135,90,90,66,68,68,65,69,52,64,40,66,46,49,40,25,49,23,35,34,17,20,19,21,25,16,22,26,20,11,4,22,17,14,5,10,23,13,7,6,7,11,9,2,5,4,2,8,5,4,3,7,2,1,3,0,1,5,2,3,0,0,1,1,0,1,2,0,1,1,1,1,0,0,0,0,0,0,0,0,2,0,0,0,1,0,0,2,1,0,0,0,0,0,2,0,0,0,0,0,1,0,0,0,0,0,0,1,0,0,2,0,0,1,0,0,0,0,0,0,0,0,0,0,0,2,1,1,0,0,1,2,1,0,0,1,0,0,0,0,0,0,0,0,0,0,0,0,0,0,0,0,0,0,0,0,0,0,0,1,0,0,0,0,0,0,0,0,0,0,3,1,0,3,0,0,1,0,0,0,0,0,0,0,0,0,0,1,0,0,1,0,0,0,0,1,1,0,1,0,0,0,2,1,2,0,0,4,0,0,4,5,6,5,5,5,0,1,2,7,9,4,1,0,9,9,5,10,6,4,10,5,6,9}
Count:   0.0   0.0   0.0   0.0   0.0   0.9   1.0   0.6   0.7   0.5   0.6   0.4   0.3   0.3   0.1   0.0   0.0   0.0   0.0   0.0   0.0   0.0   0.0   0.0   1.1   1.0   1.0   0.9   0.9   1.1   0.7   0.6   0.4   0.1   0.0   0.0   0.0   0.0   0.0   0.0   0.0   0.0   0.1   1.3   1.1   1.1   1.3   1.1   1.0   0.7   0.5   0.3   0.1   0.0   0.0   0.0   0.0   0.0   0.0   0.0   0.0   0.0   0.0   0.0   0.0   0.0   0.4   0.9   1.0   1.1   0.9   0.8   0.8   0.7   0.6   0.7   0.2   0.0   0.0   0.0   0.0   0.0   0.0   0.0   0.0   0.7   0.9   1.1   0.8   0.9   0.7   0.7   0.5   0.6   0.3   0.1   0.0   0.0   0.0   0.0   0.0   0.0   0.0   0.0   0.3   0.7   0.8   1.0   0.9   0.8   0.8   0.5   0.4   0.3   0.0   0.0   0.0   0.0   0.0   0.0   0.0   0.0   0.0   0.1   1.0   1.1   0.9   0.6   0.7   0.7   0.6   0.3   0.3   0.0   0.0   0.0   0.0   0.0   0.0   0.0   0.0   0.0   0.0   0.0   0.0   0.0   0.0   0.4   0.9   0.7   0.7   0.6   0.7   0.7   0.5   0.5   0.4   0.1   0.0   0.0   0.0   0.0   0.0   0.0   0.0   0.0   0.2   0.6   0.7   0.7   0.8   0.7   0.4   0.5   0.4   0.2   0.0   0.0   0.0   0.0   0.0   0.0   0.0   0.0   0.0   0.4   0.8   0.6   0.5   0.6   0.6   0.4   0.4   0.2   0.1   0.0   0.0   0.0   0.0   0.0 
B: * 25.0 20.4 19.6 19.7 24.0 21.8 21.6 22.8 22.0 21.5 20.9 21.5 20.0 20.6 22.0 21.0 25.2 25.7 29.0 24.0 22.5 22.4 21.2 23.6 23.5 24.0 24.1 23.7 23.0 23.4 23.2 22.1 27.8 20.7 26.7 28.6 23.7 22.2 33.0 23.1 19.0 21.4 25.2 23.6 24.2 23.4 23.3 22.3 22.8 21.9 22.6 22.0 21.8 19.4 30.0 28.5 21.3 21.2 23.6 20.2 18.2 18.0 18.0 26.2 23.4 28.4 23.5 23.9 24.1 23.6 22.3 23.6 23.5 22.7 22.5 24.6 23.7 * 25.5 26.4 21.5 29.0 24.5 18.7 30.1 23.5 23.9 22.4 23.0 23.2 22.9 22.4 22.0 22.9 22.3 19.0 19.0 20.0 20.7 23.3 21.0 24.5 17.5 26.0 24.0 22.8 23.8 22.7 22.8 23.0 21.4 21.3 21.1 29.7 17.0 29.0 24.8 22.8 22.9 19.0 21.0 24.2 23.3 24.1 23.6 22.5 22.2 22.6 21.5 22.6 21.5 22.1 23.7 27.0 22.6 19.1 27.8 28.0 20.0 21.0 17.5 22.3 30.0 24.3 22.3 26.6 25.3 24.9 23.8 24.0 22.6 23.3 24.4 23.9 24.1 22.6 25.1 21.6 23.2 20.4 * 23.2 23.0 22.0 23.0 26.6 24.1 26.1 24.4 23.9 24.7 23.8 23.3 22.0 22.7 36.2 30.0 23.0 29.1 28.0 21.0 23.6 21.0 20.0 23.9 25.0 23.9 25.3 22.9 24.3 22.0 22.9 22.6 24.8 23.2 19.1 * * 27.3 
Direction: *  n n n n n n n n n n n n n n n n n n n n n n n n n n n n n n n n n n n n n n n n n n n n n n n n n n n n n n n n n n n n n n n n n n n n n n n n n n n n n*  n n n n n n n n n n n n n n n n n n n n n n n n n n n n n n n n n n n n n n n n n n n n n n n n n n n n n n n n n n n n n n n n n n n n n n n n n n n n n n n n n n*  n n n n n n n n n n n n n n n n n n n n n n n n n n n n n n n n n n n* *  n

55.8: Count:   0.7 (  0.6) A:  17.8 [16-35] B:  24.2 [16-58] Phase: 42% 29 (31.9) Direction:  {11 169}  92% 89 (19.0) Direction:  {37 143}
Phase: {258,141,171,186,205,200,181,266,190,188,221,236,197,249,218,255,221,259,229,185,200,236,202,212,235,203,181,193,212,186,160,165,210,195,212,208,177,172,201,192,206,182,173,251,163,212,196,238,217,229,245,248,295,275,284,275,293,297,293,306,341,316,334,412,323,346,400,362,465,373,431,417,470,485,427,465,496,503,441,512,546,528,532,527,518,563,506,556,497,482,568,396,529,491,463,417,450,483,410,460,450,349,364,414,349,344,365,307,314,283,251,289,247,221,220,229,196,250,187,162,128,145,163,137,142,123,127,86,81,117,89,106,86,90,64,91,47,66,37,68,67,43,55,48,32,38,43,40,39,28,40,24,29,22,23,19,15,16,21,19,12,6,16,12,8,3,7,7,10,10,15,9,10,7,2,6,5,5,2,2,4,4,12,3,1,8,2,5,2,4,4,1,5,6,5,1,3,7,5,4,0,0,0,4,4,7,1,2,0,3,0,0,1,2,2,0,0,1,3,0,0,0,0,4,0,3,0,1,3,2,0,0,1,0,1,1,0,1,2,0,0,0,0,3,0,0,0,0,0,4,0,0,2,1,2,1,0,2,0,2,1,0,2,0,0,0,0,3,0,0,1,2,1,2,2,0,0,0,3,0,6,1,0,1,0,0,3,2,0,4,0,1,1,0,0,1,1,2,5,0,7,1,7,6,0,2,3,4,8,10,19,7,5,7,9,13,6,8,10,7,16,13,27,25,14,14,16,21,26,30,30,26,29,44,26,47,43,40,40,59,49,59,87,71,69,98,58,87,86,82,134,96,106,116,87,115,187,167,148,119}
Count:   0.1   0.2   0.2   0.3   0.2   1.5   1.5   1.3   1.4   1.4   1.2   1.2   0.9   1.0   0.5   0.2   0.2   0.2   0.3   0.2   0.3   0.2   0.2   0.2   1.9   1.9   1.5   1.4   1.6   1.7   1.3   1.2   1.0   0.4   0.2   0.3   0.2   0.2   0.2   0.2   0.2   0.3   0.3   1.9   1.9   1.5   1.9   1.6   1.6   1.3   1.3   0.9   0.6   0.2   0.2   0.2   0.2   0.3   0.3   0.2   0.3   0.2   0.3   0.2   0.2   0.2   0.7   1.5   1.6   1.8   1.6   1.4   1.6   1.4   1.4   1.3   0.7   0.2   0.2   0.2   0.2   0.2   0.2   0.2   0.2   0.7   1.5   1.9   1.6   1.4   1.4   1.5   1.3   1.2   0.9   0.5   0.2   0.2   0.2   0.3   0.3   0.3   0.2   0.3   0.7   1.4   1.6   1.5   1.4   1.5   1.5   1.2   1.0   0.9   0.3   0.2   0.2   0.2   0.2   0.2   0.2   0.3   0.2   0.4   1.5   1.7   1.7   1.3   1.3   1.3   1.3   0.9   0.9   0.4   0.2   0.2   0.2   0.2   0.2   0.2   0.3   0.2   0.2   0.1   0.2   0.2   0.2   0.5   1.5   1.2   1.1   1.2   1.3   1.1   1.1   1.0   0.8   0.2   0.3   0.2   0.2   0.2   0.2   0.1   0.1   0.2   0.5   1.2   1.3   1.4   1.2   1.3   1.0   1.1   1.0   0.7   0.2   0.2   0.1   0.1   0.2   0.1   0.2   0.2   0.1   0.6   1.3   1.1   0.9   1.2   1.0   1.1   0.8   0.7   0.6   0.2   0.1   0.1   0.1   0.1 
Direction:  n n n n n n n n n n n n n n n n n n n n n n n n n n n n n n n n n n n n n n n n n n n n n n n n n n n n n n n n n n n n n n n n n n n n n n n n n n n n n n n n n n n n n n n n n n n n n n n n n n n n n n n n n n n n n n n n n n n n n n n n n n n n n n n n n n n n n n n n n n n n n n n n n n n n n n n n n n n n n n n n n n n n n n n n n n n n n n n n n n n n n n n n n n n n n n n n n n n n n n n n

55.9: Count:   2.3 (  0.8) A:  17.8 [16-38] B:  23.6 [16-66] Phase: 93% 22 (17.0) Direction:  {8 172}  41% 81 (14.0) Direction:  {33 147}
Phase: {1280,744,1015,1222,1161,1281,1325,1671,1319,1576,1782,1686,1735,2089,1839,2173,2049,2296,2477,1885,1902,2313,2375,2057,2201,1962,1648,2223,1907,1713,1828,1715,1586,1458,1460,1402,1395,1308,1244,1030,1270,1097,876,1120,855,1012,804,952,786,779,819,749,866,687,751,789,789,739,736,803,723,747,804,854,722,760,823,689,800,745,702,692,759,795,753,691,685,720,752,697,758,732,694,786,800,738,750,796,702,660,900,616,675,687,657,655,619,715,595,593,553,499,520,548,462,435,445,461,390,361,354,397,363,299,302,316,285,305,223,201,237,185,179,168,121,174,130,148,174,117,126,121,100,137,87,126,84,91,54,85,70,55,75,49,57,51,45,41,40,49,51,28,27,43,20,28,19,32,32,51,29,25,33,33,17,35,22,22,26,34,12,17,19,21,11,10,20,18,5,7,17,5,2,5,4,12,7,13,8,7,9,5,15,5,10,9,3,7,3,3,3,7,1,4,10,10,5,4,5,3,0,0,4,7,4,1,5,0,6,0,5,2,5,2,0,3,0,1,4,2,0,2,1,5,0,2,0,1,2,1,5,0,4,2,0,2,0,0,0,1,8,2,2,3,2,1,4,1,1,0,1,5,4,1,3,6,5,2,0,3,5,0,4,3,2,1,0,6,7,0,1,7,3,4,2,8,1,15,9,5,14,13,3,11,6,11,4,15,9,1,15,10,5,12,15,10,22,18,17,24,28,34,21,25,30,28,31,33,29,41,32,31,57,63,51,80,54,74,71,66,92,108,89,107,88,122,139,112,176,172,139,210,221,219,236,245,257,321,305,321,420,442,426,547,507,594,595,688,736,703}
Count:   1.6   1.8   1.9   2.0   1.8   3.9   3.6   3.5   3.6   3.5   3.6   3.1   3.0   3.3   2.4   1.6   1.6   1.9   1.9   1.7   1.8   1.6   1.7   1.4   3.4   3.4   3.3   3.2   3.3   3.3   3.0   3.0   2.4   1.7   1.5   1.8   1.3   1.4   1.4   1.6   1.2   1.5   1.8   3.5   3.7   3.4   3.3   3.5   3.4   2.9   3.2   2.7   2.3   1.6   1.4   1.6   1.5   1.5   1.6   1.4   1.7   1.4   1.6   1.5   1.4   1.7   2.2   3.3   3.3   3.4   3.5   3.5   3.5   3.2   3.2   3.3   2.1   1.5   1.4   1.8   1.7   1.7   1.5   1.6   1.7   2.2   3.6   3.8   3.7   3.4   3.0   3.3   3.3   3.0   3.2   2.1   1.9   1.6   1.4   1.6   1.7   1.7   1.8   1.8   2.3   3.6   3.6   3.5   3.4   3.4   3.6   3.5   3.1   2.9   1.8   1.7   1.7   1.8   1.9   1.9   1.9   1.6   1.7   2.1   3.5   3.7   3.6   3.4   3.1   3.0   3.7   3.1   3.1   2.1   1.8   1.7   1.6   1.6   1.5   1.7   1.6   1.6   1.6   1.6   1.8   1.5   1.2   1.7   3.4   3.0   2.8   3.0   3.0   2.8   2.9   2.7   2.6   1.4   1.4   1.3   1.4   1.3   1.5   1.1   1.4   1.3   1.7   2.7   2.8   3.0   2.9   2.8   2.5   2.8   2.7   2.5   1.4   1.4   1.4   1.2   1.4   1.3   1.5   1.4   1.2   2.1   2.9   2.6   2.6   3.1   2.8   2.8   2.5   2.2   2.3   1.5   1.3   1.3   1.3   1.4 
Direction:  n n n n n n n n n n n n n n n n n n n n n n n n n n n n n n n n n n n n n n n n n n n n n n n n n n n n n n n n n n n n n n n n n n n n n n n n n n n n n n n n n n n n n n n n n n n n n n n n n n n n n n n n n n n n n n n n n n n n n n n n n n n n n n n n n n n n n n n n n n n n n n n n n n n n n n n n n n n n n n n n n n n n n n n n n n n n n n n n n n n n n n n n n n n n n n n n n n n n n n n n

56.0: Count:   2.0 (  0.9) A:  17.9 [16-36] B:  24.4 [16-78] Phase: 55% 72 (30.5) Direction:  {29 151}  9% 83 (11.8) Direction:  {34 146}  82% 21 (15.9) Direction:  {8 172}
Phase: {787,496,587,688,767,685,776,1060,823,929,1056,1049,1065,1241,1314,1388,1168,1452,1632,1229,1321,1542,1594,1381,1462,1547,1219,1683,1506,1263,1502,1301,1227,1260,1301,1295,1193,1111,1178,967,1098,960,869,1073,818,1037,806,992,812,826,940,791,890,815,851,819,822,845,816,857,890,842,887,925,779,927,856,904,920,915,946,884,926,850,950,983,907,979,892,925,876,929,835,873,906,843,875,904,831,741,991,691,782,806,683,646,677,634,609,715,591,506,543,530,501,531,469,434,457,370,394,401,389,348,381,324,301,313,273,266,267,273,238,247,238,207,201,161,182,145,137,157,177,145,110,168,84,127,77,78,95,85,69,81,78,91,55,67,71,63,64,48,48,54,40,48,25,53,35,49,32,35,37,33,36,21,20,27,17,21,25,16,19,13,13,19,14,13,5,10,10,7,12,12,9,3,16,5,6,3,3,9,6,8,9,6,14,6,7,1,1,3,3,2,1,2,8,1,3,0,2,3,2,3,2,1,0,0,6,1,0,0,0,2,0,0,0,0,0,2,0,2,3,0,0,6,0,0,0,1,0,0,2,4,0,6,0,5,0,5,2,0,0,0,2,1,0,3,0,0,0,3,0,5,1,3,4,2,1,2,1,0,0,5,6,2,2,1,2,2,4,0,3,1,1,7,6,4,5,2,6,2,11,8,2,0,5,5,6,5,8,8,5,14,6,18,13,7,16,7,10,10,16,14,22,17,11,42,32,29,28,40,39,42,42,31,58,30,74,55,67,62,79,75,67,84,84,73,116,101,105,118,135,194,145,173,182,195,202,231,254,286,250,344,287,414,391,457,436,388}
Count:   1.8   1.7   1.6   1.6   1.6   3.6   3.5   3.5   3.2   3.6   3.4   3.3   2.9   2.9   2.1   1.5   1.1   1.4   1.5   1.3   1.3   1.2   1.3   1.2   3.1   3.1   3.1   3.3   2.9   3.2   3.1   2.9   2.6   1.6   1.0   1.3   1.0   0.9   0.9   1.1   1.0   1.0   1.2   3.0   3.4   3.3   3.0   3.6   3.5   2.8   3.1   2.9   1.9   1.3   1.1   1.1   1.1   1.1   1.1   1.0   1.2   1.1   1.2   1.2   1.1   1.1   1.6   3.1   3.1   2.8   3.6   3.2   3.3   3.0   3.1   2.9   1.8   1.2   1.0   1.2   1.2   1.4   1.2   1.1   1.2   1.7   3.1   3.5   3.4   3.3   3.2   3.1   3.2   2.9   2.9   1.9   1.4   1.4   1.1   1.3   1.2   1.3   1.2   1.4   1.8   3.2   3.2   3.2   3.1   3.5   3.2   3.4   3.0   3.1   1.7   1.3   1.4   1.6   1.5   1.5   1.3   1.3   1.2   1.7   3.5   3.2   3.5   3.4   3.1   2.9   3.1   2.9   2.8   1.7   1.3   1.3   1.2   1.2   1.2   1.2   1.1   1.1   1.1   1.1   1.2   1.0   0.9   1.6   2.9   2.5   2.7   2.8   2.7   2.7   2.7   2.4   2.4   1.0   0.9   0.8   0.9   1.0   1.1   0.9   1.0   1.0   1.3   2.6   2.6   2.7   2.8   2.6   2.7   2.4   2.3   2.4   1.1   1.1   1.0   1.1   0.9   0.9   1.0   1.0   0.8   1.6   2.7   2.5   2.3   2.6   2.5   2.7   2.0   2.2   2.1   1.2   1.0   1.0   0.9   0.9 
B: 20.9 20.5 21.3 20.9 21.4 25.2 24.7 24.7 24.2 24.6 24.8 24.9 24.3 24.3 22.8 21.2 20.7 21.0 20.9 20.4 20.4 20.7 21.2 21.1 26.2 26.1 26.7 26.4 25.5 25.9 26.2 25.1 24.8 23.4 21.2 20.6 21.2 21.4 21.7 21.3 20.2 20.8 21.9 26.1 26.2 25.7 26.1 27.1 26.8 25.8 25.4 24.6 23.0 21.1 21.1 21.2 21.5 20.5 20.8 21.0 21.0 21.1 21.4 20.9 20.9 21.7 24.3 26.2 25.6 26.2 26.2 25.8 26.2 25.3 26.0 25.4 23.6 20.8 21.0 21.2 21.1 20.8 21.7 21.7 20.8 23.3 25.6 25.7 25.6 25.8 25.2 25.1 25.1 25.4 24.4 23.2 21.6 21.3 20.8 22.0 21.2 20.9 21.2 21.3 24.0 26.6 26.1 26.2 26.0 24.9 25.8 25.3 25.1 24.2 21.9 21.9 21.0 20.9 21.0 21.0 20.9 21.1 21.4 22.1 26.4 26.0 26.4 26.6 25.6 25.7 24.6 24.4 24.4 22.1 21.3 20.9 21.9 21.8 21.0 21.6 20.8 21.3 21.1 21.8 20.9 21.6 20.9 23.9 27.2 26.1 26.1 26.5 26.1 26.8 26.3 26.3 25.9 22.1 21.2 22.2 20.5 21.2 21.9 21.6 21.3 21.7 23.9 26.4 27.1 26.9 26.4 27.1 27.2 26.5 26.1 25.7 23.3 22.1 21.2 21.3 21.8 21.4 21.0 21.6 21.7 24.1 26.7 27.5 26.2 26.6 25.3 26.5 26.1 25.3 25.0 21.5 20.8 21.5 21.1 20.8 
Direction:  n n n n n n n n n n n n n n n n n n n n n n n n n n n n n n n n n n n n n n n n n n n n n n n n n n n n n n n n n n n n n n n n n n n n n n n n n n n n n n n n n n n n n n n n n n n n n n n n n n n n n n n n n n n n n n n n n n n n n n n n n n n n n n n n n n n n n n n n n n n n n n n n n n n n n n n n n n n n n n n n n n n n n n n n n n n n n n n n n n n n n n n n n n n n n n n n n n n n n n n n

