54.0: Count:   1.5 (  0.2) A:  20.5 [18-40] B:  32.4 [18-93] Phase: 100% 147 (27.4) Direction:  {49 131}
Phase: {0,0,0,0,0,0,1,0,0,0,0,0,0,0,1,0,1,0,0,0,0,1,0,1,0,0,0,2,2,1,0,3,2,0,1,5,4,1,3,2,4,7,1,4,2,6,8,8,9,11,11,9,9,19,20,13,21,12,33,19,20,30,25,31,36,46,48,41,51,64,61,53,66,62,98,93,80,103,89,110,96,116,144,120,116,139,135,164,162,156,215,163,185,192,163,192,249,220,223,259,268,288,307,337,280,310,399,405,415,416,420,474,491,490,585,569,550,685,677,726,751,756,773,785,849,860,856,911,946,1005,975,1036,965,1159,968,1213,1050,1223,1105,1273,1092,1174,1161,1163,1252,1182,1285,1173,1228,1254,1185,1245,1173,1290,1108,1157,1111,1142,1115,1018,987,960,1088,993,1028,911,902,872,866,881,825,901,740,762,783,713,656,714,613,528,688,513,521,564,495,440,473,411,379,408,333,302,269,296,280,255,224,240,205,194,220,166,189,150,156,162,158,156,145,132,131,113,118,110,120,104,112,89,86,77,71,65,69,69,47,55,41,40,31,38,23,20,22,18,18,17,14,26,15,11,12,8,9,15,4,6,5,4,7,8,8,9,6,2,0,2,4,2,3,3,0,2,1,1,1,0,1,2,1,2,0,1,2,3,0,1,0,0,1,0,0,1,1,0,0,2,1,0,0,0,0,0,0,1,0,0,1,1,0,0,0,0,0,0,0,0,0,0,0,0,1,0,0,1,0,0,0,2,0,0,0,0,0,2,0,0,0,0,1,0,0,0,0,1,0,1,0,0,0,1,0,0,2,2,0,1,0,2,0,0,0,1,1,0,0,0,0,0,0,0}
Count:   1.0   0.9   1.1   1.1   1.3   1.1   1.1   1.1   1.4   1.2   1.3   1.3   1.5   1.3   1.6   1.3   1.5   1.2   1.5   1.3   1.5   1.3   1.5   1.3   1.7   1.4   1.5   1.3   1.5   1.3   1.4   1.4   1.4   1.4   1.5   1.6   1.3   1.4   1.4   1.5   1.4   1.6   1.4   1.5   1.5   1.5   1.3   1.5   1.4   1.5   1.4   1.6   1.4   1.5   1.5   1.6   1.4   1.4   1.4   1.4   1.4   1.6   1.4   1.4   1.4   1.5   1.4   1.3   1.5   1.4   1.4   1.5   1.4   1.4   1.5   1.4   1.5   1.4   1.5   1.4   1.4   1.4   1.4   1.4   1.4   1.5   1.3   1.5   1.3   1.4   1.3   1.5   1.2   1.6   1.4   1.6   1.4   1.6   1.2   1.5   1.4   1.6   1.3   1.6   1.5   1.6   1.6   1.5   1.7   1.6   1.5   1.5   1.5   1.6   1.6   1.5   1.5   1.4   1.6   1.6   1.4   1.6   1.4   1.8   1.5   1.7   1.5   1.8   1.5   1.7   1.5   1.8   1.7   1.7   1.6   1.8   1.7   1.7   1.7   1.7   1.7   1.7   1.7   1.7   1.4   1.6   1.6   1.8   1.5   1.6   1.6   1.7   1.6   1.7   1.5   1.8   1.4   1.5   1.5   1.7   1.5   1.8   1.5   1.7   1.6   1.8   1.5   1.5   1.6   1.5   1.5   1.4   1.7   1.5   1.8   1.5   1.6   1.7   1.7   1.7   1.5   1.6   1.4   1.7   1.6   1.6   1.5   1.6   1.4   1.5   1.4   1.5   1.6   1.5   1.6   1.6   1.6   1.5   1.6   1.5 
Direction:  n n n n n n n n n n n n n n n n n n n n n n n n n n n n n n n n n n n n n n n n n n n n n n n n n n n n n n n n n n n n n n n n n n n n n n n n n n n n n n n n n n n n n n n n n n n n n n n n n n n n n n n n n n n n n n n n n n n n n n n n n n n n n n n n n n n n n n n n n n n n n n n n n n n n n n n n n n n n n n n n n n n n n n n n n n n n n n n n n n n n n n n n n n n n n n n n n n n n n n n n

54.1: Count:   2.0 (  0.2) A:  20.6 [18-38] B:  31.8 [18-92] Phase: 100% 147 (28.5) Direction:  {49 131}
Phase: {0,0,0,0,0,0,0,0,0,1,0,0,0,0,1,0,0,0,0,0,1,0,2,0,1,0,0,1,1,2,1,1,1,4,3,2,5,6,4,1,2,3,2,3,5,7,8,6,4,8,10,5,7,14,9,13,8,29,23,20,27,17,26,26,17,28,37,33,50,38,41,66,62,74,74,66,82,120,100,118,100,121,149,151,165,169,201,222,226,230,320,228,273,331,308,326,383,372,388,415,392,437,455,520,475,532,572,581,600,612,625,694,710,760,786,794,755,940,954,955,1004,1017,1100,1071,1181,1178,1264,1274,1296,1268,1280,1418,1325,1482,1318,1577,1401,1600,1443,1569,1400,1553,1531,1492,1594,1599,1566,1577,1572,1512,1547,1593,1469,1684,1439,1456,1466,1489,1525,1460,1437,1402,1444,1294,1360,1267,1273,1220,1087,1127,1045,1196,1028,940,1011,966,843,847,830,743,930,634,670,676,631,601,605,481,510,511,461,449,399,439,382,362,368,351,331,308,300,288,266,243,263,256,198,176,183,188,176,122,142,105,107,119,87,80,100,68,55,54,37,61,37,44,32,50,22,25,19,20,28,19,14,19,8,10,10,8,4,6,8,6,4,4,2,10,4,3,1,2,3,1,0,0,2,2,1,2,1,0,1,0,3,2,1,4,0,1,0,0,2,0,0,2,0,0,0,0,0,0,0,1,1,0,0,0,0,0,0,1,0,0,0,0,1,1,0,1,0,0,0,0,0,1,1,0,0,1,0,0,0,0,1,2,0,1,0,1,0,0,0,0,0,1,1,0,0,0,0,1,0,0,0,0,0,0,0,0,0,0,0,1,0,0,0,0,0,0,0,1,0,0,0,0,1,0,0,0}
Count:   1.5   1.3   1.6   1.5   1.7   1.5   1.6   1.5   1.9   1.7   1.8   1.5   1.8   1.7   2.0   1.7   2.0   1.6   2.0   1.8   2.1   1.6   2.0   1.8   2.1   1.7   2.0   1.8   2.0   1.6   1.9   1.8   1.9   1.8   1.8   1.9   1.9   1.9   1.9   1.9   2.0   2.0   1.9   2.0   2.0   1.9   1.9   2.0   1.7   2.0   1.8   1.9   1.8   2.0   1.8   1.8   1.9   2.0   1.8   2.0   1.8   2.1   1.9   2.0   1.8   1.9   1.8   1.9   1.8   2.0   1.9   1.9   1.9   2.0   1.8   2.0   2.0   1.9   2.0   2.0   1.8   1.8   1.8   1.9   1.8   1.8   1.8   2.0   1.8   1.9   1.7   2.1   1.7   2.1   1.7   2.2   1.8   2.1   1.6   2.1   1.9   2.1   1.8   2.3   2.0   2.3   1.9   2.2   2.0   2.0   2.0   2.0   2.1   2.2   2.0   2.0   2.1   2.0   2.0   2.2   2.0   2.3   2.1   2.5   2.0   2.4   2.0   2.2   1.8   2.2   2.0   2.3   2.0   2.3   2.0   2.3   2.0   2.3   2.1   2.4   2.2   2.2   2.2   2.1   2.3   2.0   2.0   2.1   2.1   2.1   2.1   2.3   2.1   2.3   1.9   2.3   2.0   2.2   2.0   2.3   2.0   2.1   2.1   2.2   2.0   2.2   2.1   2.2   2.0   2.1   2.2   2.0   2.1   2.1   2.1   2.0   2.2   2.2   2.2   2.3   2.1   2.0   1.9   2.1   2.1   2.0   2.2   2.2   2.0   2.2   1.9   2.1   2.1   2.1   1.9   2.1   2.1   2.0   2.0   1.8 
Direction:  n n n n n n n n n n n n n n n n n n n n n n n n n n n n n n n n n n n n n n n n n n n n n n n n n n n n n n n n n n n n n n n n n n n n n n n n n n n n n n n n n n n n n n n n n n n n n n n n n n n n n n n n n n n n n n n n n n n n n n n n n n n n n n n n n n n n n n n n n n n n n n n n n n n n n n n n n n n n n n n n n n n n n n n n n n n n n n n n n n n n n n n n n n n n n n n n n n n n n n n n

54.2: Count:   2.2 (  0.2) A:  20.7 [18-39] B:  31.9 [18-85] Phase: 100% 146 (28.8) Direction:  {48 132}
Phase: {0,0,0,0,0,0,0,0,0,0,0,0,0,0,0,0,0,0,0,0,0,0,0,0,1,0,0,0,0,0,0,0,0,0,0,0,0,0,1,1,0,0,0,0,0,1,0,2,2,1,1,0,2,1,4,2,2,4,5,1,8,11,6,9,7,5,6,6,7,12,8,16,18,17,21,18,36,29,37,31,41,62,57,64,81,91,112,128,132,131,185,137,225,255,301,272,349,347,382,502,429,489,521,592,618,666,702,749,781,799,802,872,901,989,1011,1010,1027,1237,1224,1223,1201,1300,1366,1321,1400,1388,1426,1439,1509,1589,1480,1665,1471,1682,1488,1738,1633,1741,1608,1778,1575,1660,1660,1641,1767,1734,1593,1666,1733,1635,1725,1702,1715,1767,1539,1588,1650,1663,1557,1612,1593,1473,1607,1530,1492,1408,1393,1455,1322,1306,1301,1342,1176,1222,1233,1044,1039,1032,940,840,1060,801,838,855,745,732,753,592,632,638,525,516,477,495,407,400,389,354,306,264,216,215,181,164,156,97,103,130,80,68,63,52,47,55,32,28,44,31,20,13,13,17,9,14,13,5,8,6,10,7,3,2,5,6,3,4,3,3,1,0,1,0,3,0,2,2,2,3,1,0,0,0,0,1,0,0,0,0,0,0,0,0,0,0,0,0,0,0,0,0,0,0,0,0,0,0,0,1,0,1,0,0,0,0,0,0,0,0,0,0,0,0,0,0,0,0,0,0,0,0,0,0,0,0,0,0,0,0,0,0,0,0,0,0,0,0,0,0,0,0,0,0,0,0,0,0,0,0,0,0,0,0,0,0,0,0,0,0,0,0,0,0,0,0,0,0,0,0,0,0,0,0,0,0,0,0,0,0,0,0}
Count:   1.8   1.5   1.7   1.6   1.9   1.6   1.9   1.5   2.0   1.8   1.9   1.7   2.2   1.8   2.1   1.9   2.2   1.7   2.3   1.9   2.4   1.7   2.2   1.9   2.3   1.8   2.4   2.0   2.2   1.8   2.1   1.8   2.1   1.8   2.3   2.1   2.3   2.1   2.2   2.0   2.2   2.1   2.1   2.2   2.1   2.1   2.2   2.3   2.0   2.3   2.1   2.1   2.0   2.2   2.1   2.2   2.0   2.3   2.0   2.1   2.0   2.2   2.0   2.1   1.9   2.3   2.1   2.0   2.1   2.2   2.1   2.2   2.0   2.2   2.1   2.1   2.1   2.2   2.1   2.2   2.0   1.9   2.0   2.1   2.1   2.1   1.9   2.2   2.1   2.1   1.8   2.2   1.9   2.3   1.9   2.3   1.9   2.2   1.8   2.5   1.9   2.4   2.0   2.6   2.1   2.4   2.0   2.6   2.1   2.5   2.1   2.4   2.1   2.4   2.1   2.4   2.1   2.3   2.1   2.3   2.2   2.3   2.2   2.6   2.3   2.4   2.2   2.4   2.1   2.6   2.1   2.5   2.1   2.6   2.1   2.9   2.1   2.6   2.2   2.5   2.2   2.4   2.3   2.4   2.6   2.2   2.2   2.4   2.2   2.3   2.2   2.4   2.3   2.4   2.0   2.4   2.3   2.5   2.2   2.5   2.2   2.4   2.1   2.4   2.2   2.4   2.2   2.4   2.3   2.4   2.3   2.3   2.4   2.2   2.2   2.2   2.4   2.4   2.6   2.4   2.4   2.0   2.2   2.3   2.2   2.2   2.3   2.4   2.2   2.3   2.2   2.3   2.1   2.2   2.3   2.2   2.3   2.2   2.3   2.2 
Direction:  n n n n n n n n n n n n n n n n n n n n n n n n n n n n n n n n n n n n n n n n n n n n n n n n n n n n n n n n n n n n n n n n n n n n n n n n n n n n n n n n n n n n n n n n n n n n n n n n n n n n n n n n n n n n n n n n n n n n n n n n n n n n n n n n n n n n n n n n n n n n n n n n n n n n n n n n n n n n n n n n n n n n n n n n n n n n n n n n n n n n n n n n n n n n n n n n n n n n n n n n

54.3: Count:   1.8 (  0.2) A:  20.3 [18-38] B:  33.9 [18-85] Phase: 100% 145 (22.2) Direction:  {48 132}
Phase: {0,0,0,0,0,0,0,0,0,0,0,0,0,0,0,0,0,0,0,0,0,0,0,0,0,0,0,0,0,0,0,0,0,0,0,0,0,0,0,0,0,0,0,0,0,0,0,0,0,0,0,0,0,0,0,0,0,0,0,0,0,0,0,2,0,6,4,2,0,0,5,8,5,4,4,3,6,12,8,9,8,5,11,18,32,12,15,34,19,36,48,38,48,68,79,84,99,111,128,145,173,189,227,229,258,275,350,328,407,444,444,558,605,586,710,702,706,825,826,904,1031,1038,1064,1167,1228,1367,1381,1409,1477,1474,1430,1626,1542,1682,1684,1829,1686,1938,1766,1808,1641,1816,1822,1837,1799,1887,1821,1770,1835,1705,1760,1859,1753,1765,1535,1751,1708,1592,1604,1643,1473,1529,1538,1483,1436,1345,1294,1312,1112,1178,1019,1056,956,820,820,735,699,686,606,557,562,443,483,440,360,315,333,331,269,249,199,162,173,153,127,109,108,76,91,66,60,56,31,27,30,26,26,22,13,18,6,5,13,6,8,10,6,1,3,4,0,3,2,4,1,3,0,1,0,1,2,1,0,0,0,0,0,1,0,2,0,0,0,0,0,0,0,0,0,0,0,0,0,0,0,0,0,0,0,0,0,0,0,0,0,0,0,0,0,0,0,0,0,0,0,0,0,0,0,0,0,0,0,0,0,0,0,0,0,0,0,0,0,0,0,0,0,0,0,0,0,0,0,0,0,0,0,0,0,0,0,0,0,0,0,0,0,0,0,0,0,0,0,0,0,0,0,0,0,0,0,0,0,0,0,0,0,0,0,0,0,0,0,0,0,0,0,0,0,0,0,0,0,0,0,0,0,0,0,0}
Count:   1.4   1.2   1.4   1.2   1.5   1.3   1.4   1.2   1.7   1.4   1.5   1.3   1.7   1.5   1.8   1.5   2.0   1.4   1.9   1.6   1.9   1.4   1.9   1.4   1.9   1.4   2.0   1.5   1.7   1.4   1.7   1.5   1.7   1.6   1.9   1.6   1.9   1.5   1.8   1.7   1.9   1.6   1.8   1.8   1.8   1.6   1.7   1.9   1.8   1.7   1.7   1.7   1.7   1.8   1.9   1.8   1.7   1.9   1.6   1.8   1.6   1.8   1.7   1.7   1.7   1.8   1.7   1.7   1.6   1.7   1.6   1.6   1.8   1.8   1.7   1.7   1.7   1.8   1.6   1.8   1.6   1.7   1.6   1.6   1.8   1.7   1.8   1.8   1.6   1.8   1.5   1.6   1.6   1.9   1.3   1.8   1.6   1.9   1.3   1.9   1.5   2.1   1.6   2.0   2.0   2.2   1.6   2.2   1.7   2.2   1.8   1.9   1.8   2.0   1.8   2.0   1.9   1.9   1.9   2.0   1.9   1.9   2.0   2.2   1.9   2.1   2.0   2.1   1.7   2.1   1.8   2.1   1.8   2.3   2.0   2.3   1.8   2.1   1.9   2.2   1.8   2.2   1.9   2.1   2.1   1.8   2.1   1.8   2.0   2.1   2.1   1.8   1.9   2.0   1.9   2.2   1.9   1.9   1.9   1.9   2.1   1.9   1.7   1.9   1.8   2.0   1.9   2.0   2.1   1.8   2.1   1.9   2.0   1.9   2.0   1.9   2.0   1.9   1.9   2.0   2.1   1.8   2.0   1.7   1.8   1.8   2.0   1.9   1.8   1.9   2.1   1.8   1.8   2.0   1.9   1.8   1.9   1.9   1.9   1.6 
Direction:  n n n n n n n n n n n n n n n n n n n n n n n n n n n n n n n n n n n n n n n n n n n n n n n n n n n n n n n n n n n n n n n n n n n n n n n n n n n n n n n n n n n n n n n n n n n n n n n n n n n n n n n n n n n n n n n n n n n n n n n n n n n n n n n n n n n n n n n n n n n n n n n n n n n n n n n n n n n n n n n n n n n n n n n n n n n n n n n n n n n n n n n n n n n n n n n n n n n n n n n n

54.4: Count:   1.5 (  0.2) A:  20.0 [18-36] B:  35.7 [18-85] Phase: 100% 145 (18.2) Direction:  {47 133}
Phase: {0,0,0,0,0,0,0,0,0,0,0,0,0,0,0,0,0,0,0,0,0,0,0,0,0,0,0,0,0,0,0,0,0,0,0,0,0,0,0,0,0,0,0,0,0,0,0,0,0,0,0,0,0,0,0,0,0,0,0,0,0,0,0,0,0,0,0,0,0,0,0,1,1,0,0,0,2,3,0,0,0,6,2,3,1,1,3,6,2,5,4,7,9,5,7,15,28,18,32,54,43,44,66,83,87,102,119,137,181,167,184,222,278,335,404,437,473,563,571,682,683,778,895,900,1075,1038,1225,1194,1241,1331,1428,1519,1404,1712,1566,1777,1610,1859,1685,1980,1774,1882,1925,1881,1921,1865,1881,1665,1857,1816,1762,1755,1695,1871,1672,1668,1637,1693,1588,1488,1400,1261,1467,1191,1231,1187,1106,998,911,820,778,773,705,579,613,484,438,373,320,253,326,194,237,167,129,133,134,97,74,67,53,24,25,41,23,18,23,14,24,11,11,10,5,2,3,3,1,3,5,2,0,0,0,0,0,3,3,0,0,0,0,0,0,0,0,0,0,0,0,0,0,0,1,0,0,0,0,0,0,0,0,1,0,0,0,0,0,0,0,0,0,0,0,0,0,0,0,0,0,0,0,0,0,0,0,0,0,0,0,0,0,0,0,0,0,0,0,0,0,0,0,0,0,0,0,0,0,0,0,0,0,0,0,0,0,0,0,0,0,0,0,0,0,0,0,0,0,0,0,0,0,0,0,0,0,0,0,0,0,0,0,0,0,0,0,0,0,0,0,0,0,0,0,0,0,0,0,0,0,0,0,0,0,0,0,0,0,0,0,0,0,0,0,0,0,0,0,0,0,0}
Count:   1.3   0.9   1.1   1.0   1.0   1.1   1.2   1.0   1.3   1.1   1.3   1.2   1.6   1.3   1.4   1.1   1.6   1.1   1.5   1.3   1.5   1.3   1.5   1.3   1.6   1.0   1.5   1.3   1.5   1.0   1.4   1.4   1.6   1.1   1.6   1.3   1.8   1.0   1.3   1.2   1.5   1.2   1.7   1.4   1.5   1.3   1.5   1.5   1.5   1.2   1.4   1.5   1.4   1.4   1.6   1.5   1.3   1.6   1.4   1.4   1.4   1.3   1.3   1.4   1.3   1.5   1.5   1.4   1.2   1.5   1.4   1.3   1.5   1.5   1.4   1.4   1.4   1.6   1.4   1.4   1.4   1.3   1.6   1.2   1.5   1.2   1.4   1.4   1.4   1.4   1.3   1.3   1.6   1.6   1.2   1.4   1.2   1.5   1.2   1.5   1.3   1.7   1.2   1.7   1.5   1.6   1.4   1.8   1.6   1.6   1.6   1.6   1.6   1.8   1.6   1.5   1.5   1.6   1.8   1.7   1.7   1.6   1.7   1.8   1.6   1.6   1.8   1.9   1.7   1.7   1.6   1.9   1.5   1.8   1.7   1.9   1.6   1.8   1.8   1.7   1.6   1.8   1.8   1.8   1.8   1.7   1.6   1.6   1.7   1.8   1.9   1.6   1.9   1.5   1.6   1.6   2.0   1.7   1.7   1.6   1.8   1.7   1.6   1.6   1.6   1.6   1.5   1.6   1.8   1.6   1.7   1.5   1.7   1.4   1.7   1.5   1.7   1.5   1.8   1.6   1.8   1.4   1.8   1.5   1.6   1.5   1.7   1.7   1.7   1.2   1.6   1.6   1.5   1.5   1.8   1.6   1.6   1.5   1.8   1.4 
Direction:  n n n n n n n n n n n n n n n n n n n n n n n n n n n n n n n n n n n n n n n n n n n n n n n n n n n n n n n n n n n n n n n n n n n n n n n n n n n n n n n n n n n n n n n n n n n n n n n n n n n n n n n n n n n n n n n n n n n n n n n n n n n n n n n n n n n n n n n n n n n n n n n n n n n n n n n n n n n n n n n n n n n n n n n n n n n n n n n n n n n n n n n n n n n n n n n n n n n n n n n n

54.5: Count:   1.4 (  0.2) A:  20.0 [18-37] B:  35.7 [18-86] Phase: 100% 145 (17.2) Direction:  {47 133}
Phase: {0,0,0,0,0,0,0,0,0,0,0,0,0,0,0,0,0,0,0,0,0,0,0,0,0,0,0,0,0,0,0,0,0,0,0,0,0,0,0,0,0,0,0,0,0,0,0,0,0,0,0,0,0,0,0,0,0,0,0,0,0,0,0,0,0,0,0,0,0,0,2,0,0,0,0,2,2,4,4,0,0,5,7,1,2,0,1,10,11,5,4,17,9,27,15,19,18,39,43,41,46,58,60,65,115,106,114,139,157,180,214,196,269,266,305,379,409,515,436,546,652,678,747,761,879,971,1000,1186,1211,1265,1331,1413,1337,1512,1473,1632,1530,1754,1627,1790,1677,1777,1889,1871,1876,1797,1783,1734,1736,1771,1733,1757,1692,1711,1513,1603,1570,1560,1472,1439,1339,1263,1243,1036,1141,1020,980,881,791,709,641,653,490,488,481,403,326,353,297,222,216,154,180,131,106,110,73,95,78,48,30,47,41,39,25,26,20,35,14,15,6,8,13,8,5,9,2,4,0,1,1,3,3,1,0,1,0,0,0,0,0,0,0,0,0,0,0,0,0,0,0,0,0,0,0,0,0,0,0,0,0,0,0,0,0,0,0,0,0,0,0,0,0,0,0,0,0,0,0,0,0,0,0,0,0,0,0,0,0,0,0,0,0,0,0,0,0,0,0,0,0,0,0,0,0,0,0,0,0,0,0,0,0,0,0,0,0,0,0,0,0,0,0,0,0,0,0,0,0,0,0,0,0,0,0,0,0,0,0,0,0,0,0,0,0,0,0,0,0,0,0,0,0,0,0,0,0,0,0,0,0,0,0,0,0,0,0,0,0,0,0,0,0,0,0,0,0,0,0,0}
Count:   1.0   1.0   0.9   1.0   1.1   1.1   1.1   1.0   1.1   1.0   1.1   1.1   1.4   1.2   1.2   1.1   1.5   1.1   1.2   1.2   1.4   1.1   1.4   1.2   1.4   1.0   1.4   1.2   1.4   1.1   1.4   1.4   1.6   1.1   1.4   1.1   1.5   1.0   1.4   1.2   1.6   1.0   1.5   1.1   1.4   1.1   1.4   1.2   1.5   1.0   1.5   1.3   1.5   1.2   1.4   1.3   1.3   1.4   1.3   1.1   1.3   1.2   1.5   1.2   1.2   1.4   1.4   1.2   1.2   1.3   1.5   1.2   1.3   1.2   1.3   1.3   1.4   1.3   1.4   1.2   1.3   1.1   1.5   1.2   1.3   1.2   1.4   1.0   1.4   1.0   1.3   1.1   1.4   1.3   1.2   1.3   1.3   1.1   1.2   1.4   1.5   1.4   1.3   1.7   1.4   1.7   1.4   1.6   1.4   1.4   1.6   1.5   1.4   1.4   1.6   1.5   1.5   1.3   1.5   1.3   1.6   1.5   1.6   1.6   1.6   1.3   1.8   1.5   1.6   1.6   1.8   1.8   1.6   1.5   1.5   1.7   1.6   1.7   1.8   1.8   1.4   1.6   1.8   1.5   1.5   1.6   1.6   1.4   1.6   1.5   1.8   1.4   1.7   1.6   1.5   1.3   1.8   1.4   1.5   1.3   1.6   1.7   1.4   1.8   1.8   1.7   1.5   1.6   1.6   1.6   1.5   1.5   1.8   1.4   1.5   1.5   1.6   1.3   1.6   1.6   1.8   1.3   1.7   1.4   1.6   1.3   1.8   1.5   1.7   1.2   1.5   1.5   1.5   1.2   1.5   1.4   1.5   1.2   1.5   1.4 
Direction:  n n n n n n n n n n n n n n n n n n n n n n n n n n n n n n n n n n n n n n n n n n n n n n n n n n n n n n n n n n n n n n n n n n n n n n n n n n n n n n n n n n n n n n n n n n n n n n n n n n n n n n n n n n n n n n n n n n n n n n n n n n n n n n n n n n n n n n n n n n n n n n n n n n n n n n n n n n n n n n n n n n n n n n n n n n n n n n n n n n n n n n n n n n n n n n n n n n n n n n n n

54.6: Count:   1.3 (  0.2) A:  20.1 [18-36] B:  35.3 [18-84] Phase: 100% 145 (17.6) Direction:  {47 133}
Phase: {0,0,0,0,0,0,0,0,0,0,0,0,0,0,0,0,0,0,0,0,0,0,0,0,0,0,0,0,0,0,0,0,0,0,0,0,0,0,0,0,0,0,0,0,0,0,0,0,0,0,0,0,0,0,0,0,0,0,0,0,0,0,0,0,0,0,0,0,0,0,0,0,0,2,0,0,3,0,6,2,1,0,0,1,7,6,5,14,8,14,21,13,15,12,23,20,26,42,50,70,56,62,77,101,113,155,153,182,207,189,216,306,294,338,378,444,400,556,538,576,606,635,697,706,782,943,927,903,996,1060,1109,1237,1212,1340,1245,1490,1355,1478,1484,1628,1508,1645,1656,1565,1685,1669,1633,1595,1704,1552,1564,1717,1484,1564,1331,1453,1251,1281,1252,1216,1102,988,1167,961,949,875,759,760,656,692,556,543,501,474,489,396,416,353,341,239,276,232,218,184,173,169,143,98,104,83,83,75,57,39,43,23,26,17,15,14,7,8,14,5,7,6,5,5,0,2,4,5,1,1,3,0,0,0,1,0,0,0,0,2,0,1,0,0,0,0,0,0,0,0,0,0,0,0,0,0,0,0,0,0,0,0,0,0,0,0,0,0,0,0,0,0,0,0,0,0,0,0,0,0,0,0,0,0,0,0,0,0,0,0,0,0,0,0,0,0,0,0,0,0,0,0,0,0,0,0,0,0,0,0,0,0,0,0,0,0,0,0,0,0,0,0,0,0,0,0,0,0,0,0,0,0,0,0,0,0,0,0,0,0,0,0,0,0,0,0,0,0,0,0,0,0,0,0,0,0,0,0,0,0,0,0,0,0,0,0,0,0,0,0,0,0,0,0,0,0}
Count:   0.8   0.8   0.8   0.9   0.9   1.1   1.1   1.0   0.9   1.1   1.0   1.0   1.2   1.1   1.0   1.2   1.3   1.2   1.1   1.1   1.3   1.1   1.2   1.3   1.2   1.0   1.3   1.1   1.3   1.0   1.3   1.0   1.4   0.9   1.3   1.1   1.3   0.9   1.3   1.1   1.4   0.9   1.3   1.0   1.3   0.9   1.4   1.2   1.3   1.1   1.7   1.1   1.3   1.0   1.3   1.2   1.2   1.1   1.3   1.2   1.0   1.1   1.4   1.2   1.2   1.3   1.3   1.1   1.2   1.0   1.4   1.1   1.2   1.2   1.2   1.1   1.2   1.2   1.2   1.1   1.1   1.2   1.3   1.1   1.4   0.9   1.4   0.9   1.2   1.1   1.2   1.0   1.2   1.2   1.2   1.1   1.3   1.1   1.2   1.3   1.5   1.2   1.1   1.4   1.5   1.4   1.5   1.5   1.5   1.2   1.4   1.4   1.4   1.3   1.4   1.3   1.5   1.1   1.3   1.2   1.7   1.3   1.5   1.4   1.8   1.3   1.7   1.4   1.4   1.3   1.5   1.5   1.7   1.3   1.4   1.6   1.5   1.3   1.7   1.5   1.5   1.3   1.4   1.2   1.5   1.3   1.3   1.3   1.5   1.4   1.8   1.3   1.6   1.5   1.5   1.3   1.7   1.3   1.5   1.1   1.7   1.5   1.3   1.2   1.6   1.6   1.4   1.3   1.7   1.4   1.3   1.3   1.6   1.3   1.3   1.4   1.5   1.2   1.4   1.3   1.7   1.1   1.4   1.4   1.5   1.2   1.6   1.3   1.5   1.1   1.6   1.3   1.3   1.2   1.5   1.4   1.3   1.2   1.4   1.4 
Direction:  n n n n n n n n n n n n n n n n n n n n n n n n n n n n n n n n n n n n n n n n n n n n n n n n n n n n n n n n n n n n n n n n n n n n n n n n n n n n n n n n n n n n n n n n n n n n n n n n n n n n n n n n n n n n n n n n n n n n n n n n n n n n n n n n n n n n n n n n n n n n n n n n n n n n n n n n n n n n n n n n n n n n n n n n n n n n n n n n n n n n n n n n n n n n n n n n n n n n n n n n

54.7: Count:   1.3 (  0.2) A:  20.1 [18-37] B:  33.9 [18-82] Phase: 100% 144 (19.1) Direction:  {47 133}
Phase: {0,0,0,0,0,0,0,0,0,0,0,0,0,0,0,0,0,0,0,0,0,0,0,0,0,0,0,0,0,0,0,0,0,0,0,0,0,0,0,0,0,0,0,0,0,0,0,0,0,0,0,0,0,0,0,0,0,0,0,2,0,0,0,0,0,1,0,0,0,0,0,0,8,0,2,5,5,3,2,1,4,6,0,5,10,6,4,9,10,21,19,14,27,35,25,37,37,50,48,79,84,75,116,132,109,183,158,235,228,242,284,309,413,351,429,475,459,592,552,607,666,729,764,773,870,956,1000,1092,1134,1141,1087,1416,1261,1439,1292,1454,1370,1459,1360,1555,1394,1551,1490,1546,1548,1559,1555,1490,1485,1508,1496,1497,1438,1373,1222,1323,1258,1295,1275,1247,1181,1014,1090,981,973,910,776,803,698,653,693,596,554,539,530,388,353,361,288,242,325,199,243,204,192,146,141,144,102,112,62,63,38,47,38,27,32,22,23,22,12,22,12,7,5,4,5,5,2,0,0,2,2,2,1,0,1,0,0,0,0,2,0,0,1,0,0,2,0,0,0,0,0,0,0,0,0,0,0,0,0,0,0,0,0,0,0,0,0,0,0,0,0,0,0,0,0,0,0,0,0,0,0,0,0,0,0,0,0,0,0,0,0,0,0,0,0,0,0,0,0,0,0,0,0,0,0,0,0,0,0,0,0,0,0,0,0,0,0,0,0,0,0,0,0,0,0,0,0,0,0,0,0,0,0,0,0,0,0,0,0,0,0,0,0,0,0,0,0,0,0,0,0,0,0,0,0,0,0,0,0,0,0,0,0,0,0,0,0,0,0,0,0,0,0,0,0,0,0,0}
Count:   0.9   0.9   0.8   0.9   0.8   1.2   0.9   0.9   1.0   1.1   1.0   1.0   1.3   1.4   1.0   1.0   1.3   1.2   1.0   1.1   1.3   1.3   1.1   1.2   1.4   1.2   1.3   1.0   1.4   1.0   1.4   1.3   1.3   1.1   1.2   1.2   1.3   1.1   1.4   1.1   1.3   1.1   1.2   1.1   1.2   0.8   1.4   1.2   1.4   1.1   1.5   1.2   1.2   1.0   1.4   1.1   1.3   1.1   1.5   1.3   1.2   1.2   1.3   1.3   1.0   1.1   1.3   1.2   1.1   1.1   1.3   1.1   1.2   1.0   1.2   1.1   1.1   1.1   1.4   1.1   1.1   1.0   1.4   1.1   1.4   0.8   1.3   1.0   1.3   1.1   1.3   1.0   1.3   1.0   1.3   1.0   1.4   1.0   1.2   1.2   1.5   1.3   1.3   1.1   1.4   1.3   1.5   1.3   1.6   1.3   1.3   1.3   1.5   1.3   1.4   1.5   1.5   1.2   1.4   1.2   1.6   1.4   1.6   1.3   1.8   1.1   1.6   1.2   1.5   1.2   1.5   1.4   1.5   1.4   1.6   1.8   1.3   1.3   1.6   1.7   1.5   1.5   1.4   1.3   1.5   1.4   1.3   1.2   1.5   1.3   1.4   1.2   1.5   1.3   1.5   1.2   1.8   1.4   1.7   1.3   1.7   1.1   1.3   1.2   1.6   1.4   1.2   1.1   1.5   1.4   1.5   1.3   1.5   1.3   1.4   1.4   1.7   1.4   1.5   1.3   1.6   1.2   1.4   1.2   1.6   1.2   1.5   1.3   1.4   1.0   1.5   1.2   1.4   1.2   1.7   1.4   1.4   1.3   1.3   1.6 
Direction:  n n n n n n n n n n n n n n n n n n n n n n n n n n n n n n n n n n n n n n n n n n n n n n n n n n n n n n n n n n n n n n n n n n n n n n n n n n n n n n n n n n n n n n n n n n n n n n n n n n n n n n n n n n n n n n n n n n n n n n n n n n n n n n n n n n n n n n n n n n n n n n n n n n n n n n n n n n n n n n n n n n n n n n n n n n n n n n n n n n n n n n n n n n n n n n n n n n n n n n n n

54.8: Count:   1.2 (  0.2) A:  20.1 [18-37] B:  32.6 [18-82] Phase: 100% 144 (20.3) Direction:  {47 133}
Phase: {0,0,0,0,0,0,0,0,0,0,0,0,0,0,0,0,0,0,0,0,0,0,0,0,0,0,0,0,0,0,0,0,0,0,0,0,0,0,0,0,0,0,0,0,0,0,0,0,0,0,0,0,0,0,0,0,0,0,0,0,1,1,1,0,0,0,0,0,0,2,0,1,3,0,3,3,6,3,8,3,7,7,3,3,9,10,8,11,26,15,38,29,40,37,37,52,55,54,69,98,111,126,126,131,158,197,194,218,298,311,308,296,392,394,433,460,449,615,561,632,661,701,706,746,731,835,953,907,1002,1028,996,1162,1082,1306,1126,1292,1245,1314,1265,1345,1177,1356,1225,1242,1293,1256,1260,1264,1324,1280,1215,1270,1180,1293,1147,1250,1203,1175,1050,1009,942,885,851,884,787,780,746,721,627,622,641,549,493,416,447,412,351,366,289,252,311,206,207,233,179,200,139,112,124,116,96,63,80,66,68,53,49,27,34,23,15,18,27,9,14,10,7,5,9,5,6,6,2,1,0,4,0,3,3,2,2,0,0,1,0,0,1,0,0,0,0,0,0,0,0,0,0,1,0,0,0,0,0,0,0,0,0,0,0,0,0,0,0,0,0,0,0,0,0,0,0,0,0,0,0,0,0,0,0,0,0,0,0,0,0,0,0,0,0,0,0,0,0,0,0,0,0,0,0,0,0,0,0,0,0,0,0,0,0,0,0,0,0,0,0,0,0,0,0,0,0,0,0,0,0,0,0,0,0,0,0,0,0,0,0,0,0,0,0,0,0,0,0,0,0,0,0,0,0,0,0,0,0,0,0,0,0,0,0,0,0,0,0,0,0,0,0,0,0,0}
Count:   0.7   0.8   0.9   1.0   0.7   0.8   0.8   1.0   0.8   0.9   0.7   1.0   1.0   1.4   0.9   1.0   1.1   1.3   0.8   1.1   1.0   1.4   0.8   1.0   1.1   1.2   1.1   1.0   1.1   1.3   1.0   1.2   1.1   1.0   1.0   1.0   1.0   1.1   1.3   1.0   1.1   1.0   1.2   1.0   1.1   0.8   1.3   1.0   1.2   0.8   1.2   1.1   1.2   0.8   1.2   1.1   1.2   0.9   1.5   1.1   1.2   1.0   1.2   1.2   1.0   1.0   1.0   1.0   1.1   1.0   1.2   1.0   1.2   1.1   1.2   1.0   1.2   1.0   1.4   1.1   1.2   1.1   1.2   1.0   1.3   0.9   1.2   1.1   1.2   1.0   1.2   0.8   1.2   0.9   1.3   0.9   1.3   0.9   1.3   0.9   1.4   1.0   1.0   0.9   1.5   1.2   1.2   1.2   1.6   1.2   1.2   1.2   1.1   1.1   1.3   1.3   1.3   1.2   1.1   1.0   1.2   1.1   1.5   1.1   1.7   1.0   1.4   1.0   1.5   1.1   1.3   1.3   1.3   0.9   1.4   1.4   1.2   1.1   1.3   1.4   1.3   1.5   1.3   1.3   1.3   1.1   1.3   1.2   1.6   1.2   1.2   1.1   1.5   1.2   1.3   1.0   1.5   1.0   1.3   1.2   1.5   1.2   1.4   1.1   1.5   1.2   1.1   1.2   1.5   1.1   1.3   1.2   1.4   1.1   1.3   1.2   1.5   1.3   1.2   1.4   1.4   1.1   1.2   1.1   1.5   1.1   1.2   1.1   1.5   0.9   1.3   1.2   1.1   1.0   1.3   1.4   1.2   1.2   1.1   1.6 
Direction:  n n n n n n n n n n n n n n n n n n n n n n n n n n n n n n n n n n n n n n n n n n n n n n n n n n n n n n n n n n n n n n n n n n n n n n n n n n n n n n n n n n n n n n n n n n n n n n n n n n n n n n n n n n n n n n n n n n n n n n n n n n n n n n n n n n n n n n n n n n n n n n n n n n n n n n n n n n n n n n n n n n n n n n n n n n n n n n n n n n n n n n n n n n n n n n n n n n n n n n n n

54.9: Count:   0.9 (  0.2) A:  19.7 [18-34] B:  32.4 [18-72] Phase: 100% 144 (18.1) Direction:  {47 133}
Phase: {0,0,0,0,0,0,0,0,0,0,0,0,0,0,0,0,0,0,0,0,0,0,0,0,0,0,0,0,0,0,0,0,0,0,0,0,0,0,0,0,0,0,0,0,0,0,0,0,0,0,0,0,0,0,0,0,0,0,0,0,0,0,0,0,0,0,0,2,3,0,1,0,2,0,0,0,0,2,2,4,6,2,3,2,0,1,2,11,7,16,11,6,10,13,8,14,15,27,30,27,41,38,39,84,71,66,124,86,112,124,139,146,169,204,241,253,289,340,420,443,398,497,538,494,617,650,715,730,829,871,840,928,858,1005,932,1059,978,1067,1007,1099,1011,1071,1061,1082,1097,1070,1075,989,1086,995,1035,987,923,1043,850,931,843,918,823,805,792,698,754,619,659,591,503,524,445,432,416,384,309,272,293,256,212,208,191,133,160,106,90,97,62,53,54,50,40,36,25,29,27,26,20,23,21,21,7,4,7,5,3,4,3,3,0,4,0,2,0,0,0,0,0,3,0,0,2,1,0,0,0,0,0,0,0,0,1,0,0,0,0,0,0,0,0,0,0,0,0,0,0,0,0,0,0,0,0,0,0,0,0,0,0,0,0,0,0,0,0,0,0,0,0,0,0,0,0,0,0,0,0,0,0,0,0,0,0,0,0,0,0,0,0,0,0,0,0,0,0,0,0,0,0,0,0,0,0,0,0,0,0,0,0,0,0,0,0,0,0,0,0,0,0,0,0,0,0,0,0,0,0,0,0,0,0,0,0,0,0,0,0,0,0,0,0,0,0,0,0,0,0,0,0,0,0,0,0,0,0,0,0,0,0,0,0,0,0,0}
Count:   0.3   0.6   0.7   0.7   0.5   0.6   0.6   0.7   0.4   0.7   0.5   0.7   0.6   1.0   0.6   0.8   0.7   1.0   0.6   0.9   0.6   0.8   0.5   0.8   0.7   0.8   0.6   0.7   0.9   1.0   0.7   1.0   0.9   0.9   0.5   0.7   0.7   0.7   0.9   0.8   1.0   0.8   0.9   0.7   1.0   0.6   0.9   0.7   0.8   0.6   0.9   0.8   0.9   0.8   1.0   0.8   0.9   0.6   1.0   0.8   0.7   0.6   1.0   0.9   1.0   0.7   0.8   0.7   0.8   0.7   0.9   0.7   0.9   1.0   0.9   0.8   1.0   0.7   1.0   0.6   0.8   0.7   0.9   0.7   0.9   0.6   0.9   0.6   0.9   0.5   0.8   0.7   0.8   0.5   0.9   0.6   1.0   0.5   0.9   0.7   1.0   0.8   0.8   0.5   1.0   0.8   0.9   0.7   1.0   0.8   0.9   0.8   1.1   0.7   1.1   0.7   1.2   0.9   1.0   0.9   1.0   0.7   1.2   0.8   1.3   0.7   1.1   0.8   1.1   0.8   1.2   0.9   1.2   0.7   1.1   0.9   1.1   0.8   0.9   0.9   0.9   1.0   0.9   1.0   1.1   0.8   1.1   0.9   1.3   0.9   0.9   0.8   1.3   0.8   1.0   1.0   1.1   0.9   0.9   0.8   1.2   0.9   1.3   0.7   1.3   0.9   0.9   0.9   1.3   0.9   0.9   0.7   1.0   0.7   1.0   0.9   0.9   0.8   0.9   1.1   1.0   0.9   1.2   0.8   1.2   1.0   1.1   0.8   1.1   0.9   0.9   0.9   0.9   0.6   1.0   1.0   0.8   0.7   1.0   1.1 
Direction:  n n n n n n n n n n n n n n n n n n n n n n n n n n n n n n n n n n n n n n n n n n n n n n n n n n n n n n n n n n n n n n n n n n n n n n n n n n n n n n n n n n n n n n n n n n n n n n n n n n n n n n n n n n n n n n n n n n n n n n n n n n n n n n n n n n n n n n n n n n n n n n n n n n n n n n n n n n n n n n n n n n n n n n n n n n n n n n n n n n n n n n n n n n n n n n n n n n n n n n n n

55.0: Count:   0.6 (  0.1) A:  19.4 [18-31] B:  32.6 [18-77] Phase: 100% 144 (16.0) Direction:  {47 133}
Phase: {0,0,0,0,0,0,0,0,0,0,0,0,0,0,0,0,0,0,0,0,0,0,0,0,0,0,0,0,0,0,0,0,0,0,0,0,0,0,0,0,0,0,0,0,0,0,0,0,0,0,0,0,0,0,0,0,0,0,0,0,0,0,0,0,0,0,0,0,0,0,0,0,0,0,1,0,0,0,0,0,0,0,0,0,0,0,0,0,1,0,0,3,1,1,0,5,7,8,2,5,12,8,19,23,15,35,23,48,57,54,61,62,83,105,110,153,186,202,222,266,290,308,327,366,419,512,540,521,578,638,583,688,647,746,621,810,741,839,708,858,727,852,833,832,884,812,845,796,804,802,823,776,756,776,620,654,590,607,610,518,482,436,437,420,433,391,373,340,281,252,196,233,162,153,145,129,55,110,73,55,57,40,31,33,11,18,16,11,2,11,4,3,6,2,2,3,1,1,1,0,0,2,0,0,0,0,2,0,0,0,0,0,0,0,0,0,0,0,0,0,0,0,0,0,0,0,0,0,0,0,0,0,0,0,0,0,0,0,0,0,0,0,0,0,0,0,0,0,0,0,0,0,0,0,0,0,0,0,0,0,0,0,0,0,0,0,0,0,0,0,0,0,0,0,0,0,0,0,0,0,0,0,0,0,0,0,0,0,0,0,0,0,0,0,0,0,0,0,0,0,0,0,0,0,0,0,0,0,0,0,0,0,0,0,0,0,0,0,0,0,0,0,0,0,0,0,0,0,0,0,0,0,0,0,0,0,0,0,0,0,0,0,0,0,0,0,0,0,0,0,0,0,0,0,0,0,0,0,0,0}
Count:   0.3   0.4   0.3   0.4   0.3   0.4   0.4   0.5   0.3   0.6   0.3   0.5   0.5   0.7   0.3   0.5   0.5   0.7   0.3   0.6   0.6   0.6   0.4   0.5   0.5   0.6   0.4   0.5   0.5   0.8   0.5   0.6   0.5   0.6   0.6   0.6   0.5   0.6   0.5   0.5   0.6   0.5   0.6   0.5   0.6   0.5   0.6   0.5   0.6   0.5   0.6   0.5   0.6   0.5   0.7   0.6   0.6   0.4   0.6   0.5   0.5   0.4   0.7   0.5   0.7   0.5   0.7   0.5   0.5   0.4   0.7   0.3   0.5   0.5   0.6   0.5   0.6   0.4   0.6   0.4   0.5   0.5   0.7   0.3   0.6   0.4   0.6   0.4   0.6   0.3   0.6   0.4   0.6   0.3   0.5   0.4   0.4   0.3   0.7   0.5   0.7   0.4   0.6   0.4   0.9   0.6   0.7   0.5   0.8   0.6   0.6   0.4   0.7   0.6   0.7   0.5   0.6   0.6   0.6   0.5   0.9   0.6   0.7   0.5   0.8   0.7   0.9   0.7   0.9   0.6   0.7   0.6   1.0   0.7   0.8   0.5   0.8   0.7   0.9   0.7   0.7   0.6   0.6   0.6   0.6   0.5   0.8   0.5   0.8   0.7   0.9   0.6   0.9   0.6   0.6   0.5   0.8   0.6   0.7   0.5   0.7   0.7   0.8   0.6   0.8   0.5   0.5   0.5   1.0   0.7   0.5   0.5   0.9   0.7   0.6   0.6   0.8   0.6   0.6   0.6   0.8   0.6   0.6   0.6   0.7   0.6   0.8   0.6   0.8   0.6   0.6   0.7   0.7   0.5   0.6   0.6   0.6   0.6   0.7   0.8 
Direction:  n n n n n n n n n n n n n n n n n n n n n n n n n n n n n n n n n n n n n n n n n n n n n n n n n n n n n n n n n n n n n n n n n n n n n n n n n n n n n n n n n n n n n n n n n n n n n n n n n n n n n n n n n n n n n n n n n n n n n n n n n n n n n n n n n n n n n n n n n n n n n n n n n n n n n n n n n n n n n n n n n n n n n n n n n n n n n n n n n n n n n n n n n n n n n n n n n n n n n n n n

55.1: Count:   0.6 (  0.1) A:  19.5 [18-32] B:  31.6 [18-69] Phase: 100% 143 (16.7) Direction:  {46 134}
Phase: {0,0,0,0,0,0,0,0,0,0,0,0,0,0,0,0,0,0,0,0,0,0,0,0,0,0,0,0,0,0,0,0,0,0,0,0,0,0,0,0,0,0,0,0,0,0,0,0,0,0,0,0,0,0,0,0,0,0,0,0,0,0,0,0,0,0,0,0,0,0,0,1,0,0,0,0,0,0,0,1,0,0,1,1,2,3,1,2,1,0,0,4,5,20,9,6,17,14,23,23,36,25,35,37,59,77,76,91,135,138,107,135,164,192,207,223,269,305,299,333,348,323,378,379,519,461,494,501,581,608,627,697,594,714,624,806,659,783,719,787,786,843,876,830,804,844,811,782,787,739,719,808,713,687,592,600,649,560,536,467,476,407,427,387,419,378,387,293,273,256,269,225,227,173,183,148,167,130,115,94,97,90,77,56,43,34,38,36,14,30,30,20,21,15,5,5,3,6,3,3,0,0,0,1,1,0,2,0,0,0,0,0,0,0,0,0,0,0,0,0,0,0,0,0,0,0,0,0,0,0,0,0,0,0,0,0,0,0,0,0,0,0,0,0,0,0,0,0,0,0,0,0,0,0,0,0,0,0,0,0,0,0,0,0,0,0,0,0,0,0,0,0,0,0,0,0,0,0,0,0,0,0,0,0,0,0,0,0,0,0,0,0,0,0,0,0,0,0,0,0,0,0,0,0,0,0,0,0,0,0,0,0,0,0,0,0,0,0,0,0,0,0,0,0,0,0,0,0,0,0,0,0,0,0,0,0,0,0,0,0,0,0,0,0,0,0,0,0,0,0,0,0,0,0,0,0,0,0,0,0}
Count:   0.3   0.3   0.4   0.4   0.4   0.4   0.3   0.6   0.4   0.6   0.4   0.5   0.4   0.7   0.4   0.5   0.5   0.6   0.4   0.6   0.5   0.7   0.4   0.5   0.5   0.6   0.5   0.5   0.5   0.6   0.5   0.6   0.5   0.5   0.5   0.7   0.5   0.6   0.6   0.5   0.5   0.6   0.5   0.5   0.6   0.5   0.7   0.7   0.6   0.6   0.7   0.5   0.6   0.4   0.5   0.5   0.7   0.5   0.6   0.5   0.6   0.6   0.5   0.5   0.7   0.6   0.6   0.6   0.7   0.5   0.7   0.5   0.5   0.5   0.6   0.5   0.6   0.5   0.7   0.6   0.6   0.5   0.6   0.5   0.6   0.5   0.6   0.5   0.6   0.3   0.6   0.5   0.6   0.5   0.6   0.5   0.7   0.3   0.7   0.4   0.7   0.4   0.7   0.7   0.8   0.6   0.7   0.6   0.8   0.7   0.7   0.6   0.7   0.6   0.8   0.4   0.7   0.7   0.7   0.5   0.9   0.7   0.7   0.6   0.6   0.7   0.9   0.5   0.9   0.6   0.8   0.5   0.9   0.7   0.9   0.6   0.8   0.7   0.9   0.8   0.7   0.7   0.6   0.7   0.5   0.7   0.6   0.6   0.9   0.7   0.7   0.7   0.8   0.7   0.7   0.6   0.8   0.6   0.7   0.5   0.7   0.6   0.7   0.6   0.7   0.6   0.6   0.5   0.7   0.7   0.7   0.6   0.8   0.9   0.5   0.7   0.8   0.6   0.6   0.5   0.6   0.8   0.7   0.7   0.6   0.6   0.7   0.6   0.7   0.6   0.6   0.6   0.7   0.7   0.7   0.7   0.7   0.6   0.5   0.6 
Direction:  n n n n n n n n n n n n n n n n n n n n n n n n n n n n n n n n n n n n n n n n n n n n n n n n n n n n n n n n n n n n n n n n n n n n n n n n n n n n n n n n n n n n n n n n n n n n n n n n n n n n n n n n n n n n n n n n n n n n n n n n n n n n n n n n n n n n n n n n n n n n n n n n n n n n n n n n n n n n n n n n n n n n n n n n n n n n n n n n n n n n n n n n n n n n n n n n n n n n n n n n

55.2: Count:   0.9 (  0.2) A:  19.8 [18-33] B:  30.6 [18-72] Phase: 100% 142 (19.4) Direction:  {46 134}
Phase: {0,0,0,0,0,0,0,0,0,0,0,0,0,0,0,0,0,0,0,0,0,0,0,0,0,0,0,0,0,0,0,0,0,0,0,0,0,0,0,0,0,0,0,0,0,0,0,0,0,0,0,0,0,0,0,0,0,0,0,0,0,0,0,0,0,0,0,0,0,0,1,0,0,0,0,2,0,4,1,2,4,1,1,4,11,8,9,3,6,9,19,11,15,35,36,39,46,41,45,90,92,101,117,133,126,176,203,194,244,227,289,332,359,358,347,410,429,565,466,537,560,592,685,690,758,719,875,865,877,1003,811,852,912,1071,926,1126,940,1077,998,1146,968,1043,1039,1130,1047,966,985,954,1014,905,915,937,886,977,741,798,798,791,813,733,671,621,663,570,610,504,477,476,425,445,341,376,286,326,293,250,247,265,177,177,233,202,145,122,118,112,115,87,72,63,65,81,48,44,21,35,17,20,18,8,11,6,15,6,1,2,7,2,3,3,0,4,1,2,4,1,0,0,0,0,0,1,1,0,0,0,0,0,0,0,0,0,0,0,0,0,0,0,0,0,0,0,0,0,0,0,0,0,0,0,0,0,0,0,0,0,0,0,0,0,0,0,0,0,0,0,0,0,0,0,0,0,0,0,0,0,0,0,0,0,0,0,0,0,0,0,0,0,0,0,0,0,0,0,0,0,0,0,0,0,0,0,0,0,0,0,0,0,0,0,0,0,0,0,0,0,0,0,0,0,0,0,0,0,0,0,0,0,0,0,0,0,0,0,0,0,0,0,0,0,0,0,0,0,0,0,0,0,0,0,0,0,0,0,0,0,0,0,0,0}
Count:   0.5   0.6   0.6   0.7   0.6   0.7   0.5   0.7   0.6   0.8   0.7   0.8   0.6   1.0   0.7   0.9   0.7   0.8   0.7   0.9   0.8   0.9   0.7   1.0   0.7   1.0   0.8   0.9   0.9   1.0   0.7   0.8   0.7   0.9   0.6   0.9   0.8   0.9   0.9   0.9   0.8   0.9   0.8   1.0   0.8   0.8   0.8   1.1   0.9   0.9   0.8   1.0   0.8   0.8   0.8   0.7   0.9   0.9   0.8   0.6   1.0   1.0   0.9   0.7   1.0   0.8   1.0   0.7   0.8   0.7   0.8   0.8   0.7   0.6   0.9   0.7   0.8   0.7   1.0   0.9   0.8   0.8   0.6   0.8   0.8   0.7   0.8   0.8   0.9   0.7   0.9   0.6   1.1   0.7   0.9   0.8   1.2   0.6   1.0   0.8   1.2   0.7   1.1   0.9   1.0   0.7   1.1   0.8   1.1   0.9   1.2   0.9   1.0   1.0   1.0   0.8   1.0   1.0   1.0   0.7   1.0   1.1   1.1   0.8   1.1   1.0   1.2   0.8   1.0   0.9   1.3   0.7   1.2   0.9   1.1   1.0   1.2   1.1   1.1   0.9   1.1   1.0   1.1   0.9   1.0   1.0   1.0   1.0   1.1   1.2   1.1   0.9   1.0   0.9   1.1   0.9   1.0   1.1   1.0   0.8   1.2   0.9   0.9   1.1   1.1   1.0   1.1   0.8   0.9   0.9   1.1   0.9   1.0   1.2   0.8   1.0   1.0   1.2   1.0   1.0   1.0   1.2   0.8   1.0   0.9   1.0   1.0   0.8   1.0   1.1   1.0   0.7   1.0   1.1   0.9   0.9   1.1   1.0   0.9   0.9 
Direction:  n n n n n n n n n n n n n n n n n n n n n n n n n n n n n n n n n n n n n n n n n n n n n n n n n n n n n n n n n n n n n n n n n n n n n n n n n n n n n n n n n n n n n n n n n n n n n n n n n n n n n n n n n n n n n n n n n n n n n n n n n n n n n n n n n n n n n n n n n n n n n n n n n n n n n n n n n n n n n n n n n n n n n n n n n n n n n n n n n n n n n n n n n n n n n n n n n n n n n n n n

55.3: Count:   1.2 (  0.2) A:  19.9 [18-33] B:  31.0 [18-80] Phase: 100% 141 (19.8) Direction:  {45 135}
Phase: {0,0,0,0,0,0,0,0,0,0,0,0,0,0,0,0,0,0,0,0,0,0,0,0,0,0,0,0,0,0,0,0,0,0,0,0,0,0,0,0,0,0,0,0,0,0,0,0,0,0,0,0,0,0,0,0,0,0,0,0,0,0,0,0,0,0,0,0,0,0,0,0,0,0,0,0,0,0,2,0,4,0,1,0,4,3,6,1,6,8,13,9,7,15,16,33,49,40,30,61,70,84,90,116,142,176,238,215,298,310,311,430,460,563,586,611,600,801,816,928,883,952,1023,1015,1080,1110,1214,1264,1231,1389,1250,1355,1216,1395,1305,1543,1199,1563,1293,1451,1310,1430,1334,1334,1407,1338,1347,1140,1330,1353,1235,1196,1233,1285,1067,1114,1078,1055,1055,999,918,841,990,755,815,699,703,734,620,532,552,544,474,451,439,393,303,355,295,235,264,198,177,168,101,116,108,75,111,58,46,32,24,28,25,16,15,11,2,4,13,5,0,0,1,4,0,4,3,1,0,0,1,0,1,0,0,0,0,0,0,0,0,0,0,1,0,0,0,0,0,0,0,0,0,0,0,0,0,0,0,0,0,0,0,0,0,0,0,0,0,0,0,0,0,0,0,0,0,0,0,0,0,0,0,0,0,0,0,0,0,0,0,0,0,0,0,0,0,0,0,0,0,0,0,0,0,0,0,0,0,0,0,0,0,0,0,0,0,0,0,0,0,0,0,0,0,0,0,0,0,0,0,0,0,0,0,0,0,0,0,0,0,0,0,0,0,0,0,0,0,0,0,0,0,0,0,0,0,0,0,0,0,0,0,0,0,0,0,0,0,0,0,0,0,0,0,0,0,0}
Count:   0.8   0.9   0.9   1.0   0.9   1.0   0.7   1.0   0.8   1.2   0.8   1.1   0.8   1.1   1.1   1.4   0.9   1.3   1.0   1.2   0.9   1.1   1.0   1.3   1.0   1.2   1.0   1.3   1.1   1.4   1.0   1.1   1.1   1.4   0.9   1.4   1.1   1.3   0.9   1.1   1.1   1.1   1.2   1.3   1.2   1.2   1.0   1.3   1.3   1.0   1.1   1.1   1.4   1.2   1.1   1.1   1.2   1.3   1.2   0.9   1.3   1.1   1.2   1.0   1.2   1.0   1.0   0.9   0.9   1.0   1.2   1.1   1.3   1.1   1.2   1.2   1.1   1.1   1.2   1.2   1.2   1.1   1.1   1.1   1.1   0.9   1.1   1.1   1.3   1.1   1.2   1.1   1.4   1.1   1.2   1.0   1.3   1.0   1.3   1.0   1.4   0.9   1.4   1.2   1.5   1.0   1.8   1.1   1.3   1.2   1.4   1.1   1.4   1.4   1.4   1.0   1.3   1.5   1.4   1.2   1.4   1.4   1.4   1.2   1.4   1.3   1.5   1.2   1.4   1.4   1.6   1.1   1.5   1.2   1.4   1.0   1.5   1.4   1.4   1.2   1.6   1.5   1.5   1.4   1.3   1.4   1.3   1.2   1.2   1.4   1.3   1.3   1.4   1.2   1.3   1.4   1.5   1.3   1.2   1.4   1.5   1.3   1.5   1.1   1.3   1.1   1.5   1.3   1.2   1.2   1.4   1.3   1.3   1.6   1.5   1.4   1.2   1.6   1.2   1.6   1.1   1.4   1.1   1.1   1.1   1.4   1.3   1.3   1.2   1.4   1.3   1.3   1.3   1.5   1.2   1.2   1.2   1.3   1.3   1.5 
Direction:  n n n n n n n n n n n n n n n n n n n n n n n n n n n n n n n n n n n n n n n n n n n n n n n n n n n n n n n n n n n n n n n n n n n n n n n n n n n n n n n n n n n n n n n n n n n n n n n n n n n n n n n n n n n n n n n n n n n n n n n n n n n n n n n n n n n n n n n n n n n n n n n n n n n n n n n n n n n n n n n n n n n n n n n n n n n n n n n n n n n n n n n n n n n n n n n n n n n n n n n n

55.4: Count:   1.1 (  0.2) A:  19.8 [18-37] B:  33.3 [18-81] Phase: 100% 142 (17.7) Direction:  {45 135}
Phase: {0,0,0,0,0,0,0,0,0,0,0,0,0,0,0,0,0,0,0,0,0,0,0,0,0,0,0,0,0,0,0,0,0,0,0,0,0,0,0,0,0,0,0,0,0,0,0,0,0,0,0,0,0,0,0,0,0,0,0,0,0,0,0,0,0,0,0,1,0,1,0,0,0,0,0,0,0,0,0,0,1,0,0,2,2,0,1,3,0,4,5,4,5,16,8,17,14,16,24,24,42,39,44,71,67,98,142,132,181,186,228,240,309,309,383,405,494,546,593,598,686,717,886,861,910,1002,1056,1033,1159,1269,1215,1320,1235,1433,1346,1600,1351,1415,1388,1583,1383,1463,1448,1389,1496,1431,1322,1348,1381,1369,1300,1394,1292,1407,1031,1205,1076,1006,1092,1021,891,812,858,766,787,673,593,617,490,430,442,441,395,332,305,254,218,239,204,153,121,92,103,94,77,67,78,46,48,26,36,25,20,24,12,7,4,5,6,5,5,5,10,0,3,0,2,3,1,1,0,0,0,0,0,0,0,0,0,0,0,0,0,0,0,0,0,0,0,0,0,0,0,0,0,0,0,0,0,0,0,0,0,0,0,0,0,0,0,0,0,0,0,0,0,0,0,0,0,0,0,0,0,0,0,0,0,0,0,0,0,0,0,0,0,0,0,0,0,0,0,0,0,0,0,0,0,0,0,0,0,0,0,0,0,0,0,0,0,0,0,0,0,0,0,0,0,0,0,0,0,0,0,0,0,0,0,0,0,0,0,0,0,0,0,0,0,0,0,0,0,0,0,0,0,0,0,0,0,0,0,0,0,0,0,0,0,0,0,0,0,0,0,0,0,0,0,0,0,0}
Count:   0.7   0.9   0.6   0.8   0.8   1.0   0.8   1.1   0.9   1.0   0.7   0.9   0.8   1.0   0.7   1.3   0.9   1.3   0.9   1.3   0.8   1.1   1.0   1.2   0.8   1.0   0.9   1.3   1.0   1.0   0.8   1.0   0.9   1.1   0.8   1.5   0.8   1.1   1.0   1.2   0.8   1.1   1.0   1.1   1.1   1.1   1.1   1.1   1.1   1.1   1.1   0.8   1.1   1.1   1.2   0.9   1.3   1.0   1.1   0.9   1.1   0.9   1.0   0.8   1.2   0.9   1.0   0.9   1.2   0.9   0.8   1.0   1.1   1.0   1.0   1.1   1.0   1.0   1.1   1.1   1.1   0.8   1.1   1.0   1.0   1.1   1.1   1.1   1.1   0.9   0.9   0.9   1.2   1.1   1.0   1.0   1.1   1.0   1.1   1.0   1.2   1.0   1.4   1.0   1.2   1.1   1.7   1.0   1.1   1.0   1.3   0.9   1.3   1.1   1.3   1.1   1.3   1.3   1.3   1.1   1.4   1.2   1.3   1.1   1.2   1.3   1.5   1.3   1.4   1.3   1.5   1.0   1.5   1.3   1.4   1.0   1.2   1.2   1.5   1.2   1.4   1.5   1.3   1.3   1.1   1.5   1.2   1.3   1.2   1.6   1.2   1.3   1.2   1.1   1.3   1.3   1.3   1.4   1.1   1.3   1.4   1.3   1.1   1.3   1.2   1.0   1.2   1.4   1.2   1.3   1.4   1.2   1.1   1.2   1.2   1.3   1.1   1.4   1.0   1.3   1.2   1.4   1.0   1.2   1.0   1.5   1.3   1.2   1.1   1.5   1.1   1.0   1.0   1.3   1.3   1.3   1.1   1.1   1.2   1.3 
Direction:  n n n n n n n n n n n n n n n n n n n n n n n n n n n n n n n n n n n n n n n n n n n n n n n n n n n n n n n n n n n n n n n n n n n n n n n n n n n n n n n n n n n n n n n n n n n n n n n n n n n n n n n n n n n n n n n n n n n n n n n n n n n n n n n n n n n n n n n n n n n n n n n n n n n n n n n n n n n n n n n n n n n n n n n n n n n n n n n n n n n n n n n n n n n n n n n n n n n n n n n n

55.5: Count:   0.8 (  0.2) A:  19.7 [18-35] B:  36.8 [18-77] Phase: 100% 143 (13.5) Direction:  {46 134}
Phase: {0,0,0,0,0,0,0,0,0,0,0,0,0,0,0,0,0,0,0,0,0,0,0,0,0,0,0,0,0,0,0,0,0,0,0,0,0,0,0,0,0,0,0,0,0,0,0,0,0,0,0,0,0,0,0,0,0,0,0,0,0,0,0,0,0,0,0,0,0,0,0,0,0,0,0,0,0,0,0,0,0,0,0,0,0,0,0,0,0,0,0,0,0,0,0,2,2,6,2,3,5,1,2,21,20,22,29,29,42,42,52,82,92,100,134,141,153,198,236,258,257,380,416,430,509,608,617,701,795,852,875,1027,1028,1237,1082,1282,1248,1451,1256,1479,1360,1462,1424,1388,1542,1419,1510,1271,1345,1332,1242,1221,1164,1219,955,977,883,787,810,737,691,623,583,441,490,392,353,299,289,220,201,172,137,144,122,120,85,65,48,44,36,27,7,32,20,17,13,6,8,6,3,1,0,2,0,1,1,0,0,0,2,0,0,0,0,0,0,0,0,0,0,0,0,0,0,0,0,0,0,0,0,0,0,0,0,0,0,0,0,0,0,0,0,0,0,0,0,0,0,0,0,0,0,0,0,0,0,0,0,0,0,0,0,0,0,0,0,0,0,0,0,0,0,0,0,0,0,0,0,0,0,0,0,0,0,0,0,0,0,0,0,0,0,0,0,0,0,0,0,0,0,0,0,0,0,0,0,0,0,0,0,0,0,0,0,0,0,0,0,0,0,0,0,0,0,0,0,0,0,0,0,0,0,0,0,0,0,0,0,0,0,0,0,0,0,0,0,0,0,0,0,0,0,0,0,0,0,0,0,0,0,0,0,0,0,0,0,0,0,0}
Count:   0.5   0.6   0.4   0.4   0.5   0.8   0.5   0.7   0.7   0.7   0.7   0.7   0.6   0.7   0.4   0.9   0.6   0.7   0.7   1.1   0.7   0.9   0.8   1.1   0.7   0.6   0.7   1.0   0.5   0.5   0.5   0.8   0.6   0.8   0.7   0.9   0.6   0.9   0.8   1.0   0.7   0.8   0.8   0.8   0.6   0.8   0.8   0.9   0.7   0.7   0.8   0.7   0.7   0.9   0.9   0.7   0.8   0.9   0.7   0.6   0.9   0.9   0.8   0.6   0.7   0.8   0.8   0.7   0.9   0.8   0.6   0.7   0.8   0.6   0.7   0.8   0.9   0.7   0.9   0.8   0.8   0.8   0.8   0.7   0.7   0.9   0.9   0.7   0.9   0.7   0.7   0.6   0.8   0.9   0.8   1.0   0.8   0.7   0.7   0.7   0.9   0.7   1.0   1.0   0.8   0.8   1.2   1.0   0.8   0.9   0.9   0.9   0.9   1.0   1.0   0.9   1.0   1.0   1.0   0.7   1.0   0.8   1.1   0.9   0.9   1.1   1.1   1.0   1.0   0.9   1.3   0.9   0.9   1.0   1.0   0.8   1.1   0.8   1.2   0.8   1.1   1.2   0.8   1.0   0.9   0.8   0.9   1.0   0.9   1.0   1.0   1.0   0.9   1.0   1.0   0.9   0.7   0.9   0.9   0.9   1.0   0.8   0.9   1.0   1.0   0.9   1.0   1.1   0.7   1.0   0.9   1.0   0.9   0.9   0.8   1.0   0.8   1.0   0.9   0.9   0.7   0.9   1.0   1.1   0.9   1.3   0.9   0.9   0.9   1.3   1.0   0.8   0.8   1.1   0.8   0.9   0.8   0.9   0.8   0.8 
Direction:  n n n n n n n n n n n n n n n n n n n n n n n n n n n n n n n n n n n n n n n n n n n n n n n n n n n n n n n n n n n n n n n n n n n n n n n n n n n n n n n n n n n n n n n n n n n n n n n n n n n n n n n n n n n n n n n n n n n n n n n n n n n n n n n n n n n n n n n n n n n n n n n n n n n n n n n n n n n n n n n n n n n n n n n n n n n n n n n n n n n n n n n n n n n n n n n n n n n n n n n n

55.6: Count:   0.7 (  0.2) A:  19.6 [18-35] B:  38.0 [18-79] Phase: 100% 143 (12.0) Direction:  {46 134}
Phase: {0,0,0,0,0,0,0,0,0,0,0,0,0,0,0,0,0,0,0,0,0,0,0,0,0,0,0,0,0,0,0,0,0,0,0,0,0,0,0,0,0,0,0,0,0,0,0,0,0,0,0,0,0,0,0,0,0,0,0,0,0,0,0,0,0,0,0,0,0,0,0,0,0,0,0,0,0,0,0,0,0,0,0,0,0,0,0,0,0,0,0,0,0,1,3,0,0,0,0,0,0,3,3,0,3,5,7,10,15,13,21,25,37,46,54,82,108,121,135,149,216,245,329,310,351,426,536,627,644,719,809,890,923,1113,1067,1194,1202,1402,1291,1367,1249,1389,1422,1468,1505,1387,1350,1289,1266,1280,1258,1072,1099,1123,932,960,809,749,739,653,581,519,506,439,345,280,247,213,154,161,145,121,84,64,53,37,25,31,20,19,37,12,11,9,9,3,1,0,0,3,0,0,1,0,0,0,0,0,0,0,0,0,0,0,0,0,0,0,0,0,0,0,0,0,0,0,0,0,0,0,0,0,0,0,0,0,0,0,0,0,0,0,0,0,0,0,0,0,0,0,0,0,0,0,0,0,0,0,0,0,0,0,0,0,0,0,0,0,0,0,0,0,0,0,0,0,0,0,0,0,0,0,0,0,0,0,0,0,0,0,0,0,0,0,0,0,0,0,0,0,0,0,0,0,0,0,0,0,0,0,0,0,0,0,0,0,0,0,0,0,0,0,0,0,0,0,0,0,0,0,0,0,0,0,0,0,0,0,0,0,0,0,0,0,0,0,0,0,0,0,0,0,0,0,0,0,0,0,0,0,0,0,0,0,0,0,0,0,0,0}
Count:   0.2   0.5   0.5   0.3   0.5   0.6   0.4   0.5   0.6   0.6   0.4   0.8   0.7   0.6   0.6   0.7   0.5   0.4   0.6   0.8   0.4   0.7   0.8   1.0   0.6   0.7   0.9   0.9   0.5   0.4   0.6   0.9   0.7   0.7   0.7   0.6   0.6   0.6   0.6   0.7   0.6   0.7   0.7   0.9   0.6   0.6   0.7   0.7   0.6   0.8   0.7   0.8   0.6   0.9   0.9   0.7   0.6   0.8   0.6   0.8   0.6   0.7   0.9   0.6   0.7   0.6   0.9   0.5   0.8   0.6   0.5   0.8   0.9   0.7   0.6   0.8   0.7   0.7   0.7   0.7   0.8   0.7   0.7   0.5   0.6   0.8   0.7   0.6   0.5   0.8   0.7   0.7   0.6   0.8   0.7   0.5   0.7   0.7   0.7   0.6   0.7   0.7   0.8   0.9   0.9   0.9   1.1   1.0   0.7   0.7   0.7   0.9   0.7   0.9   0.8   0.9   0.7   0.8   0.9   0.8   0.8   0.7   0.8   1.0   0.9   0.8   0.9   0.8   0.8   0.8   1.0   1.1   0.8   0.8   1.0   0.8   0.9   0.9   1.0   0.8   0.9   0.9   0.9   0.9   1.1   0.7   0.6   1.0   0.7   0.9   0.8   1.2   0.7   0.9   0.8   0.9   0.7   1.0   0.8   0.9   0.9   0.7   1.0   0.8   0.8   0.7   0.9   0.8   0.7   0.8   0.8   1.0   0.8   0.9   0.8   1.1   0.6   0.9   0.9   1.0   0.7   0.8   0.7   0.9   0.8   1.0   0.7   0.9   0.6   0.7   0.8   0.9   0.6   0.9   0.8   0.8   0.7   0.9   0.8   0.7 
Direction:  n n n n n n n n n n n n n n n n n n n n n n n n n n n n n n n n n n n n n n n n n n n n n n n n n n n n n n n n n n n n n n n n n n n n n n n n n n n n n n n n n n n n n n n n n n n n n n n n n n n n n n n n n n n n n n n n n n n n n n n n n n n n n n n n n n n n n n n n n n n n n n n n n n n n n n n n n n n n n n n n n n n n n n n n n n n n n n n n n n n n n n n n n n n n n n n n n n n n n n n n

55.7: Count:   0.8 (  0.1) A:  19.7 [18-33] B:  36.3 [18-79] Phase: 100% 142 (13.6) Direction:  {45 135}
Phase: {0,0,0,0,0,0,0,0,0,0,0,0,0,0,0,0,0,0,0,0,0,0,0,0,0,0,0,0,0,0,0,0,0,0,0,0,0,0,0,0,0,0,0,0,0,0,0,0,0,0,0,0,0,0,0,0,0,0,0,0,0,0,0,0,0,0,0,0,0,0,0,0,0,0,0,0,0,0,0,0,0,0,0,0,0,0,0,0,0,0,4,0,1,1,1,2,3,4,6,9,14,15,21,19,24,51,69,54,87,77,114,141,162,204,191,223,273,313,298,371,450,464,460,483,540,593,650,731,764,802,850,1012,907,1092,1027,1165,1211,1321,1255,1442,1365,1442,1451,1333,1388,1366,1327,1323,1270,1168,1167,1059,1125,1105,872,889,779,742,693,620,586,542,573,431,422,382,352,323,263,257,213,229,169,167,166,119,111,76,88,87,73,44,52,34,33,27,25,26,6,8,5,9,6,5,0,3,2,0,2,0,0,0,3,0,0,0,0,0,0,0,0,0,0,0,0,0,0,0,0,0,0,0,0,0,0,0,0,0,0,0,0,0,0,0,0,0,0,0,0,0,0,0,0,0,0,0,0,0,0,0,0,0,0,0,0,0,0,0,0,0,0,0,0,0,0,0,0,0,0,0,0,0,0,0,0,0,0,0,0,0,0,0,0,0,0,0,0,0,0,0,0,0,0,0,0,0,0,0,0,0,0,0,0,0,0,0,0,0,0,0,0,0,0,0,0,0,0,0,0,0,0,0,0,0,0,0,0,0,0,0,0,0,0,0,0,0,0,0,0,0,0,0,0,0,0,0,0,0,0,0,0,0,0,0,0,0,0,0,0,0}
Count:   0.4   0.7   0.7   0.6   0.6   0.6   0.6   0.6   0.8   0.7   0.5   0.6   0.8   0.5   0.7   0.8   0.8   0.6   0.7   1.0   0.6   0.7   0.6   0.9   0.6   0.7   0.9   1.1   0.6   0.8   0.6   0.7   0.7   0.8   0.7   0.9   0.9   0.7   0.7   0.9   0.9   0.8   0.8   0.8   0.7   0.9   0.7   0.9   0.6   0.9   0.7   0.7   0.6   0.8   0.9   0.7   0.7   0.8   0.7   0.9   0.5   0.6   0.9   0.8   0.9   0.9   0.8   0.8   0.7   0.7   0.7   0.8   1.0   0.8   0.7   0.7   0.6   0.9   0.7   0.9   0.7   0.8   0.6   0.7   0.6   1.0   0.8   0.7   0.6   0.9   0.7   0.8   0.7   0.9   0.9   0.6   0.7   0.8   0.8   0.8   0.9   0.9   0.7   0.8   0.8   0.9   0.9   1.1   0.9   0.8   0.9   1.1   0.9   0.9   0.9   1.1   0.6   0.9   0.7   1.3   1.0   0.9   0.9   1.0   1.0   0.8   0.9   0.9   0.9   0.8   0.9   1.0   0.8   1.0   0.9   1.0   1.0   0.9   1.0   0.9   1.0   0.9   0.8   1.1   1.1   0.7   0.9   1.0   0.8   1.0   1.1   1.0   0.7   1.0   0.8   1.0   0.9   0.8   0.8   1.1   0.7   0.7   0.8   0.9   1.1   0.8   0.9   1.0   0.9   0.8   0.8   1.2   0.9   0.9   0.9   1.2   0.8   0.9   0.9   1.1   0.9   1.0   0.8   0.9   0.9   1.0   1.0   1.1   0.8   0.9   0.9   0.9   0.9   0.9   1.1   0.9   0.7   0.6   0.9   0.8 
Direction:  n n n n n n n n n n n n n n n n n n n n n n n n n n n n n n n n n n n n n n n n n n n n n n n n n n n n n n n n n n n n n n n n n n n n n n n n n n n n n n n n n n n n n n n n n n n n n n n n n n n n n n n n n n n n n n n n n n n n n n n n n n n n n n n n n n n n n n n n n n n n n n n n n n n n n n n n n n n n n n n n n n n n n n n n n n n n n n n n n n n n n n n n n n n n n n n n n n n n n n n n

55.8: Count:   1.0 (  0.2) A:  20.0 [18-37] B:  34.2 [18-77] Phase: 100% 141 (16.5) Direction:  {44 136}
Phase: {0,0,0,0,0,0,0,0,0,0,0,0,0,0,0,0,0,0,0,0,0,0,0,0,0,0,0,0,0,0,0,0,0,0,0,0,0,0,0,0,0,0,0,0,0,0,0,0,0,0,0,0,0,0,0,0,0,0,0,0,0,0,0,0,0,0,0,0,0,0,2,0,0,0,0,0,3,2,2,1,2,6,0,1,7,11,11,14,16,19,20,27,36,56,59,91,104,115,105,173,126,135,166,183,149,190,227,224,288,255,279,342,364,361,382,401,424,516,514,519,536,679,652,678,844,827,964,896,948,1001,1015,1153,1104,1232,1146,1233,1158,1279,1316,1379,1354,1447,1260,1244,1391,1259,1360,1148,1272,1166,1204,1089,1059,1029,893,900,860,882,683,684,675,616,602,524,531,448,426,383,299,343,294,278,234,235,257,182,176,144,140,152,161,133,102,110,105,83,79,97,80,74,67,57,42,49,29,50,37,37,26,27,26,19,12,12,10,5,2,7,2,3,2,5,0,1,3,1,0,0,0,0,0,0,0,0,0,0,0,0,0,0,0,0,0,0,0,0,0,0,0,0,0,0,0,0,0,0,0,0,0,0,0,0,0,0,0,0,0,0,0,0,0,0,0,0,0,0,0,0,0,0,0,0,0,0,0,0,0,0,0,0,0,0,0,0,0,0,0,0,0,0,0,0,0,0,0,0,0,0,0,0,0,0,0,0,0,0,0,0,0,0,0,0,0,0,0,0,0,0,0,0,0,0,0,0,0,0,0,0,0,0,0,0,0,0,0,0,0,0,0,0,0,0,0,0,0,0,0,0,0,0,0,0,0,0,0,0,0,0,0,0}
Count:   0.7   0.6   0.7   0.6   0.7   0.8   0.9   0.7   1.0   0.7   0.8   0.7   1.0   0.6   0.9   0.9   1.0   0.6   1.0   1.0   0.9   0.7   1.0   1.1   0.9   0.8   1.2   0.8   0.7   0.7   0.8   1.1   0.8   0.8   1.0   0.9   1.0   1.0   0.8   1.0   1.0   1.0   0.7   0.9   1.0   1.0   0.8   1.1   1.1   1.0   0.8   1.0   0.8   0.8   1.0   0.9   0.8   0.9   1.2   0.9   1.1   0.9   0.8   1.1   0.9   1.0   0.9   0.8   0.8   0.9   0.8   0.9   1.0   0.9   0.7   0.8   1.1   1.2   0.7   1.0   0.9   1.1   0.8   1.0   1.0   1.0   0.9   0.8   0.7   1.0   0.9   0.8   0.9   1.1   0.9   1.0   0.9   0.9   0.8   1.2   1.0   1.0   0.9   1.0   1.1   0.9   1.0   1.3   0.9   1.1   1.2   1.0   1.1   1.0   1.1   1.2   0.9   1.0   0.9   1.3   0.9   1.1   1.0   1.4   1.1   1.0   1.0   1.2   1.1   1.0   1.1   1.1   1.1   1.1   1.1   1.4   1.0   1.2   1.2   1.1   1.2   1.2   1.1   1.0   1.1   1.0   0.9   1.2   1.1   0.9   1.0   1.2   1.0   1.1   1.1   1.2   1.1   1.2   1.1   1.3   0.8   1.0   0.8   1.1   1.1   1.0   0.9   1.0   1.1   0.8   1.0   1.3   1.0   1.1   1.2   1.2   1.0   1.1   1.1   1.2   1.0   1.1   1.0   1.3   1.1   1.2   0.9   1.2   1.0   1.0   1.0   1.0   1.0   1.1   1.2   1.1   0.8   0.9   1.1   1.0 
Direction:  n n n n n n n n n n n n n n n n n n n n n n n n n n n n n n n n n n n n n n n n n n n n n n n n n n n n n n n n n n n n n n n n n n n n n n n n n n n n n n n n n n n n n n n n n n n n n n n n n n n n n n n n n n n n n n n n n n n n n n n n n n n n n n n n n n n n n n n n n n n n n n n n n n n n n n n n n n n n n n n n n n n n n n n n n n n n n n n n n n n n n n n n n n n n n n n n n n n n n n n n

55.9: Count:   1.1 (  0.2) A:  20.3 [18-37] B:  31.8 [18-76] Phase: 92% 139 (21.9) Direction:  {43 137}  16% 106 ( 8.2) Direction:  {32 148}
Phase: {0,0,0,0,0,0,0,0,0,0,0,0,0,0,0,0,0,0,0,0,0,0,0,0,0,0,0,0,0,0,0,0,0,0,0,0,0,0,0,0,0,0,0,0,0,0,0,0,0,0,0,0,0,0,0,0,0,0,0,1,0,0,0,0,0,0,0,2,7,0,2,4,8,10,9,8,13,23,22,3,25,23,28,31,43,42,55,98,111,91,143,145,149,149,205,207,241,270,293,345,359,328,377,435,533,548,550,575,614,606,636,579,622,673,725,694,652,819,808,749,731,736,765,788,893,783,833,903,843,962,993,1065,936,1099,1027,1022,1101,1148,1071,1196,1125,1187,1184,1132,1137,1125,1066,1004,944,996,943,1004,931,929,812,787,737,755,733,635,614,494,580,490,529,468,439,458,443,400,338,344,365,310,323,248,263,310,264,218,308,201,234,215,173,195,175,162,154,129,164,120,129,93,89,93,89,93,61,50,43,61,50,45,45,40,31,24,16,12,17,14,10,14,10,2,5,6,3,2,0,0,4,3,3,0,0,2,0,0,2,2,0,1,1,0,0,0,0,0,0,0,0,0,0,0,0,0,0,0,0,0,0,0,0,0,0,0,0,0,0,0,0,0,0,0,0,0,0,0,0,0,0,0,0,0,0,0,0,0,0,0,0,0,0,0,0,0,0,0,0,0,0,0,0,0,0,0,0,0,0,0,0,0,0,0,0,0,0,0,0,0,0,0,0,0,0,0,0,0,0,0,0,0,0,0,0,0,0,0,0,0,0,0,0,0,0,0,0,0,0,0,0,0,0,0,0,0,0,0,0,0,0,0,0,0,0,0,0,0}
Count:   0.9   0.6   0.8   0.6   0.9   0.8   0.9   0.9   1.1   0.7   0.9   0.8   1.3   0.8   1.0   0.9   1.1   0.8   1.2   0.8   1.0   0.9   1.2   1.1   1.3   0.9   1.2   1.0   0.9   0.8   1.0   0.9   1.0   0.9   0.9   1.1   1.1   1.0   0.8   1.1   1.3   1.1   1.0   1.0   1.2   1.0   1.2   1.1   1.0   1.1   0.9   1.2   1.1   1.1   1.2   1.1   1.1   0.9   1.3   1.0   1.1   1.0   1.1   1.2   1.0   0.9   0.9   1.0   1.2   1.0   0.9   1.1   1.0   0.9   0.9   1.0   1.1   1.2   1.0   1.0   0.9   1.2   1.1   1.2   0.8   1.1   0.9   1.2   0.8   1.0   1.0   1.1   0.7   1.0   1.1   1.2   1.0   1.0   1.1   1.2   1.0   1.1   1.2   1.2   1.2   1.1   1.2   1.2   1.1   1.0   1.1   1.2   1.2   1.1   1.2   1.4   0.9   1.2   1.1   1.2   1.1   1.2   1.3   1.3   1.3   1.1   1.0   1.4   1.1   1.2   1.1   1.5   1.2   1.1   0.9   1.1   1.2   1.1   1.4   1.2   1.2   1.2   1.2   1.2   1.5   1.2   1.1   1.3   1.3   1.1   1.3   1.4   0.9   1.2   1.2   1.3   1.2   1.3   1.1   1.3   1.1   1.1   0.9   1.2   1.3   1.1   1.2   1.2   1.4   0.9   1.1   1.1   1.1   1.0   1.2   1.2   1.1   1.2   1.2   1.3   1.0   1.0   1.2   1.4   1.1   1.2   1.1   1.2   1.2   1.0   1.2   1.4   1.2   1.0   1.2   1.0   1.1   0.9   1.3   1.2 
Direction:  n n n n n n n n n n n n n n n n n n n n n n n n n n n n n n n n n n n n n n n n n n n n n n n n n n n n n n n n n n n n n n n n n n n n n n n n n n n n n n n n n n n n n n n n n n n n n n n n n n n n n n n n n n n n n n n n n n n n n n n n n n n n n n n n n n n n n n n n n n n n n n n n n n n n n n n n n n n n n n n n n n n n n n n n n n n n n n n n n n n n n n n n n n n n n n n n n n n n n n n n

56.0: Count:   1.0 (  0.2) A:  20.0 [18-33] B:  31.3 [18-82] Phase: 100% 137 (21.6) Direction:  {43 137}
Phase: {0,0,0,0,0,0,0,0,0,0,0,0,0,0,0,0,0,0,0,0,0,0,0,0,0,0,0,0,0,0,0,0,0,0,0,0,0,0,0,0,0,0,0,0,0,0,0,0,0,0,0,0,0,0,0,0,0,0,0,0,0,0,0,1,1,1,2,0,0,0,0,3,1,1,1,2,0,4,8,7,9,11,8,6,21,25,18,46,37,38,96,78,104,89,101,136,184,162,180,242,257,254,294,352,302,356,363,404,515,490,501,577,593,592,649,704,639,676,682,741,763,837,859,765,875,923,914,905,941,930,917,962,1058,1063,966,1098,1011,1069,954,948,905,1070,1026,952,933,881,910,777,920,800,763,803,758,789,689,665,634,625,610,628,550,518,595,484,511,474,373,414,368,411,304,337,367,312,298,218,208,216,207,159,265,137,179,172,139,140,163,96,100,106,99,83,63,55,51,52,44,33,41,44,24,18,10,17,17,12,7,7,7,7,7,3,0,0,0,0,0,1,1,0,1,0,0,0,0,0,0,0,0,0,0,0,0,0,0,0,0,0,0,0,0,0,0,0,0,0,0,0,0,0,0,0,0,0,0,0,0,0,0,0,0,0,0,0,0,0,0,0,0,0,0,0,0,0,0,0,0,0,0,0,0,0,0,0,0,0,0,0,0,0,0,0,0,0,0,0,0,0,0,0,0,0,0,0,0,0,0,0,0,0,0,0,0,0,0,0,0,0,0,0,0,0,0,0,0,0,0,0,0,0,0,0,0,0,0,0,0,0,0,0,0,0,0,0,0,0,0,0,0,0,0,0,0,0,0,0,0,0,0,0}
Count:   0.7   0.6   0.8   0.7   0.9   0.6   0.7   0.7   0.8   0.6   0.7   0.6   1.1   0.8   1.1   0.7   1.0   0.7   1.1   0.8   0.8   0.8   1.0   0.9   1.0   0.7   1.2   0.7   1.0   0.8   0.9   0.8   0.9   0.9   1.0   0.8   0.9   0.9   0.8   0.9   1.1   0.9   0.7   0.9   1.1   1.0   0.8   0.9   0.9   0.9   1.1   0.9   0.9   0.9   1.0   1.0   0.9   0.8   1.1   0.9   0.8   0.8   0.9   0.9   1.1   0.8   0.9   0.7   0.9   1.0   0.7   0.8   0.8   0.9   0.9   0.9   1.0   1.0   0.9   0.7   0.7   0.9   1.0   1.0   0.8   1.0   0.8   0.9   0.7   1.0   0.8   0.8   0.7   1.1   1.0   0.9   0.8   0.9   1.1   1.2   0.8   1.1   0.7   1.0   1.0   1.1   1.0   1.1   1.0   0.8   1.0   1.2   1.2   1.1   1.0   1.1   0.7   1.0   0.9   1.0   1.1   1.0   0.9   1.1   1.0   1.2   0.9   1.2   1.0   1.2   1.0   1.3   1.0   0.9   0.8   0.9   1.0   1.1   1.0   1.1   1.1   1.1   1.0   0.9   1.3   1.0   0.8   1.1   1.1   0.9   1.0   1.2   1.2   1.0   1.0   1.3   1.1   1.2   1.0   1.0   1.0   1.0   1.0   1.0   1.3   1.2   0.9   1.1   1.0   0.7   0.9   0.9   1.1   1.0   1.2   1.1   1.0   0.9   1.1   1.2   1.2   0.8   1.0   1.1   1.1   1.0   0.9   1.0   1.2   0.9   0.9   1.0   1.2   0.8   1.1   0.8   1.1   0.8   1.2   1.1 
Direction:  n n n n n n n n n n n n n n n n n n n n n n n n n n n n n n n n n n n n n n n n n n n n n n n n n n n n n n n n n n n n n n n n n n n n n n n n n n n n n n n n n n n n n n n n n n n n n n n n n n n n n n n n n n n n n n n n n n n n n n n n n n n n n n n n n n n n n n n n n n n n n n n n n n n n n n n n n n n n n n n n n n n n n n n n n n n n n n n n n n n n n n n n n n n n n n n n n n n n n n n n

