54.0: Count:   1.2 (  0.2) A:  20.1 [18-41] B:  39.9 [18-76] Phase: 87% 3 (16.7) Direction:  {1 179}  14% 353 ( 7.1) Direction:  {357 183}
Phase: {1716,1511,1496,1585,1464,1387,1429,1378,1383,1367,1194,1134,1073,1188,1049,1086,938,922,936,856,806,755,693,683,603,560,489,555,530,461,462,413,437,348,334,340,331,281,295,230,229,254,243,216,186,195,151,165,146,150,117,128,143,100,134,103,99,97,85,62,77,82,69,60,49,61,46,37,39,44,37,29,27,37,31,23,19,19,18,18,11,13,16,11,15,9,12,9,6,4,10,10,4,5,8,3,4,0,4,5,5,5,7,2,1,1,0,0,3,3,3,1,3,1,2,0,0,0,1,1,5,0,1,1,0,3,2,0,0,2,0,0,1,0,0,0,0,1,0,0,0,0,0,1,0,0,0,0,1,0,1,2,2,0,0,0,1,0,0,0,1,0,0,1,0,0,0,0,0,0,0,0,0,0,0,0,0,0,0,0,1,0,0,0,0,0,0,0,0,0,0,0,0,0,0,0,0,0,0,0,1,1,0,0,2,0,0,2,0,1,0,1,2,0,0,0,0,0,1,0,0,0,2,1,0,0,0,0,0,1,0,1,0,0,1,1,0,0,0,0,0,0,0,0,1,0,0,0,1,0,2,1,0,0,1,1,1,1,0,0,1,0,1,0,1,1,3,4,3,1,3,1,3,0,1,3,1,3,5,4,2,5,4,4,2,4,2,6,7,2,2,5,4,6,12,8,7,9,12,7,14,17,16,13,10,23,16,27,29,25,23,36,31,41,52,39,48,62,79,72,75,96,113,102,143,139,151,176,208,266,230,285,297,391,390,417,448,493,587,625,662,684,798,767,904,948,925,1015,993,1156,1156,1279,1237,1331,1434,1382,1423,1481,1465,1456}
Count:   0.7   0.8   1.0   1.0   1.0   0.9   1.4   1.4   1.6   1.4   1.4   1.3   1.5   1.4   1.3   1.3   1.0   1.1   1.1   1.0   1.1   1.1   1.1   1.1   1.1   1.4   1.5   1.3   1.4   1.3   1.3   1.4   1.2   1.2   1.1   1.0   0.9   1.0   1.0   1.0   1.0   1.1   1.0   1.0   1.3   1.4   1.4   1.4   1.4   1.3   1.3   1.2   1.1   1.2   1.0   1.1   1.0   1.1   1.1   1.1   1.1   1.1   1.0   1.4   1.4   1.4   1.4   1.4   1.5   1.4   1.2   1.1   1.2   1.1   1.1   1.1   1.1   1.0   1.1   1.0   1.0   1.0   1.1   1.0   0.9   1.0   1.1   1.4   1.4   1.3   1.4   1.4   1.3   1.3   1.4   1.4   1.2   1.1   1.1   1.1   1.1   1.0   1.0   1.0   1.1   1.1   1.5   1.4   1.4   1.3   1.4   1.4   1.5   1.3   1.3   1.2   1.1   1.1   1.0   1.1   1.1   1.0   1.1   1.1   1.0   1.5   1.4   1.5   1.4   1.4   1.1   1.3   1.1   1.3   1.0   1.0   1.1   1.1   1.1   1.0   1.1   1.0   1.1   1.0   1.5   1.5   1.5   1.5   1.5   1.3   1.3   1.2   1.4   1.0   1.1   1.0   1.1   0.9   1.0   1.0   0.9   0.9   1.1   1.1   1.0   1.0   1.0   1.1   1.5   1.4   1.4   1.4   1.5   1.4   1.4   1.4   1.2   1.3   1.0   1.1   1.0   1.1   0.9   1.0   0.9   1.2   1.2   1.5   1.4   1.5   1.3   1.4   1.3   1.4   1.3   1.3   1.1   1.1   1.1   1.0 
Direction:  n n n n n n n n n n n n n n n n n n n n n n n n n n n n n n n n n n n n n n n n n n n n n n n n n n n n n n n n n n n n n n n n n n n n n n n n n n n n n n n n n n n n n n n n n n n n n n n n n n n n n n n n n n n n n n n n n n n n n n n n n n n n n n n n n n n n n n n n n n n n n n n n n n n n n n n n n n n n n n n n n n n n n n n n n n n n n n n n n n n n n n n n n n n n n n n n n n n n n n n n

54.1: Count:   1.4 (  0.2) A:  20.1 [18-39] B:  39.3 [18-74] Phase: 100% 360 (17.9) Direction:  n
Phase: {1910,1666,1719,1851,1676,1707,1772,1638,1607,1669,1475,1402,1368,1434,1370,1274,1239,1107,1136,1002,981,916,879,838,822,727,662,712,611,547,554,515,525,454,435,386,368,314,298,299,248,292,224,232,209,224,170,204,142,183,143,125,130,83,107,101,82,87,74,90,65,76,57,75,48,45,53,51,33,45,27,43,39,26,30,25,27,18,27,14,11,14,13,20,14,9,8,15,11,6,13,7,8,5,7,5,8,4,5,4,3,4,2,9,4,5,1,3,2,5,3,3,2,1,5,1,1,2,0,2,1,0,1,0,2,0,1,2,1,0,0,1,1,1,0,0,0,1,0,0,0,1,1,0,1,0,0,0,0,0,0,0,0,0,1,0,0,0,1,0,0,0,1,0,0,2,0,1,0,0,0,0,0,0,0,0,0,1,0,0,0,0,0,0,0,0,0,0,1,0,0,0,0,0,0,0,0,0,0,0,0,0,0,0,1,0,0,0,0,0,0,0,1,0,0,0,0,0,0,0,0,0,0,0,0,0,0,1,0,0,0,0,0,0,0,0,1,2,1,0,0,0,1,1,1,0,0,0,1,1,1,2,2,0,3,1,0,1,3,0,2,1,1,1,2,3,1,5,1,2,0,4,4,2,5,1,1,2,3,2,0,7,5,7,2,5,4,6,11,9,5,7,13,13,5,12,15,16,10,14,12,30,20,22,16,25,20,24,30,44,32,52,48,40,57,82,65,82,93,116,101,138,136,173,155,195,219,215,286,297,330,363,355,472,427,579,595,627,674,721,802,883,916,973,1063,1084,1199,1261,1229,1358,1415,1545,1542,1562,1692,1638,1687,1855,1718,1717}
Count:   0.8   0.9   1.1   1.2   1.3   1.1   1.7   1.7   1.6   1.7   1.7   1.6   1.7   1.6   1.6   1.4   1.3   1.3   1.3   1.3   1.2   1.3   1.2   1.3   1.3   1.6   1.8   1.7   1.6   1.6   1.5   1.6   1.6   1.5   1.3   1.2   1.1   1.2   1.1   1.3   1.1   1.2   1.2   1.2   1.7   1.7   1.7   1.8   1.7   1.7   1.5   1.5   1.4   1.5   1.2   1.2   1.3   1.3   1.2   1.3   1.3   1.4   1.2   1.6   1.7   1.6   1.6   1.8   1.7   1.6   1.5   1.5   1.4   1.4   1.3   1.2   1.3   1.3   1.3   1.2   1.4   1.2   1.3   1.2   1.2   1.2   1.3   1.7   1.7   1.7   1.7   1.6   1.7   1.6   1.7   1.6   1.4   1.3   1.3   1.2   1.1   1.2   1.4   1.2   1.2   1.4   1.7   1.7   1.6   1.6   1.7   1.6   1.7   1.5   1.6   1.5   1.3   1.4   1.2   1.3   1.2   1.2   1.4   1.3   1.4   1.8   1.7   1.7   1.6   1.8   1.5   1.6   1.5   1.5   1.3   1.1   1.2   1.3   1.3   1.2   1.3   1.3   1.4   1.4   1.8   1.8   1.7   1.7   1.7   1.6   1.5   1.6   1.5   1.3   1.2   1.2   1.3   1.1   1.3   1.3   1.3   1.3   1.2   1.2   1.2   1.2   1.2   1.5   1.7   1.6   1.7   1.6   1.7   1.7   1.6   1.5   1.6   1.4   1.3   1.2   1.1   1.3   1.2   1.2   1.2   1.4   1.4   1.7   1.8   1.8   1.5   1.7   1.5   1.6   1.4   1.6   1.4   1.4   1.3   1.2 
Direction:  n n n n n n n n n n n n n n n n n n n n n n n n n n n n n n n n n n n n n n n n n n n n n n n n n n n n n n n n n n n n n n n n n n n n n n n n n n n n n n n n n n n n n n n n n n n n n n n n n n n n n n n n n n n n n n n n n n n n n n n n n n n n n n n n n n n n n n n n n n n n n n n n n n n n n n n n n n n n n n n n n n n n n n n n n n n n n n n n n n n n n n n n n n n n n n n n n n n n n n n n

54.2: Count:   1.2 (  0.2) A:  19.7 [18-35] B:  38.8 [18-66] Phase: 100% 2 (16.6) Direction:  {1 179}
Phase: {1648,1583,1519,1680,1551,1483,1562,1344,1435,1554,1306,1265,1119,1160,1158,1089,1057,928,1013,843,795,761,740,668,651,623,507,519,456,475,398,402,356,360,321,294,307,276,259,239,224,265,229,214,189,188,137,183,119,149,146,140,142,93,114,105,94,111,96,83,73,102,69,69,57,50,54,45,46,43,44,54,38,36,24,27,18,26,22,18,18,24,22,20,14,19,16,20,10,10,6,5,13,9,8,7,7,10,7,9,7,4,2,8,4,5,2,8,1,7,7,3,1,3,2,2,3,3,0,1,3,2,1,0,1,1,0,0,1,1,1,0,0,1,0,1,0,2,1,0,0,1,0,1,0,0,0,1,0,0,0,0,0,0,0,0,0,0,0,0,0,0,0,0,0,0,0,2,0,0,0,0,0,0,0,0,0,1,0,0,2,0,0,0,0,0,0,0,0,0,1,0,0,0,0,0,1,0,1,1,0,0,0,0,0,0,1,1,0,0,0,0,0,0,0,0,2,0,1,1,1,0,0,0,0,0,0,1,0,0,0,0,0,0,0,0,2,0,0,0,0,1,1,0,0,0,0,0,1,1,0,1,0,0,1,1,1,0,0,0,0,1,1,1,3,1,0,1,4,3,2,3,4,4,1,3,7,2,1,3,0,4,8,4,2,3,2,7,4,4,9,8,7,4,8,9,7,13,10,6,8,12,11,13,4,14,13,17,19,18,21,34,31,30,38,42,38,64,39,64,64,57,62,109,115,124,130,138,162,172,208,240,281,312,307,351,397,422,481,585,610,581,734,738,849,905,923,980,1118,1176,1211,1216,1204,1281,1344,1514,1466,1626,1549,1480}
Count:   0.8   0.8   1.0   0.9   1.0   1.0   1.5   1.5   1.4   1.5   1.5   1.4   1.4   1.4   1.5   1.2   1.1   1.0   1.1   1.0   1.1   1.0   1.1   1.1   1.0   1.3   1.6   1.5   1.4   1.5   1.4   1.3   1.3   1.2   1.2   1.0   0.9   1.1   1.0   1.0   0.9   1.0   1.0   1.0   1.5   1.5   1.4   1.4   1.4   1.4   1.4   1.3   1.1   1.3   0.9   1.1   0.9   1.0   1.0   1.1   1.1   1.1   1.1   1.4   1.5   1.5   1.4   1.6   1.3   1.4   1.3   1.4   1.1   1.1   0.9   1.0   1.0   1.0   1.1   1.0   1.0   0.9   1.1   1.0   1.0   0.9   1.0   1.5   1.5   1.5   1.5   1.5   1.4   1.3   1.5   1.4   1.2   0.9   0.9   1.0   0.9   1.0   1.1   1.0   0.9   1.0   1.8   1.4   1.5   1.5   1.5   1.4   1.3   1.3   1.4   1.1   1.1   1.0   0.9   0.9   0.9   1.0   1.0   0.9   0.9   1.4   1.4   1.5   1.5   1.5   1.3   1.4   1.2   1.2   1.2   0.8   0.9   1.0   1.0   0.9   1.0   1.0   1.1   1.1   1.5   1.6   1.5   1.5   1.4   1.4   1.2   1.2   1.4   1.0   0.9   1.0   0.8   0.9   1.0   1.0   1.0   1.0   0.9   0.9   1.0   1.0   0.9   1.1   1.5   1.4   1.4   1.5   1.5   1.4   1.4   1.4   1.5   1.2   1.1   1.0   1.0   1.0   1.0   1.1   1.0   1.1   1.1   1.5   1.5   1.5   1.3   1.4   1.4   1.3   1.3   1.4   1.2   1.1   0.9   0.9 
Direction:  n n n n n n n n n n n n n n n n n n n n n n n n n n n n n n n n n n n n n n n n n n n n n n n n n n n n n n n n n n n n n n n n n n n n n n n n n n n n n n n n n n n n n n n n n n n n n n n n n n n n n n n n n n n n n n n n n n n n n n n n n n n n n n n n n n n n n n n n n n n n n n n n n n n n n n n n n n n n n n n n n n n n n n n n n n n n n n n n n n n n n n n n n n n n n n n n n n n n n n n n

54.3: Count:   0.5 (  0.2) A:  19.6 [18-33] B:  36.5 [18-66] Phase: 80% 6 (17.0) Direction:  {2 178}  21% 358 ( 9.7) Direction:  {359 181}
Phase: {715,616,696,720,607,675,681,636,613,612,582,540,559,513,534,481,476,403,412,346,339,318,319,311,303,259,237,240,243,215,248,190,216,176,194,184,186,157,145,142,146,172,145,162,132,128,117,105,141,126,128,115,101,77,100,94,93,65,85,54,63,96,64,70,55,67,43,55,41,41,38,43,37,35,41,35,32,15,17,22,28,15,20,21,18,18,12,14,11,5,18,14,4,4,17,11,6,6,3,4,7,3,4,9,5,2,2,2,2,5,2,6,0,1,2,2,2,0,3,0,2,1,1,0,0,1,1,1,1,1,1,0,0,1,1,1,0,0,0,2,0,0,0,0,0,0,0,0,1,0,1,0,0,0,1,0,0,1,0,0,2,0,0,1,0,0,1,0,0,0,0,0,0,0,0,1,0,0,0,0,0,1,0,0,0,0,0,0,0,0,0,0,0,0,0,0,0,0,0,0,0,0,0,0,0,2,0,0,0,0,0,0,0,0,0,0,0,0,0,0,0,0,0,0,0,0,0,1,0,1,0,0,0,0,1,0,0,0,0,0,0,0,0,0,2,0,0,0,0,0,0,1,0,1,2,1,0,0,1,0,0,0,0,0,0,0,0,2,1,0,4,4,0,0,4,0,1,0,1,2,2,1,0,3,1,1,9,5,3,2,8,2,5,4,4,6,0,7,5,2,6,3,4,10,11,5,6,19,5,6,4,14,14,7,5,22,10,13,14,22,28,32,23,30,29,42,29,39,44,65,61,75,76,100,78,129,128,141,160,180,195,200,222,258,312,305,337,347,396,439,467,463,469,517,584,592,602,640,637,596}
Count:   0.2   0.2   0.3   0.3   0.4   0.3   0.7   0.7   0.8   0.8   0.7   0.7   0.7   0.7   0.7   0.5   0.3   0.3   0.4   0.3   0.4   0.3   0.4   0.2   0.4   0.7   0.8   0.7   0.8   0.7   0.6   0.7   0.7   0.6   0.4   0.4   0.3   0.3   0.4   0.3   0.3   0.4   0.3   0.3   0.7   0.8   0.8   0.8   0.8   0.7   0.6   0.6   0.5   0.5   0.4   0.4   0.3   0.3   0.3   0.3   0.3   0.4   0.4   0.6   0.8   0.8   0.7   0.8   0.6   0.7   0.6   0.7   0.5   0.5   0.4   0.4   0.4   0.4   0.5   0.4   0.4   0.4   0.3   0.4   0.3   0.4   0.4   0.8   0.7   0.8   0.9   0.8   0.7   0.6   0.7   0.7   0.3   0.3   0.4   0.4   0.4   0.4   0.4   0.4   0.3   0.4   0.8   0.8   0.7   0.9   0.8   0.8   0.7   0.7   0.7   0.5   0.4   0.3   0.4   0.3   0.3   0.4   0.3   0.4   0.3   0.8   0.8   0.7   0.7   0.7   0.8   0.7   0.5   0.6   0.5   0.3   0.3   0.4   0.3   0.4   0.3   0.3   0.4   0.4   0.7   0.9   0.8   0.8   0.7   0.7   0.7   0.7   0.6   0.4   0.3   0.3   0.3   0.3   0.4   0.3   0.3   0.3   0.3   0.3   0.4   0.3   0.4   0.3   0.9   0.8   0.8   0.8   0.8   0.8   0.8   0.7   0.8   0.4   0.3   0.4   0.3   0.3   0.3   0.3   0.3   0.4   0.5   0.7   0.8   0.9   0.8   0.7   0.7   0.7   0.7   0.7   0.5   0.4   0.4   0.4 
B: 38.4 37.0 40.6 39.6 39.4 40.8 35.7 34.2 35.0 34.5 33.7 34.9 35.8 36.6 35.2 37.5 39.2 38.9 39.5 39.4 40.2 40.0 39.1 40.2 39.1 37.2 34.8 36.2 36.5 34.8 34.7 35.5 36.8 36.9 37.1 39.6 39.6 38.9 39.6 39.7 39.6 38.6 38.3 38.7 34.9 35.7 34.2 35.9 33.9 37.0 33.4 36.4 36.5 38.5 38.4 40.0 38.5 39.7 38.7 38.6 39.5 38.5 39.2 35.7 34.1 34.6 34.1 35.1 35.4 34.9 34.9 38.3 36.1 39.7 39.0 37.4 38.1 38.5 37.5 37.8 39.2 38.9 39.0 39.7 38.2 38.2 38.9 33.4 32.4 33.9 33.0 34.2 34.7 34.2 35.7 36.2 37.1 39.2 40.2 39.2 39.9 38.5 40.2 39.2 39.6 39.5 34.9 36.1 33.8 35.2 35.9 34.7 35.7 36.7 36.2 37.6 39.6 38.1 38.8 39.7 39.7 39.3 41.2 39.6 39.4 34.0 34.1 34.9 34.1 34.2 33.5 34.9 35.7 37.4 37.4 39.4 39.7 39.0 40.1 40.0 38.5 39.1 39.3 38.1 36.1 33.7 35.1 34.2 35.5 35.4 36.2 37.1 37.1 36.8 38.1 39.2 39.2 39.3 39.4 38.5 38.9 38.3 39.3 40.1 39.6 39.9 39.8 37.7 36.0 33.4 34.2 33.6 33.7 33.7 35.4 34.6 36.0 37.2 40.3 39.1 38.4 38.6 38.3 39.2 39.7 41.2 34.9 34.7 34.5 34.8 34.1 34.4 34.4 35.9 35.3 36.3 36.6 38.4 36.5 38.8 
Direction:  n n n n n n n n n n n n n n n n n n n n n n n n n n n n n n n n n n n n n n n n n n n n n n n n n n n n n n n n n n n n n n n n n n n n n n n n n n n n n n n n n n n n n n n n n n n n n n n n n n n n n n n n n n n n n n n n n n n n n n n n n n n n n n n n n n n n n n n n n n n n n n n n n n n n n n n n n n n n n n n n n n n n n n n n n n n n n n n n n n n n n n n n n n n n n n n n n n n n n n n n

54.4: Count:   0.3 (  0.2) A:  19.7 [18-35] B:  33.1 [18-62] Phase: 50% 35 (22.2) Direction:  {14 166}  77% 2 (12.4) Direction:  {1 179}
Phase: {298,235,261,274,276,337,303,256,278,326,234,241,281,249,260,227,243,225,237,207,220,221,196,206,170,170,181,181,189,153,174,147,153,154,126,110,150,136,122,118,140,134,115,153,126,157,98,120,93,91,107,95,117,101,112,92,91,90,94,104,88,103,77,99,65,75,82,77,66,59,60,51,67,62,65,57,44,60,41,38,47,47,25,18,25,18,24,29,15,16,14,18,21,30,16,5,6,11,1,10,10,7,7,15,9,7,10,4,4,6,3,2,6,2,5,4,2,0,0,0,0,3,2,0,0,1,5,5,3,3,0,0,0,0,1,1,0,0,0,0,3,0,1,0,3,0,2,0,0,0,0,3,0,1,0,0,0,0,1,0,0,0,0,0,0,0,0,0,5,0,0,0,0,0,0,0,0,0,1,0,0,0,0,0,0,1,0,2,0,1,1,0,0,0,0,0,0,0,0,0,1,0,0,0,0,0,0,0,0,0,1,0,0,0,0,0,0,0,0,1,0,0,0,0,0,0,0,0,0,0,1,0,1,0,0,0,0,0,0,0,1,0,0,0,0,0,2,0,0,0,1,0,1,0,0,0,3,0,0,0,0,0,0,0,0,0,0,0,3,0,5,0,1,0,1,2,2,1,2,0,1,3,2,4,1,1,3,0,1,7,1,2,3,3,2,2,6,7,1,3,4,5,5,3,4,8,15,5,7,1,10,6,12,3,14,11,9,11,16,14,12,25,20,17,7,14,28,25,23,21,30,32,33,54,34,44,46,33,44,68,60,57,82,100,99,93,136,137,130,139,154,185,215,146,196,216,232,251,210,269}
Count:   0.1   0.0   0.1   0.1   0.1   0.1   0.4   0.6   0.5   0.5   0.5   0.5   0.5   0.4   0.5   0.3   0.1   0.1   0.1   0.1   0.2   0.1   0.1   0.1   0.1   0.4   0.5   0.5   0.5   0.5   0.4   0.4   0.4   0.4   0.2   0.1   0.1   0.1   0.1   0.1   0.1   0.1   0.1   0.1   0.5   0.6   0.6   0.5   0.5   0.4   0.4   0.3   0.3   0.3   0.1   0.1   0.1   0.1   0.1   0.1   0.1   0.1   0.1   0.5   0.5   0.5   0.5   0.5   0.5   0.4   0.4   0.4   0.2   0.1   0.1   0.1   0.1   0.1   0.1   0.2   0.1   0.1   0.1   0.1   0.2   0.1   0.1   0.6   0.5   0.7   0.5   0.6   0.5   0.5   0.4   0.5   0.2   0.2   0.1   0.1   0.2   0.1   0.1   0.1   0.1   0.1   0.7   0.5   0.5   0.5   0.4   0.5   0.5   0.3   0.4   0.3   0.1   0.1   0.1   0.1   0.1   0.1   0.1   0.1   0.1   0.4   0.6   0.6   0.5   0.6   0.4   0.4   0.4   0.3   0.2   0.1   0.1   0.1   0.1   0.1   0.1   0.1   0.2   0.1   0.5   0.6   0.6   0.6   0.4   0.6   0.3   0.4   0.4   0.2   0.1   0.1   0.1   0.1   0.1   0.1   0.1   0.1   0.1   0.1   0.1   0.1   0.1   0.2   0.6   0.6   0.6   0.5   0.5   0.5   0.6   0.5   0.5   0.2   0.2   0.1   0.1   0.1   0.1   0.1   0.1   0.1   0.3   0.6   0.6   0.7   0.5   0.6   0.5   0.5   0.5   0.3   0.2   0.1   0.1   0.1 
B: 37.0 36.4 38.3 38.7 37.6 37.4 31.2 31.8 31.5 30.6 32.0 31.6 33.0 32.3 33.5 34.2 38.3 38.4 38.9 38.9 38.6 39.8 38.3 40.1 38.1 32.1 32.2 33.0 33.1 31.8 32.9 34.1 34.9 33.4 34.2 37.7 35.0 39.6 38.3 37.1 38.1 37.0 39.0 39.1 30.8 31.4 29.8 30.3 31.4 34.3 31.9 33.5 32.7 34.5 39.3 38.5 37.7 36.6 37.2 38.3 39.2 36.3 37.4 28.5 30.8 31.7 30.7 31.1 32.8 33.3 31.2 32.6 33.6 37.7 37.8 36.2 37.3 37.9 37.9 37.2 35.6 38.3 38.1 39.0 39.0 38.9 37.8 33.0 31.0 29.8 30.1 30.9 31.5 32.5 32.3 30.8 35.0 37.4 37.9 38.5 38.6 38.5 38.3 38.0 37.7 37.9 31.3 30.5 31.4 30.8 31.6 32.5 33.9 34.0 32.8 35.3 38.7 39.5 36.5 41.3 35.3 39.3 37.9 38.9 37.6 30.8 31.6 32.5 30.5 31.6 29.4 33.3 31.4 32.5 34.8 37.5 38.6 36.3 35.6 40.0 37.8 37.6 37.0 37.3 31.6 30.8 33.2 30.7 31.5 31.8 32.3 33.5 35.3 34.5 37.6 37.6 37.8 37.0 36.0 36.8 38.6 36.5 37.7 38.5 38.3 36.6 36.1 32.6 31.7 31.6 30.8 30.1 32.0 33.3 31.1 32.3 33.1 34.2 39.6 38.8 36.7 36.8 36.5 38.2 36.4 34.6 33.8 31.0 29.5 31.6 31.1 30.6 32.2 31.8 33.2 31.6 34.8 37.2 35.8 36.3 
Direction:  n n n n n n n n n n n n n n n n n n n n n n n n n n n n n n n n n n n n n n n n n n n n n n n n n n n n n n n n n n n n n n n n n n n n n n n n n n n n n n n n n n n n n n n n n n n n n n n n n n n n n n n n n n n n n n n n n n n n n n n n n n n n n n n n n n n n n n n n n n n n n n n n n n n n n n n n n n n n n n n n n n n n n n n n n n n n n n n n n n n n n n n n n n n n n n n n n n n n n n n n

54.5: Count:   0.3 (  0.2) A:  19.9 [18-33] B:  30.7 [18-60] Phase: 100% 24 (28.6) Direction:  {9 171}
Phase: {240,238,192,233,223,250,297,233,192,233,225,208,203,215,231,176,227,206,204,193,175,200,177,168,190,180,171,200,190,183,168,176,179,170,186,197,160,152,179,151,144,157,144,156,155,149,131,146,123,167,148,125,135,139,148,142,130,122,141,140,149,133,125,166,144,141,101,122,132,139,116,121,138,108,137,133,91,120,98,76,104,115,81,83,99,87,81,84,53,58,90,56,37,48,53,35,37,28,29,29,34,31,28,25,10,20,24,29,12,26,14,7,12,15,5,2,13,12,9,6,8,2,9,7,1,2,7,3,2,3,6,2,3,1,10,1,3,2,4,2,1,1,3,0,1,0,2,0,0,3,4,1,1,2,2,1,0,0,0,0,0,1,0,0,0,0,1,0,0,0,2,0,0,0,1,0,0,0,0,2,1,0,0,0,0,1,0,2,0,1,1,0,4,0,1,0,0,4,0,0,2,0,0,0,0,0,1,0,1,0,0,0,0,0,0,1,0,0,0,0,0,0,1,1,1,0,0,0,2,2,0,0,0,3,0,0,0,0,2,0,2,0,0,0,3,0,0,0,2,0,2,0,0,0,0,0,1,2,3,0,0,1,5,0,0,1,1,1,2,1,0,2,2,0,2,2,0,1,0,8,2,1,1,5,4,1,6,2,2,5,0,0,1,8,4,6,5,7,9,2,5,5,4,4,5,2,5,9,7,5,5,17,7,16,6,19,10,9,12,13,11,19,17,14,16,30,25,15,23,23,24,40,16,44,38,50,40,46,44,45,70,55,78,68,96,97,104,117,118,110,143,172,131,164,192,185,180,217,178,188}
Count:   0.1   0.0   0.1   0.1   0.1   0.1   0.5   0.6   0.6   0.6   0.6   0.6   0.6   0.5   0.4   0.4   0.1   0.1   0.1   0.1   0.1   0.1   0.1   0.1   0.1   0.5   0.6   0.6   0.6   0.6   0.6   0.4   0.4   0.4   0.3   0.1   0.1   0.1   0.1   0.1   0.1   0.1   0.1   0.1   0.7   0.8   0.6   0.6   0.7   0.6   0.5   0.4   0.4   0.2   0.1   0.1   0.1   0.1   0.1   0.1   0.1   0.1   0.1   0.5   0.6   0.6   0.6   0.5   0.5   0.5   0.4   0.3   0.2   0.1   0.1   0.1   0.1   0.1   0.1   0.1   0.1   0.1   0.1   0.1   0.1   0.1   0.1   0.7   0.6   0.8   0.7   0.8   0.6   0.5   0.6   0.7   0.3   0.1   0.1   0.1   0.1   0.1   0.1   0.1   0.1   0.2   0.6   0.7   0.6   0.6   0.6   0.6   0.5   0.4   0.4   0.2   0.1   0.1   0.1   0.1   0.1   0.1   0.1   0.1   0.2   0.6   0.8   0.6   0.8   0.7   0.6   0.5   0.5   0.4   0.3   0.1   0.0   0.1   0.1   0.1   0.1   0.2   0.1   0.1   0.7   0.7   0.7   0.7   0.5   0.6   0.4   0.4   0.3   0.2   0.1   0.0   0.1   0.1   0.1   0.1   0.1   0.1   0.1   0.1   0.1   0.1   0.1   0.2   0.7   0.7   0.8   0.6   0.6   0.7   0.7   0.4   0.5   0.2   0.1   0.1   0.1   0.1   0.1   0.1   0.1   0.1   0.3   0.6   0.6   0.8   0.6   0.6   0.7   0.5   0.6   0.4   0.2   0.1   0.1   0.1 
B: 37.5 36.0 37.3 36.2 38.2 35.0 29.4 28.8 28.6 28.9 29.3 28.9 30.6 30.5 30.3 33.0 37.1 32.8 34.7 35.4 36.8 36.4 37.9 34.1 36.2 28.7 28.8 27.9 29.4 29.5 30.7 29.7 30.8 31.5 34.3 37.5 35.1 32.8 37.4 35.8 35.5 37.7 35.8 37.3 29.3 28.6 27.8 28.2 29.5 28.9 33.0 31.5 31.8 30.5 36.9 36.3 35.9 37.4 35.8 36.9 35.9 37.1 37.3 30.3 27.9 28.1 28.9 28.7 29.8 30.4 28.7 32.0 33.1 37.1 35.8 34.6 37.7 36.1 35.7 34.3 37.5 35.7 34.4 35.8 35.6 36.6 35.4 29.8 28.8 28.4 28.8 29.7 28.0 30.1 29.2 29.4 32.3 33.1 36.1 37.9 37.9 38.1 35.4 36.9 38.4 35.7 31.2 28.7 30.3 28.5 30.2 29.9 31.2 30.9 30.9 33.4 39.7 37.2 35.5 37.6 34.9 35.0 33.8 36.0 34.6 27.9 28.4 28.5 29.8 30.3 29.4 29.9 30.5 30.8 31.8 35.3 36.2 33.6 35.2 36.6 33.1 34.3 39.8 36.3 28.2 29.9 29.0 30.6 30.4 30.5 30.2 31.0 30.8 32.6 38.8 31.0 36.7 36.8 36.0 36.6 35.8 36.3 35.1 36.3 37.6 35.4 38.9 30.9 31.7 29.7 28.9 28.5 30.1 29.4 30.0 28.9 30.2 33.4 36.3 36.2 36.9 38.4 35.5 35.8 35.4 32.7 31.1 28.6 29.2 29.4 30.4 29.7 29.5 31.0 30.9 29.7 35.5 33.3 37.2 33.8 
Direction:  n n n n n n n n n n n n n n n n n n n n n n n n n n n n n n n n n n n n n n n n n n n n n n n n n n n n n n n n n n n n n n n n n n n n n n n n n n n n n n n n n n n n n n n n n n n n n n n n n n n n n n n n n n n n n n n n n n n n n n n n n n n n n n n n n n n n n n n n n n n n n n n n n n n n n n n n n n n n n n n n n n n n n n n n n n n n n n n n n n n n n n n n n n n n n n n n n n n n n n n n

54.6: Count:   0.4 (  0.3) A:  20.1 [18-36] B:  29.0 [18-61] Phase: 100% 37 (37.7) Direction:  {15 165}
Phase: {233,231,202,243,204,218,230,212,240,265,228,241,227,252,227,199,243,221,209,195,188,192,217,203,173,184,170,218,175,161,161,188,203,191,157,190,166,193,194,210,142,194,186,196,207,236,175,161,161,187,177,175,197,177,208,177,220,179,190,204,165,235,171,201,181,172,200,175,206,158,176,182,211,167,216,176,178,157,159,167,138,164,156,148,189,84,150,159,112,99,162,113,101,142,112,89,119,65,95,105,85,84,89,67,74,68,59,52,55,38,55,39,52,32,45,29,15,31,25,25,18,21,14,16,21,16,7,7,14,14,13,7,17,7,15,7,2,6,4,10,15,5,6,5,2,4,7,2,3,2,1,3,3,5,3,2,0,0,0,3,0,1,4,3,0,1,5,3,2,0,0,8,2,2,3,2,1,0,1,0,3,2,1,3,0,0,1,0,0,0,0,1,0,2,0,1,2,0,1,2,2,1,1,1,0,0,0,0,0,1,1,1,2,0,0,2,0,0,0,3,2,0,0,0,0,0,0,3,3,0,0,0,0,4,0,0,0,0,1,0,0,1,1,0,1,0,0,4,3,0,1,0,1,0,1,2,0,4,0,1,4,0,0,4,0,0,2,1,0,0,1,2,0,0,3,0,1,1,4,7,0,3,1,3,2,2,8,2,4,4,2,5,3,1,3,3,0,9,4,7,4,6,5,2,4,8,2,8,5,4,2,4,5,7,6,7,9,4,10,16,7,11,19,12,18,23,18,18,26,19,27,38,33,39,34,40,43,44,54,65,61,58,71,79,89,86,76,145,141,130,136,170,159,167,176,157,177,201,216,184}
Count:   0.0   0.1   0.2   0.2   0.1   0.2   0.7   0.9   0.8   0.8   0.8   0.7   0.7   0.6   0.5   0.4   0.1   0.1   0.1   0.1   0.2   0.2   0.1   0.1   0.1   0.7   0.8   0.8   0.8   0.7   0.8   0.5   0.5   0.5   0.3   0.1   0.1   0.1   0.1   0.1   0.2   0.1   0.1   0.1   0.8   0.9   0.9   0.9   0.8   0.8   0.7   0.5   0.4   0.3   0.1   0.1   0.1   0.2   0.1   0.1   0.1   0.1   0.1   0.8   0.8   0.7   0.9   0.8   0.6   0.6   0.6   0.5   0.2   0.1   0.1   0.1   0.1   0.1   0.1   0.1   0.2   0.1   0.1   0.1   0.1   0.1   0.1   1.0   0.7   1.0   0.8   1.1   0.7   0.7   0.6   0.6   0.3   0.1   0.1   0.1   0.1   0.1   0.1   0.1   0.1   0.2   0.9   0.9   0.9   0.8   0.7   0.7   0.6   0.6   0.5   0.2   0.1   0.1   0.1   0.1   0.1   0.1   0.1   0.1   0.1   0.8   1.1   0.9   0.9   0.8   0.6   0.6   0.6   0.4   0.3   0.1   0.1   0.1   0.2   0.1   0.1   0.1   0.1   0.2   1.0   0.9   0.8   0.9   0.8   0.7   0.5   0.4   0.4   0.2   0.1   0.1   0.1   0.1   0.1   0.1   0.1   0.1   0.1   0.1   0.1   0.1   0.1   0.2   0.8   0.9   0.9   0.8   0.8   0.8   0.8   0.7   0.6   0.3   0.1   0.1   0.1   0.1   0.1   0.1   0.1   0.1   0.3   0.8   0.8   0.8   0.9   0.7   0.7   0.5   0.5   0.4   0.2   0.1   0.1   0.2 
B: 31.2 32.1 35.6 34.6 34.8 34.0 28.7 26.1 25.9 27.5 26.9 29.8 28.6 29.2 28.3 27.9 33.4 35.7 35.4 33.8 35.2 34.5 33.2 35.0 35.1 27.1 27.3 28.2 28.8 27.5 29.0 27.5 28.3 30.6 32.5 35.5 34.2 34.2 32.8 34.9 34.4 31.7 35.3 34.8 27.2 28.0 27.1 27.7 28.2 27.8 29.5 29.6 30.8 31.0 34.2 32.1 35.4 35.2 32.9 31.9 34.0 35.7 33.8 26.6 27.8 26.9 26.4 26.7 27.9 28.6 27.7 31.8 32.4 35.9 33.7 34.4 35.0 33.0 32.3 35.1 34.5 35.8 34.1 33.3 35.7 34.7 33.8 28.3 28.1 26.9 26.8 27.0 28.0 27.7 28.2 28.4 29.4 34.2 32.7 34.1 34.1 36.1 32.3 32.4 36.0 31.6 29.4 27.9 28.2 27.9 27.9 27.6 27.9 28.6 29.8 31.7 35.6 36.2 34.8 33.4 36.7 36.0 33.6 36.0 32.0 27.3 26.9 27.7 27.0 28.4 27.6 30.8 29.3 30.9 33.6 32.3 35.5 32.6 33.5 33.3 33.1 32.8 33.2 34.3 28.1 28.4 27.2 28.4 27.4 28.7 29.3 29.0 30.1 32.2 35.4 34.8 33.8 33.8 35.2 33.7 36.1 34.7 33.7 34.0 31.4 33.3 35.2 29.5 27.3 27.6 26.9 28.1 27.8 26.9 28.3 28.1 28.5 29.5 33.0 31.9 34.4 35.0 32.8 32.8 33.8 32.8 30.3 28.7 27.1 28.2 27.0 27.5 27.9 27.5 29.2 29.5 30.2 31.8 30.6 32.8 
Direction:  n n n n n n n n n n n n n n n n n n n n n n n n n n n n n n n n n n n n n n n n n n n n n n n n n n n n n n n n n n n n n n n n n n n n n n n n n n n n n n n n n n n n n n n n n n n n n n n n n n n n n n n n n n n n n n n n n n n n n n n n n n n n n n n n n n n n n n n n n n n n n n n n n n n n n n n n n n n n n n n n n n n n n n n n n n n n n n n n n n n n n n n n n n n n n n n n n n n n n n n n

54.7: Count:   0.5 (  0.4) A:  20.2 [18-38] B:  27.9 [18-61] Phase: 87% 60 (36.7) Direction:  {24 156}  38% 1 (15.6) Direction:  {0 180}
Phase: {248,181,199,228,212,235,226,211,195,219,216,207,215,213,226,198,231,192,195,210,198,190,155,161,205,204,177,207,158,189,172,215,244,177,190,218,213,188,196,229,180,233,200,227,208,253,213,258,211,269,207,275,268,253,217,252,267,231,296,239,276,243,321,306,234,310,283,321,295,277,277,288,330,293,281,318,325,278,290,265,268,324,232,268,324,236,198,280,227,187,250,160,170,215,168,146,174,129,156,164,107,108,107,116,93,94,114,81,65,63,66,66,53,29,56,47,45,47,33,35,34,41,27,26,29,45,26,20,26,34,16,26,17,14,8,12,16,10,8,9,3,5,14,6,9,13,4,0,1,4,3,8,8,4,2,4,6,5,2,6,2,1,7,2,1,5,0,3,0,3,2,5,1,0,2,0,0,0,3,1,2,0,1,0,3,1,1,1,1,0,2,3,0,2,3,0,0,0,3,3,0,0,1,1,2,0,0,0,0,0,0,3,1,1,4,2,1,0,0,0,4,3,0,1,0,2,0,2,0,2,0,1,6,3,0,0,0,1,3,0,3,0,2,0,0,1,1,3,2,0,0,0,3,5,5,2,7,1,1,3,1,1,2,1,1,0,0,1,1,1,0,4,2,0,4,1,0,4,1,4,3,1,2,3,3,5,2,2,2,6,2,2,6,1,4,9,3,12,3,3,4,5,9,7,6,3,3,4,10,4,6,7,10,10,6,5,10,6,3,13,9,7,18,23,21,9,17,12,29,27,23,27,23,37,27,36,47,41,51,38,68,43,70,83,89,110,90,147,92,96,106,152,159,166,162,168,185,172,211,161}
Count:   0.1   0.1   0.1   0.1   0.1   0.2   0.9   1.1   1.1   1.0   1.0   1.0   0.7   0.8   0.6   0.4   0.1   0.2   0.1   0.1   0.1   0.2   0.2   0.1   0.1   0.8   1.1   1.1   1.1   0.9   0.9   0.7   0.5   0.5   0.3   0.1   0.1   0.1   0.1   0.1   0.1   0.1   0.1   0.1   1.0   1.2   1.3   1.2   1.0   0.9   0.9   0.6   0.5   0.3   0.1   0.1   0.1   0.1   0.1   0.1   0.1   0.1   0.1   0.9   1.4   1.1   1.0   1.0   0.7   0.7   0.6   0.5   0.3   0.1   0.1   0.1   0.1   0.1   0.1   0.2   0.1   0.2   0.1   0.1   0.1   0.1   0.1   1.2   1.1   1.2   1.0   1.3   1.0   0.9   0.9   0.7   0.4   0.1   0.1   0.1   0.1   0.1   0.1   0.1   0.1   0.2   1.0   1.2   1.0   0.9   1.0   0.9   0.8   0.6   0.6   0.3   0.1   0.1   0.1   0.1   0.1   0.1   0.1   0.1   0.1   1.2   1.2   1.2   1.2   1.1   0.9   0.7   0.7   0.5   0.2   0.1   0.1   0.2   0.1   0.1   0.1   0.1   0.2   0.1   1.2   1.2   1.1   1.1   1.0   1.0   0.7   0.5   0.5   0.2   0.1   0.1   0.1   0.1   0.1   0.1   0.2   0.1   0.1   0.1   0.2   0.1   0.1   0.2   1.1   1.2   1.1   1.1   1.1   1.0   0.9   0.8   0.7   0.2   0.1   0.1   0.2   0.2   0.1   0.1   0.1   0.1   0.3   1.1   0.9   1.1   1.1   1.0   1.0   0.6   0.6   0.6   0.3   0.1   0.1   0.1 
B: 34.5 34.2 33.4 30.5 32.6 34.2 26.3 27.7 26.8 27.0 26.0 26.4 27.3 26.8 27.8 29.4 34.4 34.9 34.8 33.1 36.1 34.7 35.1 33.1 31.3 26.4 26.3 26.6 26.5 27.0 27.3 27.6 28.2 29.3 30.3 33.7 31.6 34.1 36.5 33.2 35.0 32.0 32.2 34.0 27.7 26.6 26.0 26.5 25.9 26.7 27.0 29.0 30.1 31.0 33.3 31.5 34.2 33.7 34.1 34.3 33.4 30.3 33.5 26.1 26.1 26.4 25.9 28.0 26.9 27.0 28.2 29.3 31.5 32.8 34.3 31.0 36.1 31.5 33.4 33.8 33.8 33.9 33.0 33.0 32.5 32.3 33.5 27.3 27.0 26.1 26.3 25.9 27.0 27.1 27.2 26.8 29.2 34.2 35.1 32.5 34.0 31.5 32.0 31.6 34.9 33.2 27.3 27.2 27.2 27.2 26.3 27.0 28.2 27.5 28.9 29.7 34.0 32.7 33.3 32.7 34.6 34.5 34.3 34.4 33.7 27.0 27.5 27.9 26.9 25.6 26.0 27.7 27.7 29.3 30.2 34.1 34.9 31.7 34.5 32.3 33.5 33.6 33.9 31.8 26.4 26.2 26.0 27.3 26.7 27.8 28.1 30.3 31.4 29.0 33.1 34.7 32.4 33.9 32.0 30.0 31.8 35.4 32.7 34.2 34.7 33.7 34.4 31.1 26.2 26.2 27.1 26.9 26.8 26.7 26.5 27.9 27.8 29.1 33.0 33.8 33.0 33.5 34.0 32.3 37.2 33.6 29.1 27.0 26.0 27.1 26.9 26.4 26.2 27.5 27.2 28.9 30.3 33.5 31.7 32.9 
Direction:  n n n n n n n n n n n n n n n n n n n n n n n n n n n n n n n n n n n n n n n n n n n n n n n n n n n n n n n n n n n n n n n n n n n n n n n n n n n n n n n n n n n n n n n n n n n n n n n n n n n n n n n n n n n n n n n n n n n n n n n n n n n n n n n n n n n n n n n n n n n n n n n n n n n n n n n n n n n n n n n n n n n n n n n n n n n n n n n n n n n n n n n n n n n n n n n n n n n n n n n n

54.8: Count:   0.5 (  0.5) A:  20.3 [18-37] B:  27.0 [18-62] Phase: 78% 67 (28.0) Direction:  {27 153}  33% 4 (16.9) Direction:  {2 178}  14% 77 (23.6) Direction:  {32 148}
Phase: {173,147,186,166,156,145,197,162,171,170,191,215,193,170,168,194,185,177,175,150,171,152,160,211,153,138,145,164,166,168,176,177,176,172,162,165,185,175,160,198,177,246,184,250,210,258,228,286,246,259,276,267,285,271,294,279,304,306,343,321,329,356,351,444,342,370,395,423,401,376,433,366,419,355,377,394,379,441,370,357,368,422,387,309,375,351,284,360,268,253,394,192,261,260,217,198,247,176,153,214,142,147,138,149,123,132,111,113,108,57,80,93,65,69,76,48,55,65,29,52,22,34,45,26,22,27,26,42,28,17,28,15,17,11,21,14,11,23,6,15,9,15,12,5,13,14,8,4,9,5,5,7,3,6,4,2,5,1,1,5,2,3,7,9,5,3,3,0,0,2,4,3,3,2,2,0,5,1,2,0,7,0,0,2,1,0,0,0,3,0,1,1,2,1,4,1,3,0,3,3,0,0,0,1,0,2,0,0,2,0,0,0,1,0,2,1,1,0,2,2,2,1,0,0,0,4,0,3,0,0,0,1,0,1,0,2,0,2,4,1,1,6,0,0,4,2,0,0,0,1,4,0,0,1,0,1,0,2,1,0,0,0,0,0,2,4,0,2,1,3,2,1,1,1,0,0,2,0,0,1,1,3,2,1,3,0,2,0,0,3,1,1,0,1,2,3,1,4,0,6,1,2,1,3,0,3,4,2,2,6,3,4,6,4,0,4,3,3,6,6,4,2,7,11,13,10,10,10,9,21,16,23,15,19,17,23,20,21,30,29,48,54,48,42,53,85,47,59,37,87,92,94,92,98,134,137,115,141,131,143}
Count:   0.1   0.1   0.1   0.1   0.1   0.0   1.3   1.5   1.4   1.1   1.1   1.1   0.8   0.9   0.7   0.5   0.1   0.1   0.1   0.1   0.1   0.1   0.1   0.1   0.1   1.1   1.4   1.3   1.1   1.0   1.0   0.8   0.7   0.5   0.3   0.1   0.1   0.0   0.1   0.0   0.1   0.0   0.1   0.1   1.0   1.3   1.3   1.2   1.3   1.1   0.8   0.6   0.5   0.3   0.1   0.1   0.1   0.1   0.1   0.1   0.1   0.1   0.1   1.1   1.3   1.3   1.2   1.1   0.9   0.7   0.5   0.5   0.2   0.1   0.1   0.1   0.1   0.1   0.1   0.1   0.1   0.1   0.1   0.1   0.1   0.1   0.1   1.3   1.2   1.1   1.2   1.3   1.1   1.0   0.9   0.8   0.4   0.1   0.1   0.1   0.1   0.1   0.1   0.1   0.1   0.1   1.2   1.4   1.2   1.2   1.0   0.9   0.9   0.7   0.5   0.3   0.1   0.1   0.1   0.1   0.1   0.1   0.1   0.1   0.1   1.2   1.4   1.2   1.2   1.1   1.2   0.9   0.7   0.4   0.2   0.1   0.1   0.1   0.1   0.1   0.1   0.1   0.1   0.1   1.5   1.3   1.2   1.1   1.1   1.0   0.7   0.7   0.3   0.3   0.1   0.1   0.1   0.1   0.1   0.1   0.1   0.1   0.1   0.1   0.1   0.1   0.1   0.4   1.4   1.3   1.3   1.4   1.1   1.1   1.0   1.0   0.8   0.2   0.1   0.1   0.1   0.1   0.1   0.1   0.1   0.1   0.3   1.3   1.1   1.1   1.3   1.1   1.1   0.8   0.6   0.6   0.3   0.1   0.1   0.2 
B: 34.3 31.8 31.1 36.4 32.2 35.6 25.8 24.9 25.1 25.4 25.8 25.8 26.9 27.6 25.3 27.9 35.4 35.5 37.2 34.4 32.6 34.8 30.6 30.9 33.6 26.6 26.5 26.2 25.6 26.7 27.5 25.9 26.5 27.7 31.5 33.2 35.2 35.0 34.5 38.5 33.2 33.1 32.6 32.9 25.6 25.7 25.7 25.4 25.8 26.2 26.3 26.9 27.1 29.1 30.7 33.7 33.2 34.6 33.1 35.4 32.8 31.2 33.0 26.6 25.8 26.1 26.5 26.2 26.2 28.1 28.4 27.6 28.8 34.9 33.7 34.9 33.5 34.6 34.0 33.2 34.5 35.8 35.6 34.4 34.7 32.2 30.5 27.0 26.0 25.6 26.3 25.9 25.7 27.1 26.1 26.7 26.9 32.7 35.8 35.3 30.1 32.8 33.6 33.5 32.6 33.1 26.3 26.1 26.5 26.2 27.5 26.8 24.6 27.3 27.7 29.2 35.8 32.5 34.6 30.8 31.6 36.0 33.4 31.9 33.3 26.5 26.6 26.5 25.9 25.9 25.8 26.0 27.5 28.0 31.8 32.1 32.2 33.6 32.5 34.1 31.2 32.0 34.3 32.5 26.0 25.7 25.2 26.2 27.4 27.3 27.0 27.8 28.6 29.7 31.6 33.8 32.6 37.1 31.7 33.1 30.8 36.1 34.3 33.1 33.0 32.6 33.7 30.3 25.9 26.9 26.9 27.0 25.7 26.0 25.3 26.5 28.2 27.9 32.5 34.5 33.7 34.0 34.5 32.2 34.6 32.9 28.0 26.0 26.1 26.4 25.7 26.4 25.8 26.2 26.4 28.7 30.3 33.5 31.6 31.9 
Direction:  n n n n n n n n n n n n n n n n n n n n n n n n n n n n n n n n n n n n n n n n n n n n n n n n n n n n n n n n n n n n n n n n n n n n n n n n n n n n n n n n n n n n n n n n n n n n n n n n n n n n n n n n n n n n n n n n n n n n n n n n n n n n n n n n n n n n n n n n n n n n n n n n n n n n n n n n n n n n n n n n n n n n n n n n n n n n n n n n n n n n n n n n n n n n n n n n n n n n n n n n

54.9: Count:   0.5 (  0.5) A:  20.2 [18-36] B:  25.7 [18-61] Phase: 72% 71 (23.3) Direction:  {29 151}  22% 90 (12.9) Direction:  {38 142}  12% 81 ( 9.1) Direction:  {34 146}
Phase: {64,62,51,57,56,66,79,54,70,92,55,80,85,103,78,69,66,78,92,63,81,78,102,97,72,95,77,89,113,121,128,120,117,105,140,163,150,139,136,148,127,166,118,187,157,189,162,176,160,221,173,221,215,175,212,238,226,243,290,278,237,302,268,302,264,323,359,317,349,379,362,381,409,397,398,456,464,457,401,413,394,505,414,410,490,443,389,401,386,320,448,300,280,350,296,268,285,263,235,259,228,191,167,219,185,200,155,134,127,112,109,94,108,101,93,89,67,82,60,75,58,50,49,43,38,39,31,42,32,29,27,32,26,27,35,19,12,20,14,19,13,14,12,20,10,10,4,4,5,6,7,5,7,4,2,5,9,2,7,1,0,3,4,3,3,3,0,2,3,0,0,3,1,6,2,0,0,4,3,1,1,0,0,5,1,0,1,1,1,3,1,2,0,2,0,2,0,1,2,0,0,2,2,0,3,2,0,0,1,2,0,2,2,0,2,3,1,1,1,0,2,1,2,0,0,0,0,0,3,2,0,0,0,1,1,2,0,0,1,0,2,0,0,0,0,0,1,0,0,0,0,0,0,4,0,0,0,2,0,1,0,0,3,0,1,1,0,0,0,0,1,2,0,1,1,2,0,0,2,0,3,1,0,2,1,0,2,0,2,0,2,0,1,2,7,2,3,3,2,0,2,3,2,0,0,1,0,0,1,0,3,1,2,0,2,3,1,12,3,0,2,4,1,4,0,0,4,0,3,2,10,4,7,4,11,9,11,4,8,12,6,11,21,11,12,15,7,25,33,18,29,36,24,24,43,39,46,57,28,45}
Count:   0.0   0.0   0.0   0.0   0.0   0.0   1.4   1.2   1.4   1.0   1.0   0.9   0.8   0.6   0.6   0.4   0.0   0.0   0.0   0.1   0.0   0.1   0.0   0.0   0.0   1.0   1.3   1.2   1.0   1.0   0.8   0.9   0.6   0.4   0.2   0.0   0.1   0.0   0.0   0.0   0.0   0.0   0.0   0.0   0.9   1.4   1.1   1.2   1.1   0.9   0.8   0.6   0.3   0.1   0.0   0.0   0.0   0.0   0.0   0.0   0.0   0.0   0.0   1.2   1.2   1.2   1.2   1.2   0.9   0.6   0.4   0.3   0.2   0.0   0.0   0.0   0.0   0.0   0.0   0.0   0.0   0.0   0.0   0.0   0.0   0.0   0.1   1.5   1.2   1.2   1.2   1.2   0.9   0.8   0.6   0.6   0.3   0.0   0.0   0.0   0.0   0.0   0.0   0.0   0.0   0.1   1.2   1.4   1.0   1.2   0.9   0.8   0.8   0.6   0.3   0.2   0.0   0.0   0.0   0.0   0.0   0.0   0.0   0.0   0.0   1.3   1.3   1.2   1.2   1.1   0.9   0.8   0.6   0.4   0.1   0.0   0.1   0.0   0.0   0.0   0.0   0.0   0.0   0.0   1.5   1.3   1.0   0.9   1.0   1.0   0.6   0.5   0.2   0.2   0.0   0.0   0.0   0.0   0.0   0.0   0.0   0.1   0.0   0.0   0.0   0.0   0.0   0.3   1.3   1.2   1.2   1.3   0.9   0.9   0.8   1.0   0.6   0.2   0.0   0.0   0.0   0.0   0.0   0.0   0.0   0.0   0.3   1.4   1.1   1.2   1.2   1.0   0.9   0.7   0.5   0.4   0.1   0.0   0.0   0.1 
B: 36.6 31.2 29.6 31.2 33.6 28.7 25.1 25.0 25.7 25.7 24.6 24.9 24.1 25.4 25.5 26.6 31.3 31.0 31.0 34.1 37.5 34.1 28.4 31.1 33.1 25.1 25.6 25.0 25.9 25.6 25.4 25.2 25.3 27.6 26.6 33.2 35.0 28.5 34.0 32.5 32.9 32.8 34.7 28.8 26.7 25.5 26.1 25.8 25.4 24.7 25.6 25.7 25.8 25.7 30.2 33.5 36.6 24.5 31.4 33.0 * 30.5 24.0 25.2 26.4 25.8 24.8 25.2 24.8 26.5 25.6 25.4 30.5 30.4 26.6 36.4 32.2 35.5 31.6 31.0 33.8 30.2 32.5 33.3 29.8 31.3 26.7 26.3 25.2 26.1 25.2 25.8 25.0 25.7 25.9 25.5 26.0 30.8 31.4 30.2 29.6 37.0 35.3 33.3 34.5 31.2 26.0 25.5 25.7 24.8 25.7 24.2 24.4 25.5 26.5 27.0 31.7 32.8 32.8 36.0 30.0 27.5 27.5 37.4 33.0 24.8 25.6 24.5 24.1 24.9 25.6 24.8 26.1 27.3 29.1 28.0 28.0 29.9 30.6 34.8 31.1 27.8 34.4 35.1 26.0 25.3 25.0 24.9 26.5 24.8 26.5 27.5 27.4 28.1 29.6 28.4 30.4 29.7 32.9 27.0 34.5 28.4 20.0 36.7 29.8 34.8 33.1 26.7 25.2 26.7 25.4 26.0 26.1 24.5 25.3 25.4 25.6 27.1 34.0 31.3 28.6 30.1 32.6 29.3 24.2 31.8 27.3 25.8 25.0 24.8 25.1 24.8 25.1 24.3 25.2 24.8 25.8 30.2 35.6 27.1 
Direction:  n n n n n n n n n n n n n n n n n n n n n n n n n n n n n n n n n n n n n n n n n n n n n n n n n n n n n n n n n n n n*  n n n n n n n n n n n n n n n n n n n n n n n n n n n n n n n n n n n n n n n n n n n n n n n n n n n n n n n n n n n n n n n n n n n n n n n n n n n n n n n n n n n n n n n n n n n n n n n n n n n n n n n n n n n n n n n n n n n n n n n n n n n n n n n n n n n n n n n n n n n

55.0: Count:   0.4 (  0.5) A:  20.1 [18-35] B:  25.1 [18-61] Phase: 79% 82 (22.7) Direction:  {34 146}  18% 90 (12.2) Direction:  {38 142}  13% 34 ( 8.5) Direction:  {13 167}
Phase: {22,16,13,38,30,26,27,30,17,31,30,34,51,29,30,30,38,45,43,45,32,54,60,43,39,60,31,72,63,56,73,62,82,89,78,93,96,85,111,92,116,114,111,105,89,160,126,172,138,197,141,171,159,157,170,183,166,155,209,184,217,217,185,255,189,276,303,270,311,270,331,337,352,357,372,395,335,434,332,358,373,427,384,371,428,361,383,421,394,314,571,340,307,423,377,303,347,311,301,363,261,310,265,303,207,220,251,175,241,172,187,207,142,158,149,163,112,145,133,133,96,94,99,80,47,79,69,63,61,56,34,61,42,30,32,37,35,28,27,21,17,17,31,22,12,14,11,9,8,10,12,10,6,9,8,10,7,5,11,3,5,4,4,1,5,4,5,4,1,1,1,3,3,2,3,1,4,0,0,0,3,0,2,2,1,2,2,4,0,1,2,1,0,0,1,1,1,1,2,1,0,0,1,0,0,0,0,0,1,2,0,1,0,0,2,0,0,0,0,0,3,1,1,0,0,0,1,0,1,0,0,0,0,0,1,0,0,0,0,1,0,1,0,0,2,0,0,0,0,0,1,0,1,0,0,0,0,0,0,0,0,0,0,0,0,2,0,0,0,0,2,1,0,0,0,0,2,0,0,0,0,0,0,2,0,0,0,0,0,1,0,1,0,1,0,0,0,0,1,0,0,0,0,0,3,0,0,0,0,1,0,0,0,1,1,0,0,4,1,1,3,0,2,1,1,0,1,0,2,3,1,0,4,2,0,2,4,3,5,2,6,5,5,3,12,5,4,9,7,6,19,9,4,13,11,5,12,16,20,14}
Count:   0.0   0.0   0.0   0.0   0.0   0.0   1.3   1.4   1.1   1.1   1.1   0.9   0.8   0.8   0.5   0.3   0.0   0.0   0.0   0.0   0.0   0.0   0.0   0.0   0.0   1.1   1.3   1.0   1.2   0.8   0.7   0.8   0.5   0.3   0.1   0.0   0.0   0.0   0.0   0.0   0.0   0.0   0.0   0.0   0.8   1.5   1.1   1.2   1.0   1.1   0.7   0.5   0.3   0.2   0.0   0.0   0.0   0.0   0.0   0.0   0.0   0.0   0.0   1.0   1.3   1.2   1.0   0.9   0.9   0.5   0.4   0.3   0.1   0.0   0.0   0.0   0.0   0.0   0.0   0.0   0.0   0.0   0.0   0.0   0.0   0.0   0.1   1.3   1.1   0.9   1.0   1.1   0.9   0.7   0.8   0.5   0.3   0.0   0.0   0.0   0.0   0.0   0.0   0.0   0.0   0.0   1.1   1.2   1.0   0.9   0.8   0.6   0.8   0.4   0.3   0.2   0.0   0.0   0.0   0.0   0.0   0.0   0.0   0.0   0.0   1.4   1.1   1.0   0.9   1.1   1.0   0.6   0.5   0.3   0.1   0.0   0.0   0.0   0.0   0.0   0.0   0.0   0.0   0.0   1.4   1.2   1.1   0.8   1.0   0.7   0.6   0.4   0.2   0.1   0.0   0.0   0.0   0.0   0.0   0.0   0.0   0.0   0.0   0.0   0.0   0.0   0.0   0.3   1.3   1.2   1.2   1.2   1.0   1.0   0.8   0.8   0.6   0.1   0.0   0.0   0.0   0.0   0.0   0.0   0.0   0.0   0.2   1.4   1.1   1.2   1.1   1.0   0.8   0.7   0.5   0.4   0.1   0.0   0.0   0.0 
B: 30.0 42.0 28.5 27.6 31.6 27.0 25.7 23.8 25.1 24.0 25.4 24.2 24.3 25.3 24.1 24.2 * 31.5 31.5 30.0 32.0 21.0 28.0 27.0 42.0 25.0 26.2 25.2 25.6 24.7 24.9 24.3 26.2 25.4 27.0 34.0 28.2 20.0 26.0 29.0 23.0 * * 24.5 25.8 25.1 25.4 24.9 25.0 23.9 24.5 26.2 25.1 25.2 27.0 27.5 28.4 27.5 25.2 32.1 * 46.0 25.0 25.3 25.6 25.1 24.9 23.9 24.2 26.0 25.4 25.4 27.8 31.5 28.5 32.0 * * 29.0 28.5 30.0 28.8 19.0 23.0 31.5 29.6 26.2 25.3 25.0 24.9 25.0 25.4 24.3 24.0 24.8 25.1 25.6 * * 30.6 29.5 * 21.3 28.0 31.0 33.0 26.1 25.5 25.0 24.9 25.3 25.4 26.3 25.3 25.3 24.4 38.0 22.3 31.8 31.6 * 25.6 30.0 33.6 25.0 24.4 25.4 24.8 25.0 24.3 25.1 24.5 25.4 27.5 28.3 28.6 29.2 25.0 30.0 29.6 26.0 28.8 28.0 28.0 25.6 24.7 23.7 24.1 24.4 25.0 26.1 25.5 27.6 27.5 * 27.0 36.5 26.0 21.0 31.3 31.2 31.5 29.0 29.5 * 31.1 26.6 25.9 24.7 25.5 25.8 26.0 25.1 24.6 25.1 25.0 24.7 25.1 25.0 * 34.5 30.8 25.5 27.5 31.5 23.0 27.2 25.4 25.2 24.8 24.1 24.1 25.1 24.0 25.0 25.5 29.1 29.0 28.3 27.5 
Direction:  n n n n n n n n n n n n n n n n*  n n n n n n n n n n n n n n n n n n n n n n n n* *  n n n n n n n n n n n n n n n n n*  n n n n n n n n n n n n n n n* *  n n n n n n n n n n n n n n n n n n n* *  n n*  n n n n n n n n n n n n n n n n n n*  n n n n n n n n n n n n n n n n n n n n n n n n n n n n n n n n n*  n n n n n n n n n*  n n n n n n n n n n n n n n*  n n n n n n n n n n n n n n n n n n n n

55.1: Count:   0.4 (  0.5) A:  20.1 [18-37] B:  25.3 [18-62] Phase: 100% 83 (24.9) Direction:  {35 145}
Phase: {41,36,39,32,24,39,34,31,38,47,23,46,44,45,50,25,59,45,56,46,48,33,52,31,66,35,53,42,52,67,70,72,77,84,79,79,76,96,79,101,99,111,78,119,115,119,131,107,136,148,122,147,152,189,202,182,196,207,209,216,217,277,275,325,244,254,278,296,306,290,332,288,367,307,347,350,365,369,389,333,364,423,426,369,424,322,360,407,376,281,496,306,358,425,339,293,346,301,325,377,317,281,300,311,237,257,285,211,237,225,195,188,242,197,184,189,121,143,122,115,131,137,110,92,98,111,82,69,100,72,48,61,61,63,41,40,35,61,39,28,19,39,22,20,14,29,26,8,22,9,14,5,11,14,7,14,5,3,8,5,13,9,7,7,13,3,8,10,9,0,2,3,1,1,9,0,0,2,3,0,5,0,1,7,1,5,3,2,3,1,2,0,1,3,1,0,0,0,0,0,1,0,3,1,0,3,0,1,0,0,0,0,1,0,1,0,4,0,1,0,0,0,0,2,0,2,0,2,1,0,0,1,0,0,1,0,0,2,1,0,0,0,0,3,0,1,0,2,0,0,1,0,0,2,0,0,0,0,0,1,0,0,0,3,0,0,0,0,2,1,1,0,0,0,0,1,1,0,0,0,0,0,1,0,0,0,0,0,0,0,0,2,2,1,0,1,0,0,0,1,0,3,0,1,0,0,0,2,0,0,0,2,0,0,0,0,2,2,1,1,3,2,2,2,0,6,1,2,5,3,4,1,1,5,2,5,2,8,10,12,11,7,8,6,10,11,11,20,12,16,21,14,21,19,30,16,25,29,27,19}
Count:   0.0   0.0   0.0   0.0   0.0   0.0   1.4   1.3   1.2   1.3   1.0   1.0   0.9   0.7   0.5   0.3   0.0   0.0   0.0   0.0   0.0   0.0   0.0   0.0   0.0   1.2   1.2   1.0   1.1   0.9   0.7   0.8   0.6   0.3   0.2   0.0   0.0   0.0   0.0   0.0   0.0   0.0   0.0   0.0   0.8   1.4   1.0   1.3   1.1   1.0   0.8   0.5   0.3   0.2   0.0   0.0   0.0   0.0   0.0   0.0   0.0   0.0   0.0   1.1   1.2   1.1   1.1   0.8   0.9   0.5   0.3   0.4   0.2   0.0   0.0   0.0   0.0   0.0   0.0   0.0   0.0   0.0   0.0   0.0   0.0   0.0   0.2   1.5   1.2   0.9   1.1   1.1   1.1   0.8   0.8   0.6   0.3   0.0   0.0   0.0   0.0   0.0   0.0   0.0   0.0   0.0   1.0   1.2   1.0   1.0   0.9   0.6   0.8   0.6   0.3   0.1   0.0   0.0   0.0   0.0   0.0   0.0   0.0   0.0   0.1   1.4   1.1   1.2   1.0   1.1   0.9   0.7   0.6   0.3   0.1   0.0   0.0   0.0   0.0   0.0   0.0   0.0   0.0   0.0   1.4   1.3   1.2   0.8   0.8   0.8   0.6   0.4   0.3   0.1   0.0   0.0   0.0   0.0   0.0   0.0   0.0   0.0   0.0   0.0   0.0   0.0   0.0   0.2   1.3   1.2   1.1   1.2   0.9   1.0   0.9   0.9   0.6   0.1   0.0   0.0   0.0   0.0   0.0   0.0   0.0   0.0   0.3   1.4   1.1   1.1   1.1   0.9   0.9   0.9   0.6   0.4   0.1   0.0   0.0   0.0 
B: 29.0 28.8 36.0 27.9 28.3 28.0 24.7 25.3 24.7 24.7 24.4 24.7 23.3 24.8 24.0 25.0 29.0 35.7 25.7 27.1 31.3 31.1 34.0 28.2 27.3 25.2 25.4 25.5 24.6 24.8 25.1 24.2 25.1 27.3 26.7 27.0 28.2 25.2 28.0 27.6 27.0 30.7 30.6 32.0 25.5 25.5 25.9 25.9 24.6 25.1 24.5 26.4 26.1 27.2 31.3 28.2 25.2 23.1 27.0 30.0 25.5 29.9 26.4 25.2 25.6 25.5 24.7 25.1 24.0 25.4 24.7 26.4 27.0 27.6 33.1 31.6 28.1 28.3 25.4 31.6 33.3 26.7 32.7 29.7 28.4 32.8 28.3 26.1 25.4 24.3 25.1 24.6 24.4 24.9 24.6 24.9 24.7 28.1 27.0 28.2 32.0 25.3 33.0 33.1 31.2 29.8 26.2 25.8 24.9 24.9 25.1 24.5 25.1 24.6 24.6 27.1 34.0 30.8 33.6 25.5 25.5 26.0 33.7 27.5 26.7 24.9 24.9 24.4 24.8 24.8 25.4 24.5 25.4 25.2 23.6 27.0 28.0 27.1 24.7 27.3 32.5 30.1 28.8 29.5 26.8 25.1 24.4 25.1 24.9 24.8 25.2 24.6 26.3 25.6 18.0 32.4 25.8 28.7 29.7 32.7 37.0 25.5 23.5 29.7 26.1 29.6 23.6 27.0 26.1 25.6 25.2 25.1 25.9 25.8 25.8 25.5 25.4 25.8 30.6 29.3 27.6 26.0 27.5 31.5 31.3 32.6 25.7 25.3 24.8 25.0 24.9 24.6 24.9 23.6 25.2 26.8 25.5 30.0 29.3 31.4 
Direction:  n n n n n n n n n n n n n n n n n n n n n n n n n n n n n n n n n n n n n n n n n n n n n n n n n n n n n n n n n n n n n n n n n n n n n n n n n n n n n n n n n n n n n n n n n n n n n n n n n n n n n n n n n n n n n n n n n n n n n n n n n n n n n n n n n n n n n n n n n n n n n n n n n n n n n n n n n n n n n n n n n n n n n n n n n n n n n n n n n n n n n n n n n n n n n n n n n n n n n n n n

55.2: Count:   0.5 (  0.5) A:  20.3 [18-37] B:  25.5 [18-64] Phase: 81% 78 (25.0) Direction:  {32 148}  13% 85 (19.8) Direction:  {36 144}
Phase: {70,74,48,43,78,78,62,64,62,64,52,81,71,57,90,77,74,98,82,66,65,93,80,86,81,88,77,89,86,95,91,109,62,100,90,102,98,109,99,125,108,158,125,127,115,137,147,193,183,189,166,183,205,197,254,252,255,270,282,232,300,313,289,386,296,371,385,359,410,413,371,436,421,388,397,409,416,468,412,418,418,528,405,386,455,426,374,443,464,361,496,343,416,400,316,337,347,330,293,321,291,241,267,237,230,227,215,203,221,175,187,143,173,138,155,130,80,113,132,97,111,100,86,76,81,81,86,68,61,45,63,48,49,67,41,43,46,49,37,35,24,28,28,28,22,23,17,18,7,15,14,21,11,16,10,10,10,9,20,4,9,5,10,6,6,2,3,10,13,5,7,4,2,2,7,1,3,2,0,2,0,2,2,0,5,1,1,0,1,0,1,2,2,0,1,1,5,1,0,0,2,0,3,0,0,0,1,1,1,3,1,1,2,0,3,3,1,0,2,0,1,2,1,1,3,0,2,0,0,1,0,0,0,0,1,0,0,0,0,0,0,1,0,0,0,0,0,0,0,0,0,0,0,2,0,2,0,3,0,0,0,3,1,0,0,1,0,0,0,0,3,1,2,0,0,0,0,3,1,2,0,0,0,0,1,1,2,0,2,0,1,1,0,0,1,0,1,0,0,0,0,2,1,2,1,0,2,0,1,1,5,0,3,1,1,1,0,4,1,2,3,1,2,2,0,1,6,0,6,9,6,8,16,9,12,12,16,15,17,16,12,23,19,19,21,14,20,33,28,25,34,38,51,41,40,45,43,59,56,56}
Count:   0.0   0.0   0.0   0.0   0.1   0.1   1.4   1.2   1.2   1.1   1.1   0.9   0.8   0.8   0.6   0.4   0.1   0.1   0.1   0.1   0.0   0.0   0.0   0.1   0.0   1.2   1.3   1.3   1.0   1.0   0.9   0.9   0.6   0.5   0.2   0.1   0.1   0.0   0.1   0.0   0.0   0.0   0.1   0.0   0.9   1.4   1.2   1.4   1.2   1.2   0.7   0.6   0.4   0.2   0.0   0.1   0.1   0.1   0.0   0.0   0.0   0.0   0.0   1.1   1.2   1.2   1.2   1.1   1.1   0.6   0.5   0.5   0.2   0.0   0.1   0.1   0.1   0.1   0.1   0.1   0.0   0.1   0.1   0.1   0.1   0.1   0.2   1.7   1.4   1.1   1.2   1.2   1.4   0.9   0.8   0.6   0.4   0.1   0.0   0.0   0.0   0.0   0.1   0.0   0.0   0.1   1.0   1.3   1.3   1.1   0.8   0.8   0.8   0.7   0.4   0.2   0.0   0.0   0.0   0.0   0.0   0.0   0.0   0.1   0.1   1.6   1.2   1.2   1.1   1.2   1.0   0.9   0.7   0.5   0.2   0.1   0.0   0.0   0.0   0.0   0.0   0.1   0.0   0.1   1.5   1.4   1.2   1.0   0.9   0.9   0.8   0.6   0.3   0.1   0.0   0.1   0.1   0.1   0.0   0.1   0.1   0.0   0.1   0.1   0.1   0.0   0.1   0.3   1.5   1.2   1.1   1.3   1.1   1.1   0.9   0.9   0.7   0.2   0.1   0.1   0.1   0.0   0.1   0.1   0.1   0.1   0.3   1.6   1.3   1.3   1.2   1.2   1.0   0.9   0.7   0.5   0.1   0.0   0.1   0.0 
B: 31.5 26.0 26.8 30.1 28.8 29.1 26.0 25.0 25.4 24.8 24.7 25.2 24.2 25.2 24.5 24.3 30.2 28.0 29.8 30.0 30.9 29.7 28.5 27.5 28.9 26.5 24.9 25.5 24.8 25.8 24.9 24.3 25.4 25.5 27.4 28.4 28.7 30.3 30.0 30.6 27.0 27.9 29.2 28.5 25.8 26.4 26.2 25.9 25.4 25.8 24.6 25.8 24.5 25.6 28.6 27.5 27.6 28.5 29.4 26.7 30.6 30.7 25.2 25.3 25.8 25.1 25.7 25.2 24.2 25.6 24.6 26.0 25.4 31.5 30.8 29.5 30.3 28.7 29.0 28.4 28.0 26.6 29.5 31.7 33.6 30.1 28.8 25.8 25.1 25.1 24.9 25.3 25.1 25.5 24.8 24.6 26.3 29.5 28.5 27.2 29.5 28.7 26.7 27.0 28.4 27.1 25.4 25.5 25.6 25.4 25.8 25.2 24.1 24.3 25.5 25.6 31.7 26.7 31.9 28.6 27.5 29.8 27.7 28.0 28.4 25.5 25.6 25.3 25.3 24.6 24.6 24.6 25.5 25.3 25.8 29.2 29.5 28.0 25.8 28.0 28.1 29.3 28.1 30.5 26.6 25.6 25.5 24.5 25.2 25.3 24.8 25.0 24.3 29.3 30.2 28.0 27.5 30.8 29.5 29.5 26.5 28.8 28.2 26.6 31.7 27.1 30.5 25.3 25.7 25.6 26.0 25.7 25.8 25.0 25.8 25.4 25.2 26.1 28.5 27.0 27.9 26.0 26.7 30.5 29.2 26.2 24.8 24.8 25.0 25.5 24.8 24.5 25.2 24.1 25.2 26.1 24.1 27.8 26.3 28.6 
Direction:  n n n n n n n n n n n n n n n n n n n n n n n n n n n n n n n n n n n n n n n n n n n n n n n n n n n n n n n n n n n n n n n n n n n n n n n n n n n n n n n n n n n n n n n n n n n n n n n n n n n n n n n n n n n n n n n n n n n n n n n n n n n n n n n n n n n n n n n n n n n n n n n n n n n n n n n n n n n n n n n n n n n n n n n n n n n n n n n n n n n n n n n n n n n n n n n n n n n n n n n n

55.3: Count:   0.5 (  0.5) A:  20.3 [18-36] B:  25.3 [18-68] Phase: 84% 78 (20.8) Direction:  {32 148}  12% 72 (14.2) Direction:  {29 151}
Phase: {34,22,28,33,20,21,34,33,25,40,40,27,40,50,50,25,36,45,30,41,58,65,60,43,69,45,53,37,70,69,100,90,68,79,81,89,116,93,117,110,123,118,128,143,126,189,115,155,162,184,166,186,251,210,221,243,241,262,318,288,322,388,335,430,360,464,384,488,445,509,464,509,553,487,538,518,481,580,519,471,501,544,468,452,481,501,438,457,435,373,504,316,389,365,296,294,290,267,265,260,222,240,248,212,186,175,183,158,144,123,145,140,115,127,93,119,85,81,84,86,79,72,82,71,67,64,44,41,42,44,42,43,35,46,36,29,36,40,24,40,25,25,34,16,30,10,16,19,17,11,6,18,7,22,4,8,12,9,5,6,10,6,12,10,5,8,1,6,3,3,4,6,2,1,5,3,1,3,2,1,1,2,4,5,0,0,1,3,0,2,2,0,0,1,2,0,4,3,4,3,0,0,2,3,1,0,0,0,0,0,5,0,1,1,0,0,0,0,0,2,0,0,0,0,0,1,0,0,0,0,0,0,1,0,0,0,0,0,0,1,2,0,4,4,0,0,0,0,1,2,0,0,0,0,0,0,0,0,0,0,1,0,2,1,0,0,0,2,1,0,3,0,0,2,0,0,0,0,1,0,0,0,0,0,1,0,0,0,0,0,1,0,0,0,1,0,0,0,0,0,0,2,0,1,1,1,1,0,0,0,0,0,0,1,2,0,1,0,0,0,1,1,0,0,4,2,1,0,5,3,3,3,0,6,1,4,5,7,2,4,6,2,14,6,8,8,8,3,6,7,12,7,14,12,11,20,21,6,33,15}
Count:   0.0   0.0   0.0   0.0   0.0   0.0   1.4   1.3   1.2   1.1   1.1   1.0   0.9   0.8   0.7   0.3   0.0   0.0   0.0   0.1   0.0   0.0   0.0   0.0   0.0   1.3   1.3   1.2   1.1   1.0   0.9   1.0   0.7   0.4   0.2   0.0   0.0   0.0   0.0   0.0   0.0   0.0   0.0   0.0   1.1   1.4   1.5   1.1   1.0   1.2   0.8   0.6   0.3   0.2   0.0   0.0   0.0   0.0   0.0   0.0   0.0   0.0   0.0   1.2   1.2   1.2   1.1   1.1   0.9   0.7   0.6   0.5   0.2   0.0   0.0   0.1   0.1   0.1   0.1   0.0   0.0   0.0   0.0   0.0   0.0   0.0   0.2   1.6   1.3   1.1   1.2   1.2   1.3   0.9   0.9   0.8   0.3   0.0   0.0   0.0   0.0   0.0   0.0   0.0   0.0   0.0   1.2   1.1   1.1   1.2   0.8   0.8   0.8   0.7   0.5   0.2   0.0   0.0   0.0   0.0   0.0   0.0   0.0   0.0   0.0   1.4   1.2   1.2   1.1   1.3   0.9   0.9   0.7   0.4   0.1   0.0   0.0   0.0   0.0   0.0   0.1   0.0   0.0   0.0   1.5   1.4   1.2   1.0   0.9   0.9   0.8   0.6   0.3   0.1   0.0   0.0   0.0   0.0   0.0   0.0   0.0   0.0   0.0   0.0   0.0   0.0   0.0   0.4   1.4   1.1   1.0   1.3   1.1   1.1   0.8   0.8   0.6   0.2   0.0   0.0   0.0   0.0   0.0   0.0   0.0   0.0   0.3   1.5   1.2   1.2   0.9   1.1   1.0   0.8   0.7   0.4   0.1   0.0   0.1   0.0 
B: 23.7 31.3 33.8 21.2 40.0 25.4 25.6 24.9 24.7 24.9 24.6 24.8 25.1 24.3 24.8 25.4 26.5 26.7 27.9 28.1 27.1 27.0 26.2 25.9 27.5 26.8 24.6 25.0 25.2 25.1 24.9 24.6 23.8 24.5 26.5 20.5 24.0 27.0 23.0 24.4 26.6 22.8 23.6 25.2 25.6 26.4 26.2 25.6 25.2 24.6 24.5 23.0 24.0 23.6 25.7 28.7 27.2 23.1 29.5 24.7 28.4 27.1 33.7 26.5 25.7 25.4 25.0 25.6 24.7 24.9 23.7 25.4 26.5 26.0 32.5 27.1 28.5 27.1 27.8 24.5 26.6 29.2 27.5 27.0 34.3 23.9 28.5 26.9 25.4 25.2 25.2 25.5 25.0 24.9 24.3 25.3 24.3 30.4 30.4 27.3 24.1 26.0 29.2 25.6 32.7 25.8 26.5 24.8 25.4 25.0 25.9 24.5 24.7 23.5 24.0 25.5 27.3 26.8 27.0 27.3 33.0 34.0 26.0 27.2 27.0 25.3 25.5 25.3 25.7 25.4 24.3 25.1 25.4 24.9 27.4 27.5 27.8 26.8 24.6 27.8 26.1 26.5 26.5 29.3 25.6 25.1 25.9 24.8 25.4 25.3 24.6 24.7 24.8 27.8 28.3 25.7 24.5 26.5 29.0 26.2 20.5 32.0 28.5 26.0 27.7 32.2 26.0 28.3 25.5 25.9 25.6 25.6 25.5 25.7 26.0 24.9 25.5 24.9 23.7 24.4 25.0 25.5 32.1 22.3 27.1 28.8 24.5 25.7 25.0 25.3 24.7 23.9 25.0 24.4 25.2 26.1 24.9 26.6 29.4 19.5 
Direction:  n n n n n n n n n n n n n n n n n n n n n n n n n n n n n n n n n n n n n n n n n n n n n n n n n n n n n n n n n n n n n n n n n n n n n n n n n n n n n n n n n n n n n n n n n n n n n n n n n n n n n n n n n n n n n n n n n n n n n n n n n n n n n n n n n n n n n n n n n n n n n n n n n n n n n n n n n n n n n n n n n n n n n n n n n n n n n n n n n n n n n n n n n n n n n n n n n n n n n n n n

55.4: Count:   0.4 (  0.4) A:  20.0 [18-35] B:  25.1 [18-64] Phase: 100% 82 (19.7) Direction:  {34 146}
Phase: {14,8,5,9,11,11,10,8,16,12,10,20,16,24,13,24,25,18,23,21,16,24,21,24,28,32,21,26,34,33,32,23,35,52,52,48,61,43,68,69,50,78,67,100,77,65,120,113,90,121,105,119,109,131,119,148,146,151,177,197,203,226,231,230,253,268,250,288,299,336,325,311,378,333,407,376,374,419,342,413,367,490,423,356,476,373,368,440,351,354,466,245,316,365,339,302,319,259,262,240,225,206,245,227,178,201,183,164,209,190,113,141,117,117,106,93,82,100,76,73,79,70,76,52,86,64,52,37,42,48,30,29,29,30,30,25,11,27,16,15,14,22,11,17,27,11,17,14,7,10,8,5,7,8,5,4,0,8,10,3,5,5,4,3,3,1,0,0,2,0,3,4,3,2,4,1,1,5,1,0,0,0,0,5,0,2,0,2,1,1,2,3,2,0,2,0,1,1,0,2,1,0,1,0,1,0,0,1,2,0,0,0,0,4,1,0,0,1,0,1,1,0,0,0,0,0,1,0,0,0,0,0,0,0,0,0,0,0,0,0,0,0,0,0,1,0,0,0,0,0,0,0,0,0,0,0,0,1,0,0,0,0,0,0,1,0,0,0,0,0,0,0,0,0,3,0,0,0,0,0,0,0,0,0,0,0,0,0,0,0,0,0,0,0,0,0,0,0,0,0,0,0,0,0,0,0,0,0,0,0,0,0,0,0,1,0,0,0,0,1,0,0,0,1,0,0,3,2,0,0,0,0,2,1,1,0,0,0,1,0,1,3,1,1,4,1,4,1,1,0,2,5,4,7,6,3,6,9,3,5}
Count:   0.0   0.0   0.0   0.0   0.0   0.0   1.1   0.9   0.9   0.8   0.9   0.7   0.7   0.6   0.6   0.2   0.0   0.0   0.0   0.0   0.0   0.0   0.0   0.0   0.0   1.0   0.9   0.8   0.8   0.8   0.7   0.7   0.5   0.4   0.2   0.0   0.0   0.0   0.0   0.0   0.0   0.0   0.0   0.0   0.9   1.2   1.1   0.9   0.8   0.9   0.7   0.5   0.3   0.1   0.0   0.0   0.0   0.0   0.0   0.0   0.0   0.0   0.0   1.0   1.0   0.9   0.8   0.9   0.7   0.6   0.4   0.2   0.1   0.0   0.0   0.0   0.0   0.0   0.0   0.0   0.0   0.0   0.0   0.0   0.0   0.0   0.1   1.2   1.2   0.8   0.8   0.9   1.0   0.7   0.7   0.6   0.2   0.0   0.0   0.0   0.0   0.0   0.0   0.0   0.0   0.0   0.8   0.9   0.8   0.8   0.6   0.6   0.6   0.5   0.4   0.2   0.0   0.0   0.0   0.0   0.0   0.0   0.0   0.0   0.0   1.0   0.9   0.8   0.9   1.0   0.7   0.7   0.4   0.3   0.1   0.0   0.0   0.0   0.0   0.0   0.0   0.0   0.0   0.0   1.2   1.2   1.0   0.7   0.8   0.6   0.6   0.4   0.2   0.1   0.0   0.0   0.0   0.0   0.0   0.0   0.0   0.0   0.0   0.0   0.0   0.0   0.0   0.4   1.0   1.0   0.9   0.9   1.0   0.8   0.7   0.6   0.5   0.1   0.0   0.0   0.0   0.0   0.0   0.0   0.0   0.0   0.3   1.1   0.9   1.0   0.8   0.8   0.9   0.7   0.6   0.3   0.1   0.0   0.0   0.0 
B: 31.0 * 33.2 23.0 * 30.0 24.4 25.0 25.3 25.7 24.5 24.3 24.5 24.7 24.1 23.9 28.0 21.0 27.1 22.8 25.3 31.0 29.0 30.0 26.0 26.7 24.9 24.9 23.9 25.1 24.4 24.2 23.5 24.3 25.8 24.5 29.0 25.0 22.5 22.0 28.3 22.7 36.0 * 26.4 25.7 25.0 25.9 25.4 24.6 24.3 24.0 24.7 23.0 34.6 * 28.2 33.0 21.8 22.0 27.0 23.4 23.0 25.3 25.1 25.4 24.5 24.6 23.8 24.4 23.7 24.7 26.7 28.0 23.0 18.6 27.6 24.6 25.2 28.5 29.2 24.6 23.0 27.0 18.0 26.6 30.6 25.4 25.6 25.1 25.7 25.0 25.0 24.1 24.9 23.4 24.3 31.5 * 25.0 30.5 * 35.5 23.6 28.0 28.2 26.2 25.7 24.3 24.6 24.9 25.0 25.4 24.4 24.7 26.0 19.0 29.0 25.7 33.5 27.0 24.6 26.5 31.0 24.3 25.2 25.0 26.0 25.3 25.5 24.8 24.4 25.0 25.1 25.8 29.0 24.0 19.0 * 23.0 27.3 39.0 33.5 * 27.0 25.1 24.9 24.5 24.7 25.2 24.9 25.2 23.9 26.0 23.0 29.0 26.6 22.3 25.0 20.8 23.5 * 24.8 28.2 39.0 19.0 21.8 30.5 26.3 26.0 24.3 25.5 24.6 25.4 24.9 24.7 24.7 25.2 24.6 18.0 30.0 27.5 36.0 * 27.5 * 25.5 25.3 25.3 25.1 25.2 23.9 24.5 23.5 24.4 23.7 28.2 23.0 29.3 27.0 
Direction:  n*  n n*  n n n n n n n n n n n n n n n n n n n n n n n n n n n n n n n n n n n n n n*  n n n n n n n n n n n*  n n n n n n n n n n n n n n n n n n n n n n n n n n n n n n n n n n n n n n n n n n*  n n*  n n n n n n n n n n n n n n n n n n n n n n n n n n n n n n n n n n n n*  n n n n*  n n n n n n n n n n n n n n n n n*  n n n n n n n n n n n n n n n n n n n n n*  n*  n n n n n n n n n n n n n n

55.5: Count:   0.2 (  0.3) A:  19.6 [18-35] B:  25.2 [18-70] Phase: 100% 89 (18.4) Direction:  {37 143}
Phase: {0,2,0,1,1,1,0,1,1,1,2,3,8,5,3,5,4,5,2,4,4,12,10,10,3,7,13,12,8,16,3,11,26,12,14,11,28,25,27,17,33,31,32,57,33,31,43,45,56,43,44,52,53,66,48,75,58,68,80,101,81,84,92,131,80,123,105,150,114,169,155,178,185,227,190,203,196,263,222,220,273,281,244,249,305,252,224,312,261,290,368,233,244,294,300,259,272,228,211,296,229,185,203,251,178,206,196,140,151,182,151,129,138,150,117,107,87,134,107,94,79,87,81,67,72,46,42,49,38,49,24,36,31,29,23,20,27,23,24,12,10,21,14,9,9,12,13,8,9,7,6,3,7,8,7,2,3,6,4,3,4,7,5,3,1,2,0,2,1,1,0,0,0,0,1,2,0,0,0,0,0,0,1,1,1,0,0,0,0,0,0,1,0,0,2,3,0,0,1,0,0,0,0,0,0,0,0,0,0,0,0,0,0,1,0,0,0,0,0,0,0,0,0,0,0,0,0,0,0,0,0,0,0,0,0,0,0,0,0,0,0,0,0,0,0,0,0,0,0,0,0,0,0,0,0,0,0,0,0,0,0,0,0,0,0,0,0,0,0,0,0,0,0,0,0,0,0,0,0,0,0,0,0,0,0,0,0,0,0,0,0,0,0,0,0,0,0,0,0,0,0,0,0,0,0,0,0,0,0,0,0,0,0,0,1,0,0,0,0,0,0,0,0,0,0,0,0,0,0,0,0,0,0,0,0,2,0,0,0,0,0,0,0,0,3,1,0,0,0,0,0,0,1,0,0,1,5,1,0,2}
Count:   0.0   0.0   0.0   0.0   0.0   0.0   0.8   0.7   0.7   0.7   0.7   0.5   0.5   0.3   0.4   0.1   0.0   0.0   0.0   0.0   0.0   0.0   0.0   0.0   0.0   0.8   0.6   0.6   0.5   0.6   0.5   0.4   0.3   0.2   0.1   0.0   0.0   0.0   0.0   0.0   0.0   0.0   0.0   0.0   0.6   0.9   0.7   0.5   0.5   0.5   0.5   0.4   0.2   0.1   0.0   0.0   0.0   0.0   0.0   0.0   0.0   0.0   0.0   0.8   0.6   0.7   0.6   0.5   0.4   0.4   0.2   0.1   0.1   0.0   0.0   0.0   0.0   0.0   0.0   0.0   0.0   0.0   0.0   0.0   0.0   0.0   0.1   0.7   0.8   0.7   0.5   0.5   0.8   0.6   0.5   0.4   0.2   0.0   0.0   0.0   0.0   0.0   0.0   0.0   0.0   0.0   0.5   0.6   0.6   0.5   0.4   0.4   0.3   0.3   0.2   0.1   0.0   0.0   0.0   0.0   0.0   0.0   0.0   0.0   0.0   0.9   0.6   0.6   0.5   0.7   0.5   0.4   0.4   0.2   0.0   0.0   0.0   0.0   0.0   0.0   0.0   0.0   0.0   0.0   0.8   0.7   0.7   0.7   0.5   0.4   0.4   0.2   0.1   0.0   0.0   0.0   0.0   0.0   0.0   0.0   0.0   0.0   0.0   0.0   0.0   0.0   0.0   0.2   0.6   0.5   0.6   0.5   0.7   0.6   0.5   0.4   0.3   0.1   0.0   0.0   0.0   0.0   0.0   0.0   0.0   0.0   0.2   0.8   0.8   0.6   0.5   0.6   0.5   0.5   0.3   0.2   0.0   0.0   0.0   0.0 
B: * * 19.0 * 18.3 24.6 24.9 24.7 24.7 26.2 24.5 24.2 24.9 25.0 24.9 24.7 * * * 20.0 * 20.0 * 33.0 * 27.9 24.8 25.8 25.5 25.2 24.1 25.6 24.3 23.7 26.6 * 32.0 * 35.0 18.0 26.0 * * 22.0 25.1 25.7 26.1 25.8 24.2 24.4 24.6 25.1 22.8 22.0 * 39.0 22.0 * * 28.0 19.0 28.0 * 26.0 24.8 25.9 25.5 24.1 24.2 24.4 24.0 25.2 28.8 * * * * * 28.0 * * 30.0 18.0 26.0 * 30.0 33.0 25.7 25.4 25.4 25.7 24.1 24.5 24.3 24.1 23.3 25.7 33.0 24.0 21.0 18.0 20.0 * 20.0 * 21.0 24.3 25.0 25.8 25.4 25.5 24.9 23.4 23.5 26.8 24.7 * 23.2 24.0 20.0 * 24.2 33.0 * 27.5 25.8 25.5 24.7 25.7 24.3 24.9 24.4 25.0 24.7 28.3 * * 25.0 * * 28.0 * * 26.0 27.9 24.9 25.6 24.6 25.3 25.3 24.4 23.2 24.2 25.8 23.0 * * * * * 24.3 18.0 * * 31.0 * * 29.0 26.9 25.4 24.7 25.7 25.8 23.8 24.8 23.6 24.0 24.1 * * 28.0 22.0 25.0 * * 21.0 25.4 25.2 24.7 25.4 24.9 23.9 26.5 24.6 23.8 24.4 24.1 * * 22.0 
Direction: * *  n*  n n n n n n n n n n n n* * *  n*  n*  n*  n n n n n n n n n n*  n*  n n n* *  n n n n n n n n n n n*  n n* *  n n n*  n n n n n n n n n n* * * * *  n* *  n n n*  n n n n n n n n n n n n n n n n n*  n*  n n n n n n n n n n n*  n n n*  n n*  n n n n n n n n n n n* *  n* *  n* *  n n n n n n n n n n n n* * * * *  n n* *  n* *  n n n n n n n n n n n* *  n n n* *  n n n n n n n n n n n n* *  n

55.6: Count:   0.2 (  0.2) A:  19.3 [18-30] B:  25.5 [18-70] Phase: 100% 93 (18.2) Direction:  {39 141}
Phase: {2,0,0,0,0,0,1,0,0,3,1,1,1,1,0,2,3,0,0,10,2,0,4,1,0,2,6,8,13,4,3,11,13,23,7,10,7,12,15,14,13,20,23,16,31,18,17,21,32,35,26,30,53,29,43,44,26,66,71,56,48,60,77,85,63,91,93,86,109,113,117,115,116,94,127,122,183,196,159,187,179,187,218,181,221,218,238,267,221,231,301,216,249,283,251,223,272,200,212,284,249,217,180,191,177,184,230,169,191,161,147,113,118,144,102,109,122,139,125,94,95,64,77,64,61,49,41,51,49,26,42,40,32,34,32,30,16,16,10,18,7,24,9,8,5,12,5,5,5,8,10,8,5,1,2,1,3,1,1,2,2,1,1,3,2,0,0,0,3,0,1,0,0,0,3,3,0,3,0,0,0,0,0,0,0,0,0,0,0,0,0,0,0,0,0,0,0,0,0,0,0,0,0,0,0,0,0,0,0,0,0,2,0,0,0,0,0,0,0,0,3,0,0,0,1,0,0,0,0,0,0,0,0,0,0,0,0,0,0,0,0,0,0,0,0,0,0,0,0,0,0,0,0,0,0,0,0,0,0,0,0,0,0,0,0,0,0,0,0,0,0,0,0,0,0,0,0,0,0,0,0,0,0,0,0,0,0,0,0,0,0,0,0,0,0,0,0,0,0,0,0,0,0,1,0,0,0,0,0,0,0,0,0,0,2,0,0,0,0,0,0,0,0,0,1,0,0,1,0,0,0,0,0,0,0,0,0,0,0,0,0,0,0,0,0,0,0,0,0,0,0,0,0,0,2,0,1,0,1,0}
Count:   0.0   0.0   0.0   0.0   0.0   0.0   0.6   0.8   0.5   0.6   0.6   0.4   0.3   0.4   0.4   0.1   0.0   0.0   0.0   0.0   0.0   0.0   0.0   0.0   0.0   0.7   0.5   0.5   0.4   0.5   0.4   0.3   0.2   0.2   0.1   0.0   0.0   0.0   0.0   0.0   0.0   0.0   0.0   0.0   0.6   0.5   0.6   0.6   0.5   0.5   0.3   0.3   0.1   0.1   0.0   0.0   0.0   0.0   0.0   0.0   0.0   0.0   0.0   0.7   0.7   0.5   0.4   0.5   0.3   0.4   0.2   0.1   0.0   0.0   0.0   0.0   0.0   0.0   0.0   0.0   0.0   0.0   0.0   0.0   0.0   0.0   0.1   0.7   0.6   0.5   0.4   0.5   0.5   0.5   0.3   0.3   0.1   0.0   0.0   0.0   0.0   0.0   0.0   0.0   0.0   0.0   0.4   0.4   0.4   0.5   0.5   0.3   0.3   0.2   0.2   0.1   0.0   0.0   0.0   0.0   0.0   0.0   0.0   0.0   0.0   0.7   0.4   0.4   0.5   0.5   0.5   0.4   0.3   0.1   0.0   0.0   0.0   0.0   0.0   0.0   0.0   0.0   0.0   0.0   0.6   0.5   0.5   0.6   0.3   0.4   0.3   0.2   0.1   0.0   0.0   0.0   0.0   0.0   0.0   0.0   0.0   0.0   0.0   0.0   0.0   0.0   0.0   0.2   0.7   0.6   0.6   0.5   0.5   0.5   0.5   0.3   0.3   0.0   0.0   0.0   0.0   0.0   0.0   0.0   0.0   0.0   0.2   0.5   0.7   0.5   0.4   0.6   0.4   0.5   0.3   0.1   0.0   0.0   0.0   0.0 
B: 25.0 * 34.0 * * * 25.7 25.9 24.8 25.1 24.9 23.7 24.3 24.5 25.5 24.0 * * 26.0 * 25.0 36.0 19.0 29.3 28.0 31.4 25.4 26.6 26.4 25.6 23.8 24.3 23.9 23.7 27.2 * * * * 27.0 21.0 * * 21.0 27.4 25.5 25.5 26.4 25.6 25.0 24.0 23.7 24.2 24.1 * * 18.0 * * * * 18.0 * 26.1 26.2 25.9 26.2 25.6 24.7 26.1 24.8 22.8 23.5 * * 26.0 20.0 25.0 * * * 28.0 * * * * 30.7 26.4 25.4 25.3 24.8 25.5 25.1 25.5 24.6 25.4 26.4 30.3 25.0 * * * * * * * 25.6 25.1 24.9 25.4 25.6 26.5 24.8 23.8 23.6 25.9 * 29.0 33.0 * * * * * 23.6 25.1 24.0 24.3 26.5 25.0 25.5 24.6 25.5 26.7 27.2 33.0 * * 22.0 27.0 25.0 * * 25.0 26.4 25.4 24.7 25.2 24.9 26.5 24.6 23.7 23.7 25.7 18.0 * * * * * * * * 18.0 22.0 * * 32.0 26.5 25.8 26.0 25.3 24.5 26.3 24.0 24.3 24.6 23.1 * 26.0 * * * * 32.0 * 27.1 25.8 24.6 24.3 24.5 24.0 24.4 24.4 24.4 24.7 21.8 * * 25.3 
Direction:  n*  n* * *  n n n n n n n n n n* *  n*  n n n n n n n n n n n n n n n* * * *  n n* *  n n n n n n n n n n n* *  n* * * *  n*  n n n n n n n n n n* *  n n n* * *  n* * * *  n n n n n n n n n n n n n* * * * * * *  n n n n n n n n n n*  n n* * * * *  n n n n n n n n n n n n* *  n n n* *  n n n n n n n n n n n n* * * * * * * *  n n* *  n n n n n n n n n n n*  n* * * *  n*  n n n n n n n n n n n* *  n

55.7: Count:   0.2 (  0.2) A:  19.5 [18-35] B:  25.8 [18-65] Phase: 100% 87 (20.1) Direction:  {36 144}
Phase: {1,0,2,2,0,0,0,1,2,6,3,2,4,2,5,0,0,7,2,6,4,0,5,11,4,5,4,12,6,12,18,5,7,19,13,24,19,28,12,21,28,16,17,45,22,29,22,39,34,59,38,55,53,42,67,61,71,62,76,108,99,131,110,141,99,127,133,142,165,136,158,156,178,174,172,181,180,209,190,191,204,221,184,195,253,217,215,237,251,193,279,172,212,241,158,185,171,214,186,178,158,178,185,204,147,181,142,141,136,121,119,126,102,90,88,68,63,93,59,68,77,54,63,48,39,45,46,48,38,30,40,17,14,21,26,27,16,10,26,9,5,12,12,13,14,6,6,8,10,5,8,9,5,5,5,6,2,6,1,1,0,4,2,4,5,0,1,1,0,0,0,0,0,0,1,1,0,1,0,0,0,0,0,0,0,0,0,2,0,1,0,1,0,0,0,0,0,1,0,0,0,0,0,0,1,0,0,0,0,0,0,0,0,3,0,0,0,0,0,0,0,0,0,0,0,0,0,0,0,0,0,0,0,0,0,0,0,0,0,0,0,0,0,0,0,0,0,0,0,0,0,0,0,0,0,0,0,0,0,0,0,0,0,0,0,0,0,0,0,0,0,0,0,0,0,0,0,0,0,0,0,0,0,0,0,0,0,0,0,0,0,0,0,0,0,0,0,0,0,0,0,0,0,0,0,0,0,0,0,0,0,0,0,0,0,0,0,0,0,0,0,0,0,0,0,2,0,0,2,0,0,0,0,0,0,0,1,0,0,1,0,0,1,0,0,0,0,3,0,0,0,0,0,0,2,0,4,2,0,0}
Count:   0.0   0.0   0.0   0.0   0.0   0.0   0.7   0.6   0.6   0.4   0.5   0.4   0.4   0.5   0.3   0.1   0.0   0.0   0.0   0.0   0.0   0.0   0.0   0.0   0.0   0.6   0.5   0.5   0.4   0.5   0.4   0.2   0.2   0.2   0.1   0.0   0.0   0.0   0.0   0.0   0.0   0.0   0.0   0.0   0.5   0.6   0.5   0.7   0.5   0.4   0.4   0.3   0.2   0.1   0.0   0.0   0.0   0.0   0.0   0.0   0.0   0.0   0.0   0.7   0.6   0.6   0.5   0.5   0.4   0.4   0.2   0.2   0.0   0.0   0.0   0.0   0.0   0.0   0.0   0.0   0.0   0.0   0.0   0.0   0.0   0.0   0.1   0.7   0.6   0.6   0.3   0.4   0.5   0.4   0.4   0.4   0.1   0.0   0.0   0.0   0.0   0.0   0.0   0.0   0.0   0.0   0.5   0.4   0.5   0.4   0.5   0.4   0.3   0.3   0.2   0.1   0.0   0.0   0.0   0.0   0.0   0.0   0.0   0.0   0.0   0.7   0.5   0.5   0.4   0.4   0.4   0.4   0.3   0.2   0.1   0.0   0.0   0.0   0.0   0.0   0.0   0.0   0.0   0.0   0.6   0.4   0.5   0.5   0.4   0.3   0.4   0.2   0.2   0.1   0.0   0.0   0.0   0.0   0.0   0.0   0.0   0.0   0.0   0.0   0.0   0.0   0.0   0.3   0.6   0.5   0.5   0.4   0.4   0.5   0.5   0.3   0.3   0.1   0.0   0.0   0.0   0.0   0.0   0.0   0.0   0.0   0.2   0.4   0.5   0.5   0.5   0.6   0.4   0.4   0.3   0.2   0.0   0.0   0.0   0.0 
B: 39.0 * 38.0 * * * 26.1 27.0 26.4 25.3 25.0 24.2 25.0 25.3 26.0 24.9 * * 36.0 * * 30.6 * * 21.0 29.3 25.8 26.1 25.9 25.2 25.7 24.6 24.3 24.0 30.2 * * 21.0 * 35.0 21.0 * * * 27.0 26.6 26.6 26.2 25.9 26.7 26.2 25.2 23.5 25.6 45.0 * * 19.0 33.0 26.0 22.0 20.0 * 26.5 26.0 26.4 25.0 26.2 23.9 26.0 24.0 24.9 26.2 26.0 28.0 * * * * * * 20.6 26.0 * 29.3 29.5 31.3 25.7 26.0 26.1 25.5 25.7 25.9 26.2 24.4 24.7 25.9 29.0 * * * * * 25.0 * * 27.4 25.4 25.2 25.9 25.3 26.5 25.9 24.6 25.3 25.7 19.0 36.0 23.4 24.0 19.0 27.0 * * 26.2 26.6 25.6 26.2 27.9 25.0 24.6 24.5 25.4 23.7 25.2 24.5 19.5 * * * 19.0 * * 25.5 26.2 26.5 24.6 25.1 24.8 24.5 26.3 24.5 24.2 28.4 * * 26.6 26.0 * * * * 19.0 * * * * 34.0 26.4 25.7 26.3 24.3 25.6 25.4 25.6 25.1 25.2 23.7 23.2 * 29.5 19.7 * 21.0 * * 24.8 25.8 26.5 25.6 25.3 24.7 24.7 24.2 23.0 22.6 19.5 * 22.0 18.0 
Direction:  n*  n* * *  n n n n n n n n n n* *  n* *  n* *  n n n n n n n n n n n* *  n*  n n* * *  n n n n n n n n n n n* *  n n n n n*  n n n n n n n n n n n n* * * * * *  n n*  n n n n n n n n n n n n n n* * * * *  n* *  n n n n n n n n n n n n n n n n* *  n n n n n n n n n n n n n* * *  n* *  n n n n n n n n n n n* *  n n* * * *  n* * * *  n n n n n n n n n n n n*  n n*  n* *  n n n n n n n n n n n*  n n

55.8: Count:   0.3 (  0.3) A:  20.0 [18-35] B:  26.6 [18-65] Phase: 100% 81 (23.1) Direction:  {33 147}
Phase: {20,28,13,23,23,20,13,21,25,17,21,7,20,18,20,15,15,14,23,27,14,34,28,29,29,36,18,38,45,36,28,46,67,54,65,54,57,66,54,69,54,92,70,78,85,122,98,101,96,144,108,122,153,149,171,148,160,140,208,217,170,214,210,226,217,267,290,257,262,243,225,272,306,275,311,279,288,303,312,287,271,306,291,320,349,309,251,285,327,210,348,235,249,263,249,219,257,219,184,249,233,210,196,210,170,166,157,154,153,126,129,116,124,150,88,100,98,97,95,92,61,70,82,57,54,73,57,51,50,55,31,21,42,41,34,20,23,23,16,26,15,5,12,12,14,7,1,13,6,11,2,2,3,8,6,5,1,7,5,15,8,5,4,1,0,3,0,2,0,0,0,0,2,0,0,0,2,2,0,0,4,0,0,2,5,3,3,0,0,0,0,0,0,0,0,0,0,0,2,0,0,0,2,0,0,0,0,0,0,0,0,0,0,0,0,0,0,0,0,0,0,0,0,0,0,0,0,0,0,0,0,2,0,0,0,0,0,0,0,0,0,0,0,0,0,0,0,0,0,0,0,0,0,0,0,0,0,0,0,0,0,0,0,0,0,0,0,0,0,0,0,0,0,0,0,0,0,0,0,0,0,0,0,0,0,0,0,0,0,1,0,0,0,1,0,0,0,1,0,0,0,0,0,0,0,0,0,0,4,3,0,0,0,0,0,0,5,1,3,1,0,2,0,0,3,2,5,0,3,4,0,4,7,9,4,1,0,0,0,5,4,11,14,7,6,9,5,9,10,13,5,20,14,10,5,4,13,8,9,16}
Count:   0.0   0.0   0.0   0.0   0.0   0.0   0.8   0.7   0.8   0.8   0.8   0.6   0.5   0.7   0.5   0.3   0.0   0.0   0.0   0.0   0.0   0.0   0.0   0.0   0.0   0.9   0.6   0.7   0.7   0.7   0.6   0.5   0.6   0.5   0.3   0.0   0.0   0.0   0.0   0.0   0.0   0.0   0.0   0.0   0.7   0.7   0.9   0.9   0.6   0.7   0.7   0.6   0.4   0.2   0.0   0.0   0.0   0.0   0.0   0.0   0.0   0.0   0.0   0.9   0.7   0.7   0.7   0.5   0.5   0.6   0.4   0.4   0.1   0.0   0.0   0.0   0.0   0.0   0.1   0.1   0.0   0.0   0.1   0.0   0.0   0.0   0.1   0.8   0.8   0.7   0.6   0.7   0.6   0.7   0.6   0.6   0.2   0.0   0.0   0.0   0.0   0.0   0.0   0.0   0.1   0.0   0.8   0.7   0.5   0.6   0.7   0.7   0.6   0.4   0.4   0.2   0.0   0.0   0.0   0.0   0.0   0.0   0.0   0.0   0.0   0.9   0.8   0.8   0.8   0.7   0.6   0.8   0.5   0.5   0.1   0.0   0.0   0.0   0.0   0.0   0.1   0.0   0.0   0.1   0.8   0.5   0.7   0.8   0.7   0.6   0.5   0.3   0.4   0.2   0.1   0.0   0.0   0.0   0.0   0.0   0.0   0.0   0.0   0.0   0.0   0.0   0.0   0.2   0.8   0.8   0.6   0.5   0.6   0.7   0.7   0.5   0.4   0.1   0.0   0.0   0.0   0.0   0.0   0.0   0.0   0.0   0.2   0.7   0.7   0.8   0.8   0.9   0.5   0.6   0.6   0.5   0.1   0.0   0.0   0.0 
B: 25.6 22.5 24.1 23.8 24.8 21.0 27.8 26.9 25.9 25.8 26.7 25.3 26.2 25.4 26.7 25.0 22.1 22.2 22.2 20.8 21.7 24.5 28.5 23.8 27.2 29.7 26.9 27.3 27.3 27.3 27.6 26.2 25.7 26.6 28.7 21.5 22.0 25.5 27.3 26.8 23.8 25.1 22.7 28.0 28.8 26.9 27.2 27.4 26.7 26.0 25.0 26.0 25.9 22.0 32.8 23.7 24.5 23.8 27.1 27.5 28.0 26.7 28.0 27.0 27.8 27.7 26.1 26.8 26.9 26.1 26.9 26.1 25.3 26.5 25.4 21.2 20.2 23.2 24.0 24.0 24.5 28.0 23.6 23.8 23.9 29.1 28.8 26.1 26.5 26.9 26.7 26.3 26.6 26.7 26.5 24.4 25.4 22.0 24.8 26.5 23.0 21.3 18.5 25.8 26.4 27.5 27.3 27.3 26.0 26.6 26.3 25.7 27.1 25.6 25.3 26.0 30.2 27.2 24.3 26.4 23.5 23.2 26.0 28.6 28.1 27.0 26.8 26.1 26.9 25.8 25.8 25.8 25.8 26.4 27.4 28.5 23.7 25.0 26.7 21.0 25.2 29.8 25.4 26.4 27.7 26.1 27.4 26.9 26.6 25.8 26.7 25.4 25.7 26.8 25.0 25.2 30.7 26.0 23.0 31.0 22.0 28.0 25.5 25.0 26.0 20.0 25.1 27.7 27.6 27.1 27.1 24.9 26.3 26.2 25.9 25.0 26.9 24.5 20.4 19.8 22.0 22.6 22.8 21.9 25.0 27.0 29.0 26.5 27.8 26.5 26.9 26.0 27.1 25.2 25.1 25.3 23.6 26.2 22.7 23.7 
Direction:  n n n n n n n n n n n n n n n n n n n n n n n n n n n n n n n n n n n n n n n n n n n n n n n n n n n n n n n n n n n n n n n n n n n n n n n n n n n n n n n n n n n n n n n n n n n n n n n n n n n n n n n n n n n n n n n n n n n n n n n n n n n n n n n n n n n n n n n n n n n n n n n n n n n n n n n n n n n n n n n n n n n n n n n n n n n n n n n n n n n n n n n n n n n n n n n n n n n n n n n n

55.9: Count:   0.6 (  0.5) A:  20.3 [18-40] B:  27.2 [18-65] Phase: 76% 66 (30.8) Direction:  {26 154}  25% 81 (14.8) Direction:  {33 147}  26% 6 (10.4) Direction:  {2 178}
Phase: {188,104,140,156,170,144,206,135,163,208,167,182,175,217,164,187,248,183,213,187,196,163,190,164,190,191,175,187,190,171,194,183,173,165,189,156,207,207,194,217,214,250,199,281,218,285,258,325,277,323,298,324,380,369,392,392,389,419,423,358,467,406,461,473,411,433,430,478,501,362,468,419,463,468,459,401,426,479,414,409,428,379,410,347,421,418,407,385,437,336,410,308,312,313,291,323,329,267,279,299,248,281,228,248,227,216,200,166,182,191,165,169,163,127,140,110,85,110,98,92,79,87,54,40,70,71,38,31,60,50,37,31,34,48,42,37,21,39,15,18,14,23,17,15,19,11,16,15,14,13,18,7,14,15,23,11,12,16,9,5,4,4,11,4,13,9,6,2,9,3,7,9,0,1,6,2,2,6,4,0,3,0,0,6,1,1,2,0,0,5,2,0,1,0,1,1,0,1,2,2,2,0,0,4,2,0,0,0,0,6,2,2,0,0,0,0,0,0,0,0,0,0,0,0,2,0,0,0,2,0,0,0,0,0,0,0,2,0,0,0,0,0,0,0,0,0,0,0,0,0,1,0,0,0,0,0,0,0,0,0,0,0,0,0,0,0,1,0,1,0,0,0,1,0,0,0,1,0,0,0,0,0,0,0,0,3,0,0,1,0,0,0,1,0,1,1,4,0,0,3,1,0,0,0,0,0,5,1,3,3,1,13,6,6,5,2,5,12,4,13,4,0,9,3,8,17,7,8,17,14,8,23,10,26,14,23,32,27,37,28,20,49,38,33,47,55,62,58,40,62,73,85,87,96,103,96,106,128,121,91}
Count:   0.2   0.1   0.1   0.2   0.2   0.2   1.3   1.2   1.2   1.4   1.3   1.0   1.2   1.1   1.1   0.6   0.2   0.2   0.2   0.2   0.2   0.2   0.2   0.2   0.2   1.3   1.2   1.2   1.2   1.2   1.0   1.0   1.0   0.9   0.7   0.2   0.1   0.1   0.1   0.2   0.2   0.1   0.2   0.2   1.1   1.1   1.4   1.2   1.0   1.2   1.2   1.1   0.9   0.6   0.2   0.1   0.1   0.1   0.1   0.1   0.2   0.2   0.2   1.3   1.2   1.3   1.2   1.1   1.0   1.1   0.9   0.8   0.5   0.1   0.2   0.2   0.2   0.2   0.1   0.1   0.2   0.1   0.1   0.1   0.2   0.1   0.3   1.1   1.3   1.1   1.1   1.2   1.0   1.0   1.2   1.2   0.4   0.2   0.2   0.1   0.2   0.1   0.2   0.2   0.2   0.2   1.3   1.3   1.0   1.1   1.1   1.3   1.1   0.9   1.0   0.5   0.2   0.1   0.2   0.1   0.2   0.1   0.2   0.2   0.2   1.3   1.4   1.3   1.2   1.1   0.9   1.3   1.0   1.0   0.4   0.2   0.2   0.1   0.2   0.2   0.2   0.3   0.1   0.2   1.4   1.1   1.1   1.4   1.2   1.2   1.1   0.8   0.9   0.5   0.2   0.2   0.1   0.2   0.2   0.2   0.1   0.2   0.2   0.2   0.1   0.1   0.1   0.4   1.4   1.2   1.1   1.0   0.9   1.1   1.1   0.9   0.9   0.4   0.2   0.2   0.2   0.2   0.1   0.2   0.2   0.2   0.4   1.1   0.8   1.1   1.3   1.3   1.2   1.0   1.0   1.1   0.3   0.1   0.1   0.1 
Direction:  n n n n n n n n n n n n n n n n n n n n n n n n n n n n n n n n n n n n n n n n n n n n n n n n n n n n n n n n n n n n n n n n n n n n n n n n n n n n n n n n n n n n n n n n n n n n n n n n n n n n n n n n n n n n n n n n n n n n n n n n n n n n n n n n n n n n n n n n n n n n n n n n n n n n n n n n n n n n n n n n n n n n n n n n n n n n n n n n n n n n n n n n n n n n n n n n n n n n n n n n

56.0: Count:   0.6 (  0.6) A:  20.4 [18-35] B:  28.2 [18-70] Phase: 87% 75 (26.8) Direction:  {30 150}  15% 77 (13.4) Direction:  {31 149}
Phase: {99,52,59,60,78,57,76,66,76,97,74,77,63,110,96,95,141,89,104,111,119,109,86,80,97,152,101,129,129,113,126,104,119,131,153,114,137,137,168,174,149,187,187,231,200,215,202,271,266,321,279,269,322,366,350,335,381,364,396,417,506,451,500,539,486,469,546,543,526,579,548,488,595,545,539,506,565,562,536,526,565,579,494,525,551,500,495,493,493,454,562,419,426,468,387,378,403,386,350,367,313,270,275,291,276,277,222,188,253,197,180,182,182,220,135,156,157,146,106,116,108,96,106,72,76,83,80,70,85,69,51,59,50,57,30,62,42,44,40,35,29,25,37,20,21,21,38,38,13,20,20,13,13,15,6,16,10,10,12,5,13,10,14,3,15,8,1,7,10,3,10,2,2,3,5,4,5,4,2,1,8,2,1,3,1,0,1,0,0,0,1,0,3,0,2,0,1,0,0,1,0,0,0,0,0,2,0,2,0,0,0,0,0,2,0,0,0,0,0,0,0,0,0,0,0,0,0,0,0,0,0,0,0,0,0,0,0,0,0,0,0,0,0,0,0,0,0,0,0,0,0,0,0,0,1,0,0,0,0,0,0,0,0,0,0,0,0,0,0,0,0,0,0,0,0,0,0,4,0,0,0,0,1,0,0,0,1,0,0,0,1,0,0,0,1,0,0,0,0,0,0,0,3,2,0,1,2,0,0,0,0,2,0,1,1,5,1,1,0,9,3,1,2,0,6,0,12,3,7,5,5,2,9,15,3,23,7,12,13,13,19,23,33,18,19,19,39,23,29,32,29,39,42,44,71,44,33,52,69,35}
Count:   0.1   0.1   0.1   0.1   0.2   0.1   1.3   1.2   1.4   1.5   1.4   1.3   1.4   1.2   1.1   0.7   0.1   0.1   0.2   0.1   0.1   0.1   0.1   0.1   0.1   1.1   1.2   1.2   1.2   1.2   1.2   1.1   0.9   1.2   0.6   0.1   0.1   0.1   0.1   0.1   0.1   0.1   0.1   0.1   1.1   1.2   1.5   1.3   1.3   1.2   1.3   1.3   0.9   0.6   0.1   0.1   0.0   0.1   0.1   0.1   0.1   0.1   0.1   1.3   1.2   1.4   1.2   1.4   1.0   1.1   1.3   0.9   0.4   0.1   0.1   0.1   0.1   0.1   0.1   0.1   0.1   0.1   0.1   0.1   0.1   0.1   0.3   1.1   1.4   1.6   1.4   1.1   1.1   1.0   1.4   1.3   0.4   0.1   0.1   0.1   0.1   0.1   0.1   0.1   0.1   0.1   1.5   1.5   1.0   1.0   1.2   1.1   1.2   1.0   1.0   0.4   0.1   0.1   0.1   0.1   0.1   0.1   0.1   0.1   0.1   1.1   1.2   1.5   1.3   1.2   1.0   1.1   1.2   1.1   0.4   0.1   0.1   0.1   0.1   0.1   0.1   0.1   0.2   0.2   1.4   1.2   1.1   1.4   1.4   1.3   1.1   1.0   0.9   0.5   0.1   0.1   0.1   0.1   0.1   0.1   0.1   0.1   0.1   0.1   0.1   0.1   0.1   0.4   1.3   1.5   1.3   1.2   1.1   1.1   1.4   1.1   1.1   0.3   0.1   0.1   0.1   0.1   0.1   0.1   0.1   0.2   0.5   1.2   1.0   1.1   1.5   1.3   1.2   1.1   1.1   1.1   0.3   0.1   0.1   0.1 
B: 24.1 25.5 23.5 26.5 25.2 22.6 28.4 28.6 28.4 28.5 28.8 27.9 27.8 28.4 27.4 29.3 24.9 23.2 25.3 25.8 24.7 24.8 23.1 23.0 25.3 30.0 28.9 28.7 29.3 29.9 27.4 28.3 27.7 26.9 28.0 25.1 24.1 25.1 23.2 23.8 25.4 24.0 23.5 25.6 29.5 29.2 28.4 28.7 28.9 28.2 28.1 28.5 27.0 27.2 23.7 24.3 23.3 23.5 23.7 24.5 24.0 23.1 25.5 30.0 28.7 28.7 28.5 28.2 27.8 28.8 27.9 27.6 27.8 22.5 23.9 23.8 22.9 23.5 22.3 23.7 23.4 24.2 25.1 21.0 24.7 23.0 32.9 28.5 29.3 29.8 28.1 30.0 28.3 28.1 28.5 28.3 26.0 22.5 24.0 24.5 22.2 24.1 23.0 25.0 24.5 24.9 30.4 29.5 28.6 27.9 28.4 28.5 28.5 27.6 27.6 28.4 24.4 23.7 22.7 23.8 22.5 25.1 25.2 22.3 26.0 28.8 29.6 29.4 29.2 29.1 27.5 27.1 27.7 28.5 27.2 22.6 23.8 25.8 22.6 22.7 21.8 22.8 24.8 30.0 30.1 27.6 27.3 27.9 28.3 28.5 28.2 26.9 26.7 26.8 26.2 24.5 23.0 24.6 24.1 22.8 24.3 23.5 24.3 25.1 25.0 22.4 22.7 27.9 28.8 30.3 28.3 29.3 28.5 28.0 28.9 28.5 28.4 25.7 22.7 23.4 22.3 25.4 22.6 24.5 25.1 23.8 29.1 28.4 28.8 28.6 29.4 28.9 28.7 27.8 26.3 26.9 26.3 23.5 23.8 22.0 
Direction:  n n n n n n n n n n n n n n n n n n n n n n n n n n n n n n n n n n n n n n n n n n n n n n n n n n n n n n n n n n n n n n n n n n n n n n n n n n n n n n n n n n n n n n n n n n n n n n n n n n n n n n n n n n n n n n n n n n n n n n n n n n n n n n n n n n n n n n n n n n n n n n n n n n n n n n n n n n n n n n n n n n n n n n n n n n n n n n n n n n n n n n n n n n n n n n n n n n n n n n n n

