54.0: Count:   0.4 (  0.1) A:  19.5 [18-32] B:  37.7 [18-126] Phase: 41% 64 (44.6) Direction:  {39 141}  80% 267 (33.8) Direction:  {292 248}
Phase: {45,43,52,44,43,42,48,46,43,45,43,44,47,51,48,37,43,34,67,54,52,63,36,43,46,46,51,53,39,55,54,64,52,44,45,50,48,59,72,41,59,69,61,68,48,50,52,64,71,54,67,76,60,70,90,62,57,72,75,64,81,72,80,84,68,83,83,74,88,73,72,71,79,65,73,80,65,81,88,69,80,86,75,74,74,62,67,70,51,64,73,56,67,73,48,64,63,53,61,60,55,57,42,44,46,52,50,45,38,42,43,33,56,45,35,39,32,46,36,39,27,32,20,26,26,26,26,29,26,22,33,19,23,28,28,21,29,31,24,22,15,28,34,20,23,21,18,18,22,16,12,15,11,20,20,14,15,15,21,12,13,15,19,15,21,14,14,9,14,15,6,12,12,18,12,10,12,8,13,10,17,9,8,15,10,13,12,12,10,7,14,7,12,12,13,11,16,21,12,12,10,9,14,12,13,10,19,20,26,14,22,16,31,20,24,23,24,22,28,28,31,34,34,46,32,47,40,75,50,58,63,69,62,65,87,86,87,100,98,96,93,96,108,104,85,117,114,107,108,131,136,145,143,129,164,149,147,193,157,143,165,192,192,156,180,167,179,206,169,161,190,175,173,177,168,156,160,164,179,147,144,150,154,127,138,118,140,101,134,115,99,104,96,111,112,89,82,96,70,92,68,71,54,65,61,39,57,56,48,41,30,41,34,36,48,43,35,31,18,32,39,33,24,25,37,37,27,25,35,25,30,38,32,31,24,45,23,30,31,35,24,39,27,30,37,25,28,37,27,39,38,47,40,46,45,49,38,47,47,44}
Count:   0.2   0.2   0.2   0.2   0.2   0.2   0.2   0.2   0.6   0.6   0.6   0.5   0.5   0.4   0.5   0.5   0.4   0.3   0.4   0.4   0.3   0.3   0.3   0.4   0.2   0.3   0.2   0.3   0.3   0.2   0.3   0.3   0.7   0.7   0.5   0.5   0.5   0.4   0.4   0.4   0.4   0.4   0.3   0.4   0.3   0.3   0.3   0.2   0.2   0.3   0.3   0.2   0.2   0.3   0.2   0.2   0.2   0.2   0.3   0.3   0.4   0.7   0.6   0.6   0.6   0.5   0.6   0.4   0.5   0.5   0.4   0.4   0.4   0.4   0.4   0.3   0.3   0.3   0.3   0.2   0.3   0.2   0.3   0.2   0.6   0.8   0.6   0.6   0.5   0.5   0.3   0.5   0.4   0.4   0.4   0.4   0.4   0.3   0.3   0.2   0.3   0.3   0.2   0.3   0.2   0.3   0.3   0.3   0.8   0.6   0.5   0.6   0.6   0.5   0.5   0.5   0.4   0.3   0.3   0.3   0.3   0.3   0.3   0.3   0.2   0.3   0.3   0.2   0.3   0.3   0.2   0.2   0.2   0.3   0.3   0.3   0.4   0.7   0.6   0.6   0.5   0.5   0.5   0.5   0.4   0.4   0.3   0.4   0.3   0.3   0.3   0.3   0.2   0.2   0.2   0.3   0.2   0.2   0.2   0.2   0.4   0.7   0.5   0.6   0.5   0.6   0.5   0.4   0.4   0.3   0.3   0.3   0.2   0.2   0.3   0.2   0.2   0.2   0.2   0.2   0.2   0.2   0.2   0.2   0.2   0.2   0.2   0.2   0.2   0.7   0.6   0.7   0.5   0.5   0.5   0.4   0.4   0.4   0.3   0.3 
B: 34.4 37.4 39.4 36.3 36.4 37.2 37.6 36.3 40.3 38.2 38.5 37.7 37.2 36.6 37.4 35.6 35.3 34.4 36.9 35.9 34.3 35.5 36.6 37.7 38.5 36.5 39.8 37.1 38.7 36.9 37.4 38.1 43.3 38.5 37.4 36.9 36.7 36.2 34.5 35.6 37.5 34.7 37.2 35.5 38.6 35.3 38.0 37.4 36.5 38.0 38.3 38.4 35.3 36.8 38.0 38.5 39.1 38.0 34.9 39.1 38.1 39.2 36.7 38.5 36.3 37.1 35.0 36.4 35.8 37.4 36.4 35.4 35.6 34.7 36.8 38.9 37.1 36.0 40.0 36.5 36.8 37.0 36.0 37.6 39.7 39.1 37.2 37.8 35.3 36.9 35.1 33.9 34.1 33.8 34.4 36.6 35.1 38.6 38.7 36.2 35.8 36.4 36.7 37.2 37.0 38.0 38.3 37.0 47.1 37.8 36.3 37.4 37.0 35.7 35.9 34.9 37.2 36.2 32.1 33.7 35.0 36.6 36.7 37.3 37.6 36.2 37.7 37.9 36.3 36.1 39.0 38.0 37.1 37.6 37.2 37.7 40.5 37.6 38.4 37.6 39.1 37.8 38.5 36.1 36.2 35.2 34.5 34.5 34.0 35.0 35.2 37.2 36.8 38.3 38.4 36.8 40.1 39.2 40.2 38.5 39.1 40.2 37.0 36.9 38.2 38.6 36.2 34.6 40.6 38.4 36.4 36.8 38.3 39.5 38.9 41.7 38.8 39.9 42.2 43.9 41.6 42.6 39.7 42.8 40.3 42.7 41.4 42.8 39.9 41.3 40.3 40.7 41.3 40.2 40.2 41.1 41.2 37.4 40.5 40.2 
Direction:  n n n n n n n n n n n n n n n n n n n n n n n n n n n n n n n n n n n n n n n n n n n n n n n n n n n n n n n n n n n n n n n n n n n n n n n n n n n n n n n n n n n n n n n n n n n n n n n n n n n n n n n n n n n n n n n n n n n n n n n n n n n n n n n n n n n n n n n n n n n n n n n n n n n n n n n n n n n n n n n n n n n n n n n n n n n n n n n n n n n n n n n n n n n n n n n n n n n n n n n n

54.1: Count:   0.4 (  0.2) A:  19.4 [18-36] B:  35.9 [18-121] Phase: 40% 61 (40.0) Direction:  {37 143}  24% 257 (31.6) Direction:  n  76% 272 (19.1) Direction:  {299 241}
Phase: {45,39,61,35,47,46,39,43,64,50,43,51,40,58,53,42,48,33,65,45,53,55,54,54,56,59,52,58,55,53,65,65,55,77,65,71,78,74,61,81,62,87,71,78,80,79,71,84,66,64,68,89,87,73,82,101,93,79,71,91,75,99,80,95,85,88,101,84,86,84,75,89,92,90,89,104,73,99,78,88,101,57,89,88,90,68,81,73,81,75,101,59,74,75,61,69,67,59,66,64,56,56,54,58,43,54,54,50,45,56,36,56,40,44,34,38,45,50,37,43,42,40,43,37,49,36,25,23,32,27,24,29,32,25,28,26,24,23,20,22,21,22,28,24,21,17,18,18,15,16,17,14,12,14,11,16,17,9,11,17,15,9,6,9,15,13,14,11,8,20,10,10,12,9,12,14,7,7,12,11,6,8,10,14,11,8,7,7,10,14,14,11,4,14,14,16,10,10,15,9,13,10,16,13,10,23,16,18,12,24,18,18,24,19,19,19,27,30,30,16,27,31,31,44,39,35,39,46,44,46,54,63,54,69,84,71,67,74,92,92,82,111,98,103,107,136,105,138,121,154,153,153,179,162,186,198,216,192,210,183,225,197,211,200,224,191,199,213,195,220,251,207,224,247,212,241,229,210,205,222,155,149,184,199,171,175,155,136,157,155,148,147,128,113,115,114,111,131,94,85,75,86,77,58,64,59,72,59,66,57,49,55,50,39,41,47,41,21,34,35,35,37,32,37,30,33,47,30,39,27,28,30,37,31,32,21,29,27,33,42,46,49,40,39,39,34,38,38,53,40,52,35,57,55,32,44,42,47,38,44}
Count:   0.2   0.2   0.3   0.2   0.3   0.3   0.3   0.2   0.7   0.8   0.7   0.6   0.6   0.6   0.5   0.5   0.4   0.4   0.3   0.4   0.4   0.4   0.4   0.3   0.3   0.3   0.3   0.3   0.3   0.2   0.3   0.2   0.8   0.8   0.6   0.5   0.6   0.6   0.5   0.5   0.5   0.4   0.4   0.4   0.4   0.3   0.3   0.3   0.2   0.2   0.3   0.3   0.3   0.3   0.3   0.3   0.3   0.3   0.3   0.3   0.6   0.8   0.7   0.8   0.8   0.6   0.6   0.7   0.6   0.5   0.4   0.4   0.4   0.4   0.3   0.3   0.3   0.3   0.2   0.3   0.3   0.3   0.4   0.3   0.8   0.8   0.7   0.7   0.6   0.5   0.5   0.5   0.4   0.5   0.4   0.4   0.3   0.3   0.3   0.2   0.2   0.3   0.2   0.3   0.2   0.3   0.3   0.3   0.7   0.8   0.7   0.6   0.6   0.5   0.5   0.5   0.4   0.4   0.3   0.3   0.4   0.4   0.3   0.3   0.3   0.3   0.3   0.3   0.2   0.3   0.2   0.3   0.3   0.3   0.3   0.3   0.6   0.8   0.7   0.6   0.6   0.6   0.6   0.6   0.4   0.5   0.5   0.5   0.4   0.4   0.4   0.3   0.3   0.2   0.3   0.3   0.3   0.2   0.2   0.2   0.6   0.7   0.7   0.7   0.6   0.6   0.5   0.5   0.4   0.4   0.3   0.3   0.3   0.3   0.3   0.2   0.3   0.2   0.2   0.2   0.2   0.2   0.3   0.3   0.2   0.2   0.2   0.2   0.2   0.7   0.7   0.6   0.6   0.6   0.6   0.6   0.5   0.4   0.4   0.4 
B: 32.6 31.9 34.0 34.3 37.1 35.3 35.3 35.5 39.1 36.5 36.5 35.8 36.0 34.4 34.8 33.5 35.0 33.7 33.5 34.6 34.1 34.9 34.9 38.2 35.9 36.1 36.2 36.9 34.7 36.6 35.4 34.8 41.8 36.1 36.6 35.4 34.7 35.2 34.0 34.0 34.2 33.9 32.7 33.2 34.4 35.8 36.3 34.9 33.3 35.8 37.2 35.8 35.0 37.4 33.9 36.5 36.4 34.5 36.4 35.5 37.3 36.4 36.2 35.3 35.7 35.6 33.0 34.3 35.0 33.8 33.2 33.9 33.9 34.3 35.3 35.5 37.1 35.8 38.0 36.1 37.2 35.3 33.6 36.6 38.3 38.3 36.6 35.3 36.8 34.4 34.7 32.7 31.9 34.3 32.1 34.4 33.9 32.8 34.9 35.0 35.7 35.8 37.0 36.0 35.1 36.0 36.4 34.0 42.8 36.1 35.7 34.9 35.0 34.8 34.0 33.7 35.1 34.7 32.4 34.3 33.0 35.8 35.0 35.5 35.5 36.0 34.4 36.7 38.0 35.5 36.1 34.3 33.2 35.9 34.3 34.3 41.6 36.7 35.2 34.6 35.4 33.7 34.7 35.1 34.9 34.7 33.2 33.7 32.5 32.9 33.8 35.2 37.3 35.5 38.0 37.2 35.3 36.1 36.1 34.2 39.1 38.2 36.7 36.8 37.5 35.2 34.3 36.2 37.3 34.5 37.4 34.4 37.9 32.7 39.2 40.4 41.7 38.2 39.3 39.9 41.1 37.9 38.5 38.9 40.7 39.1 39.5 39.6 41.8 40.6 39.3 38.4 38.8 37.3 37.5 38.5 37.2 36.0 36.4 36.4 
Direction:  n n n n n n n n n n n n n n n n n n n n n n n n n n n n n n n n n n n n n n n n n n n n n n n n n n n n n n n n n n n n n n n n n n n n n n n n n n n n n n n n n n n n n n n n n n n n n n n n n n n n n n n n n n n n n n n n n n n n n n n n n n n n n n n n n n n n n n n n n n n n n n n n n n n n n n n n n n n n n n n n n n n n n n n n n n n n n n n n n n n n n n n n n n n n n n n n n n n n n n n n

54.2: Count:   0.2 (  0.1) A:  19.1 [18-34] B:  34.6 [18-115] Phase: 40% 240 (42.8) Direction:  n  58% 290 (33.2) Direction:  {316 224}
Phase: {40,34,48,35,30,36,23,26,40,35,15,17,31,34,35,33,28,19,32,22,23,37,30,22,34,32,28,38,24,27,34,40,25,34,42,39,34,41,40,36,57,51,44,44,37,61,47,54,49,58,59,59,56,66,48,77,67,67,47,55,89,67,71,92,54,75,81,71,76,71,68,74,69,65,82,78,79,80,59,67,75,80,52,59,74,61,68,70,57,67,78,55,52,54,61,49,75,52,50,42,33,42,37,45,51,38,43,34,46,31,40,27,30,26,30,30,12,30,24,26,19,18,31,31,27,24,26,20,21,17,21,12,11,15,11,16,11,16,10,15,18,14,18,7,19,9,7,7,6,7,7,8,9,13,8,16,9,15,9,11,10,11,8,9,10,14,6,7,11,11,11,15,9,10,7,5,6,10,2,9,6,7,9,7,6,4,10,4,4,10,7,5,9,5,3,4,2,5,4,8,9,6,3,8,7,9,4,9,3,3,5,11,8,5,10,4,7,7,6,9,7,12,10,11,11,12,14,9,13,20,18,14,19,22,20,27,26,17,20,18,37,41,44,42,33,48,52,47,59,44,57,69,70,78,94,70,68,96,97,93,87,103,95,128,88,104,127,140,109,116,133,124,121,130,114,140,107,81,120,114,113,87,68,80,70,90,65,58,70,74,46,77,58,57,32,48,39,33,48,30,30,37,33,41,22,32,24,19,26,25,23,18,17,27,24,15,22,25,15,27,28,21,17,14,24,11,18,26,28,22,20,23,19,21,21,21,30,31,21,24,16,27,27,30,32,36,26,32,39,33,32,33,31,28,25,35,33,39,23,38}
Count:   0.1   0.1   0.1   0.1   0.1   0.1   0.1   0.1   0.5   0.6   0.4   0.4   0.3   0.4   0.3   0.3   0.2   0.2   0.2   0.2   0.3   0.2   0.2   0.1   0.2   0.1   0.2   0.1   0.2   0.1   0.1   0.2   0.7   0.6   0.3   0.4   0.4   0.4   0.3   0.2   0.2   0.2   0.2   0.2   0.2   0.2   0.1   0.1   0.2   0.1   0.1   0.1   0.1   0.2   0.1   0.1   0.1   0.1   0.1   0.2   0.5   0.6   0.6   0.5   0.5   0.4   0.4   0.4   0.4   0.3   0.3   0.2   0.3   0.2   0.2   0.1   0.1   0.1   0.1   0.1   0.1   0.1   0.1   0.2   0.5   0.4   0.5   0.5   0.4   0.4   0.3   0.2   0.2   0.3   0.2   0.2   0.2   0.2   0.2   0.1   0.1   0.1   0.1   0.1   0.1   0.1   0.1   0.1   0.6   0.5   0.4   0.3   0.3   0.3   0.2   0.2   0.3   0.2   0.2   0.2   0.2   0.2   0.2   0.1   0.1   0.1   0.2   0.1   0.1   0.2   0.1   0.2   0.1   0.1   0.1   0.1   0.3   0.7   0.5   0.4   0.4   0.4   0.4   0.4   0.3   0.3   0.3   0.2   0.2   0.2   0.2   0.1   0.2   0.1   0.1   0.1   0.1   0.2   0.1   0.1   0.4   0.5   0.5   0.5   0.4   0.4   0.3   0.3   0.2   0.2   0.1   0.1   0.1   0.1   0.1   0.1   0.1   0.1   0.1   0.1   0.1   0.1   0.1   0.1   0.1   0.1   0.1   0.1   0.1   0.6   0.4   0.5   0.4   0.4   0.3   0.3   0.3   0.2   0.2   0.2 
B: 31.0 31.0 33.4 32.3 35.0 35.4 30.3 35.7 36.8 35.7 33.5 32.8 34.1 33.0 31.7 32.4 33.0 32.0 32.2 32.3 34.7 34.8 35.2 34.4 34.1 33.0 33.2 36.0 33.8 35.7 34.9 31.5 41.1 33.7 34.3 34.7 33.1 32.7 31.9 35.5 30.7 30.3 32.3 31.6 33.5 32.0 35.6 35.1 33.2 34.0 34.4 34.3 36.0 34.2 32.6 34.9 34.4 35.0 33.9 36.2 37.7 36.7 33.9 34.3 34.6 33.7 33.0 32.1 33.4 30.6 32.0 32.3 31.2 32.4 33.9 34.4 34.7 35.5 36.9 33.4 33.8 34.6 32.6 33.6 39.2 35.3 35.2 33.8 34.7 31.5 34.2 31.2 32.5 32.5 31.0 30.0 30.9 32.8 34.0 34.8 34.1 36.7 32.8 34.0 36.1 34.5 33.8 38.6 40.9 33.9 33.0 33.5 32.5 34.8 32.4 33.2 32.1 30.4 29.7 32.9 37.1 30.5 36.8 36.4 34.4 31.9 35.7 31.7 34.6 33.6 34.0 35.5 34.9 34.1 34.3 32.9 40.6 34.9 35.5 35.6 33.3 34.4 32.9 34.4 30.9 33.0 31.2 30.0 31.6 34.7 31.2 35.8 30.7 33.0 32.0 35.9 33.2 32.5 36.3 32.3 37.0 34.0 34.4 35.3 34.4 32.6 33.0 33.0 37.9 32.1 35.4 33.8 37.0 37.8 37.8 37.6 38.3 36.8 39.8 42.3 40.4 36.2 39.3 36.8 37.7 37.9 35.4 39.3 39.3 40.0 38.4 39.8 37.4 38.5 39.2 36.9 34.5 36.2 34.3 36.5 
Direction:  n n n n n n n n n n n n n n n n n n n n n n n n n n n n n n n n n n n n n n n n n n n n n n n n n n n n n n n n n n n n n n n n n n n n n n n n n n n n n n n n n n n n n n n n n n n n n n n n n n n n n n n n n n n n n n n n n n n n n n n n n n n n n n n n n n n n n n n n n n n n n n n n n n n n n n n n n n n n n n n n n n n n n n n n n n n n n n n n n n n n n n n n n n n n n n n n n n n n n n n n

54.3: Count:   0.1 (  0.1) A:  19.0 [18-31] B:  35.1 [18-122] 
Phase: {13,15,11,11,11,8,14,15,17,18,27,20,18,21,9,12,18,18,20,5,6,10,20,15,10,13,10,12,12,21,14,11,22,12,13,14,11,16,19,16,23,26,26,24,30,22,13,17,17,22,21,17,35,28,22,18,22,30,37,28,32,24,30,40,26,36,40,43,29,35,30,33,31,24,34,27,29,35,30,34,29,43,36,39,28,33,29,35,30,25,37,27,21,23,19,26,19,22,28,20,24,19,17,22,11,11,23,23,20,15,14,9,12,17,11,8,6,4,6,11,8,6,3,3,13,14,10,9,11,8,4,8,5,6,9,10,3,2,7,6,9,4,5,7,6,6,5,15,11,3,9,13,7,7,5,11,4,4,3,7,2,5,4,4,5,6,11,5,1,3,3,4,1,5,2,4,2,4,2,1,5,3,0,2,3,3,2,0,2,0,0,1,0,1,0,2,0,1,1,2,3,2,0,2,2,2,1,2,0,5,0,0,1,0,1,1,2,1,2,3,0,0,2,3,2,2,0,2,2,4,3,1,2,4,2,3,5,5,5,4,1,3,8,11,10,1,8,9,16,18,6,13,16,6,17,10,11,13,19,12,7,13,21,24,12,25,21,19,18,15,25,21,24,22,14,30,20,22,15,12,22,18,16,7,6,14,23,17,11,12,7,9,8,16,2,5,7,13,7,6,4,9,3,7,2,10,10,11,5,4,7,10,5,2,6,3,10,2,4,7,7,6,4,5,5,5,7,3,3,6,0,7,5,5,8,9,4,11,7,14,7,9,11,8,6,14,14,6,11,11,19,11,21,11,16,5,17,17,12,8}
Count:   0.0   0.0   0.0   0.0   0.0   0.0   0.0   0.0   0.2   0.2   0.2   0.1   0.1   0.1   0.1   0.1   0.0   0.1   0.1   0.0   0.1   0.0   0.0   0.0   0.0   0.0   0.0   0.0   0.0   0.0   0.0   0.0   0.3   0.2   0.1   0.1   0.1   0.1   0.1   0.1   0.1   0.0   0.0   0.1   0.0   0.0   0.0   0.0   0.0   0.0   0.0   0.0   0.0   0.1   0.0   0.0   0.0   0.0   0.0   0.0   0.2   0.2   0.3   0.2   0.2   0.2   0.2   0.1   0.1   0.1   0.1   0.1   0.1   0.0   0.1   0.0   0.0   0.0   0.0   0.0   0.0   0.0   0.0   0.0   0.2   0.2   0.3   0.1   0.1   0.1   0.1   0.1   0.1   0.0   0.1   0.0   0.0   0.0   0.0   0.0   0.0   0.0   0.0   0.0   0.0   0.0   0.0   0.0   0.3   0.3   0.2   0.1   0.2   0.1   0.1   0.0   0.1   0.0   0.1   0.0   0.1   0.0   0.0   0.1   0.0   0.0   0.1   0.0   0.0   0.0   0.0   0.0   0.0   0.0   0.0   0.0   0.2   0.2   0.2   0.1   0.2   0.1   0.1   0.1   0.1   0.1   0.1   0.1   0.0   0.0   0.0   0.0   0.0   0.0   0.0   0.0   0.0   0.0   0.0   0.0   0.2   0.2   0.2   0.1   0.2   0.2   0.1   0.1   0.1   0.0   0.0   0.0   0.0   0.0   0.0   0.0   0.0   0.0   0.0   0.0   0.0   0.0   0.0   0.0   0.0   0.0   0.0   0.0   0.0   0.3   0.2   0.1   0.2   0.1   0.1   0.1   0.1   0.1   0.1   0.1 
B: 31.9 28.2 30.4 33.6 31.4 31.0 29.3 31.6 39.9 32.0 31.4 32.3 34.4 33.7 29.5 38.1 29.7 31.5 31.7 24.3 30.6 35.6 29.9 35.4 31.6 32.5 29.3 29.9 36.8 32.8 23.0 38.2 42.6 38.7 33.2 33.0 30.2 29.3 37.7 33.5 30.0 32.1 31.0 30.1 31.1 33.0 44.6 36.8 28.2 34.2 26.4 35.8 31.6 38.5 46.2 27.8 39.0 31.6 30.0 29.4 43.0 37.1 33.1 34.1 33.8 32.6 36.3 37.4 33.4 34.6 29.0 35.3 30.3 32.2 45.8 34.4 41.6 29.7 25.8 31.5 30.0 28.5 40.3 31.0 40.3 34.1 37.0 34.3 32.0 36.1 30.0 32.4 29.0 32.5 29.7 36.7 28.3 32.9 29.2 34.0 33.0 30.9 34.1 31.6 38.1 33.2 29.0 32.7 47.3 32.8 33.8 33.3 32.8 34.0 33.6 28.5 28.1 29.0 29.8 28.2 34.3 32.1 46.0 34.7 36.5 37.0 33.3 29.3 37.1 34.6 30.1 32.8 27.3 31.1 26.2 39.0 47.9 35.1 36.4 34.3 36.4 34.8 31.5 29.9 32.1 35.2 30.8 36.2 41.7 29.2 28.0 27.8 33.1 32.6 28.7 30.4 37.0 29.7 28.2 33.5 40.8 34.7 35.7 35.8 32.6 38.1 29.0 31.8 41.2 34.9 32.2 36.9 38.2 29.6 40.7 43.0 38.0 35.4 38.2 36.3 25.6 30.7 35.7 40.0 * 43.4 42.0 33.5 20.0 40.0 38.0 37.5 34.2 38.8 36.5 35.7 34.6 34.8 34.1 35.1 
Direction:  n n n n n n n n n n n n n n n n n n n n n n n n n n n n n n n n n n n n n n n n n n n n n n n n n n n n n n n n n n n n n n n n n n n n n n n n n n n n n n n n n n n n n n n n n n n n n n n n n n n n n n n n n n n n n n n n n n n n n n n n n n n n n n n n n n n n n n n n n n n n n n n n n n n n n n n n n n n n n n n n n n n n n n n n n n n n n n n n n n n n n n n n*  n n n n n n n n n n n n n n n

54.4: Count:   0.0 (  0.1) A:  19.1 [18-29] B:  36.2 [18-110] 
Phase: {16,6,9,8,6,17,13,12,7,12,12,14,10,12,6,21,14,10,11,12,11,8,17,8,12,17,8,14,11,14,10,8,15,13,12,13,12,12,16,24,9,18,11,11,13,17,19,19,17,20,19,25,14,27,33,27,22,32,15,24,30,19,27,17,33,38,24,45,25,29,42,26,35,28,31,22,17,30,25,25,31,17,17,31,25,22,19,17,19,17,25,18,16,21,24,15,11,20,12,22,4,10,12,14,17,6,19,9,7,4,6,9,1,12,5,6,6,10,2,7,9,11,11,6,8,10,9,6,5,2,6,3,13,5,2,7,3,5,3,0,2,1,5,3,6,3,1,3,4,6,4,1,2,3,6,4,4,1,6,0,0,2,1,4,3,7,5,3,0,7,1,3,2,1,2,0,1,1,0,0,0,0,0,2,0,2,1,0,3,0,3,0,1,0,1,2,0,0,4,0,0,1,0,1,3,0,0,0,2,3,0,0,0,2,3,0,0,1,1,0,0,1,0,0,0,0,1,0,0,0,1,0,0,0,0,0,0,1,4,1,0,0,0,1,0,0,1,3,0,1,1,2,2,2,1,1,4,5,3,4,1,1,3,2,7,3,5,1,8,4,5,5,7,3,4,4,3,3,2,1,8,3,3,2,3,4,3,1,3,4,5,4,2,6,5,3,2,8,4,4,0,3,1,9,2,2,0,3,6,0,1,1,0,11,1,0,1,1,0,5,2,2,7,1,1,3,3,1,1,1,2,5,6,5,2,7,3,5,0,9,3,4,7,4,6,1,4,11,6,7,4,9,11,4,6,11,5,15,6,15}
Count:   0.0   0.0   0.0   0.0   0.0   0.0   0.0   0.0   0.1   0.1   0.1   0.1   0.1   0.1   0.0   0.0   0.0   0.0   0.0   0.0   0.0   0.0   0.0   0.0   0.0   0.0   0.0   0.0   0.0   0.0   0.0   0.0   0.2   0.1   0.1   0.1   0.1   0.1   0.0   0.0   0.1   0.0   0.0   0.0   0.0   0.0   0.0   0.0   0.0   0.0   0.0   0.0   0.0   0.0   0.0   0.0   0.0   0.0   0.0   0.0   0.1   0.2   0.2   0.2   0.1   0.1   0.1   0.1   0.1   0.1   0.1   0.0   0.0   0.0   0.0   0.0   0.0   0.0   0.0   0.0   0.0   0.0   0.0   0.0   0.2   0.1   0.1   0.1   0.1   0.1   0.1   0.1   0.0   0.0   0.0   0.0   0.0   0.0   0.0   0.0   0.0   0.0   0.0   0.0   0.0   0.0   0.0   0.0   0.3   0.1   0.1   0.1   0.1   0.0   0.0   0.1   0.1   0.0   0.0   0.0   0.0   0.0   0.0   0.0   0.0   0.0   0.0   0.0   0.0   0.0   0.0   0.0   0.0   0.0   0.0   0.0   0.2   0.2   0.2   0.1   0.2   0.1   0.1   0.0   0.1   0.0   0.0   0.0   0.0   0.0   0.0   0.0   0.0   0.0   0.0   0.0   0.0   0.0   0.0   0.0   0.1   0.2   0.1   0.1   0.1   0.1   0.1   0.0   0.1   0.0   0.0   0.0   0.0   0.0   0.0   0.0   0.0   0.0   0.0   0.0   0.0   0.0   0.0   0.0   0.0   0.0   0.0   0.0   0.0   0.2   0.2   0.2   0.1   0.1   0.1   0.1   0.1   0.0   0.0   0.1 
B: 23.0 36.0 28.0 22.0 49.0 22.0 22.0 25.7 33.8 33.1 32.4 38.7 32.2 35.4 33.4 34.2 31.4 32.2 47.0 23.1 33.2 23.0 24.2 25.6 26.5 32.8 28.3 30.5 23.6 29.0 30.2 59.0 40.2 35.6 34.5 35.4 34.9 31.2 34.3 31.1 29.8 26.0 30.7 41.0 25.5 33.0 49.0 * 29.0 22.0 31.2 29.8 * 25.5 41.2 19.0 20.5 32.1 35.0 * 38.7 35.1 33.6 34.9 36.0 35.1 32.2 33.4 34.2 33.8 34.3 37.5 34.5 37.1 47.0 19.0 32.0 29.0 * 30.2 28.0 27.0 28.8 22.0 41.7 34.5 38.6 30.3 32.9 31.2 30.7 31.0 43.4 44.5 31.2 28.5 30.3 48.0 33.5 29.0 26.0 * 27.0 24.5 37.0 33.0 20.0 24.4 49.5 40.2 32.2 28.8 30.1 39.3 30.0 33.0 31.1 26.1 18.0 22.3 38.1 36.3 38.0 28.0 * 25.5 36.4 20.0 35.7 30.0 27.0 44.3 * 23.0 32.1 28.3 52.4 38.7 37.5 36.6 35.3 35.4 32.8 34.1 34.8 30.2 32.3 27.5 33.5 30.8 32.5 24.6 25.2 20.5 25.0 33.0 40.6 37.7 * 56.0 39.0 38.5 40.8 33.9 30.4 41.0 37.9 32.8 33.8 39.6 45.3 42.3 25.3 35.2 52.0 29.2 45.2 * 33.0 31.0 36.0 * 31.5 * 42.0 38.6 40.0 30.5 31.0 45.7 40.0 38.7 40.3 45.3 37.3 37.2 49.4 43.0 41.3 35.9 
Direction:  n n n n n n n n n n n n n n n n n n n n n n n n n n n n n n n n n n n n n n n n n n n n n n n*  n n n n*  n n n n n n*  n n n n n n n n n n n n n n n n n n*  n n n n n n n n n n n n n n n n n n n n n n*  n n n n n n n n n n n n n n n n n n n n n n*  n n n n n n n*  n n n n n n n n n n n n n n n n n n n n n n n n n*  n n n n n n n n n n n n n n n n n n*  n n n*  n*  n n n n n n n n n n n n n n n n

54.5: Count:   0.1 (  0.1) A:  19.1 [18-30] B:  35.2 [18-96] 
Phase: {15,3,9,17,13,8,6,15,12,14,10,13,11,7,16,14,10,8,16,4,13,11,16,12,16,23,13,16,9,23,15,16,17,25,16,11,13,13,16,27,18,14,14,19,20,22,22,21,14,32,17,43,32,35,37,21,30,38,31,35,35,31,61,41,33,38,24,42,43,41,25,37,51,38,40,28,32,38,39,30,23,36,25,37,29,27,31,29,26,24,33,23,14,26,18,14,29,16,19,18,18,10,14,11,9,16,12,13,19,8,12,16,14,13,9,8,8,12,4,8,10,3,4,9,12,1,6,6,9,11,2,5,1,5,5,6,4,4,4,5,4,4,10,3,4,3,3,1,6,3,3,0,4,5,5,2,6,0,0,2,1,4,0,2,3,2,0,1,0,5,0,3,0,2,3,3,0,0,3,4,0,0,0,0,0,0,0,3,0,5,1,0,0,1,0,0,0,0,0,2,0,0,0,0,0,2,2,1,0,1,0,0,0,0,0,1,0,0,1,0,2,4,1,2,0,0,0,0,2,0,0,0,2,0,4,3,5,0,2,2,0,2,2,3,0,1,4,3,1,3,1,2,2,4,6,1,2,7,11,1,1,2,1,2,0,7,4,5,8,7,4,6,9,8,2,6,7,11,3,3,2,6,13,9,5,2,4,7,8,6,8,7,6,5,5,6,2,6,4,7,5,7,6,2,6,4,9,8,7,1,2,4,2,6,1,3,3,5,4,1,1,3,3,4,2,7,5,3,7,5,5,2,1,5,7,5,3,7,6,6,5,6,8,6,4,4,6,7,3,11,5,10,7,9,10,8,7,19,12,14}
Count:   0.0   0.0   0.0   0.0   0.0   0.0   0.0   0.0   0.1   0.2   0.2   0.1   0.1   0.1   0.1   0.0   0.0   0.0   0.0   0.0   0.0   0.0   0.0   0.0   0.0   0.0   0.0   0.0   0.0   0.0   0.0   0.0   0.3   0.2   0.1   0.1   0.1   0.1   0.0   0.0   0.1   0.0   0.0   0.0   0.1   0.0   0.0   0.0   0.0   0.0   0.0   0.0   0.0   0.0   0.0   0.0   0.0   0.0   0.0   0.0   0.1   0.2   0.2   0.2   0.1   0.1   0.2   0.1   0.1   0.0   0.0   0.0   0.0   0.0   0.0   0.0   0.0   0.0   0.0   0.0   0.0   0.0   0.0   0.0   0.2   0.2   0.2   0.1   0.1   0.1   0.1   0.1   0.0   0.0   0.0   0.0   0.0   0.0   0.0   0.0   0.0   0.0   0.0   0.0   0.0   0.0   0.0   0.0   0.2   0.1   0.2   0.1   0.1   0.1   0.1   0.1   0.1   0.0   0.0   0.0   0.0   0.0   0.0   0.0   0.0   0.0   0.0   0.0   0.0   0.0   0.0   0.0   0.0   0.0   0.0   0.0   0.2   0.2   0.2   0.2   0.2   0.1   0.1   0.1   0.1   0.0   0.1   0.0   0.0   0.0   0.0   0.0   0.0   0.0   0.0   0.0   0.0   0.0   0.0   0.0   0.1   0.2   0.2   0.1   0.1   0.1   0.1   0.1   0.1   0.0   0.0   0.0   0.0   0.0   0.0   0.0   0.0   0.0   0.0   0.0   0.0   0.0   0.0   0.0   0.0   0.0   0.0   0.0   0.0   0.3   0.1   0.2   0.2   0.2   0.1   0.2   0.1   0.1   0.0   0.1 
B: 32.5 26.0 30.6 32.5 28.0 21.0 29.0 20.5 38.5 36.5 36.6 34.7 32.7 34.9 31.8 29.6 28.6 31.0 30.4 27.1 27.1 32.2 31.0 36.8 32.3 28.5 38.0 34.8 31.0 35.0 30.2 33.0 47.8 34.1 33.5 34.6 32.0 31.3 31.3 28.8 33.2 26.4 30.3 * 30.8 31.5 50.0 31.3 25.8 27.2 27.1 30.5 40.0 24.0 22.0 * 30.4 28.0 27.0 30.6 39.1 35.5 33.6 33.9 36.9 35.1 34.8 34.2 32.0 31.6 25.6 25.6 39.1 37.2 43.1 * 29.2 27.6 20.0 29.2 * 23.0 41.7 * 40.7 33.2 34.5 37.1 34.0 30.7 31.0 29.5 34.0 24.5 23.6 28.3 31.5 22.4 33.5 24.3 22.7 24.6 34.0 21.6 27.5 23.5 25.5 26.8 44.4 29.5 37.4 39.8 33.8 32.0 29.5 31.4 31.6 21.7 31.6 30.0 34.3 34.5 41.0 34.6 32.1 25.0 29.0 28.0 24.3 20.0 27.0 36.7 24.6 25.5 27.0 30.0 54.7 35.4 34.4 37.0 34.6 36.3 33.9 29.7 28.4 32.3 31.0 24.0 26.2 31.2 34.8 29.4 25.0 22.0 23.8 26.6 28.5 23.1 29.0 24.5 37.5 37.2 37.0 33.3 35.9 32.1 29.6 34.8 33.0 33.5 27.5 31.7 36.0 42.6 62.7 36.0 31.0 34.0 47.0 39.5 29.8 40.5 35.0 34.5 34.6 40.0 35.1 53.0 34.8 48.3 37.1 39.2 37.4 40.8 35.0 34.9 35.3 40.6 39.2 34.6 
Direction:  n n n n n n n n n n n n n n n n n n n n n n n n n n n n n n n n n n n n n n n n n n n*  n n n n n n n n n n n*  n n n n n n n n n n n n n n n n n n n*  n n n n*  n n*  n n n n n n n n n n n n n n n n n n n n n n n n n n n n n n n n n n n n n n n n n n n n n n n n n n n n n n n n n n n n n n n n n n n n n n n n n n n n n n n n n n n n n n n n n n n n n n n n n n n n n n n n n n n n n n n n n n n n

54.6: Count:   0.1 (  0.1) A:  19.1 [18-29] B:  34.3 [18-100] Phase: 100% 66 (30.0) Direction:  {40 140}
Phase: {5,14,13,11,5,16,25,13,12,20,10,16,8,17,9,4,18,20,17,19,14,20,12,27,13,21,17,24,10,22,17,20,15,20,27,23,19,27,37,25,29,31,26,11,28,26,37,25,28,41,39,54,39,26,36,32,46,49,38,57,43,58,41,53,40,33,57,44,59,33,45,49,62,44,60,42,55,47,43,41,49,39,46,38,38,33,39,48,39,29,25,38,29,22,26,22,29,31,22,24,19,19,22,19,14,17,13,29,13,14,12,14,6,16,3,10,8,24,10,8,8,12,8,9,7,10,18,13,5,8,4,2,4,1,4,1,8,1,7,2,5,7,1,9,3,8,2,3,2,6,2,8,6,4,0,3,2,0,0,0,1,3,4,1,2,0,1,0,1,1,1,1,0,0,0,0,0,0,1,3,1,3,2,1,1,0,0,1,1,0,0,1,0,1,0,0,0,0,0,1,1,0,0,0,2,0,0,2,2,0,0,0,0,0,0,3,0,2,2,0,0,0,2,1,1,0,0,0,1,1,1,2,0,0,0,0,3,1,0,0,1,0,1,0,0,2,2,2,1,0,1,4,0,3,4,4,4,1,2,2,1,8,5,4,1,3,6,6,8,5,7,5,9,1,5,5,3,8,0,6,11,1,6,7,12,5,12,7,8,10,1,8,7,5,5,1,2,2,7,7,4,6,7,7,8,3,2,3,9,3,3,6,5,6,2,2,3,3,3,1,1,2,3,5,2,5,6,2,3,11,6,9,4,7,6,5,0,3,5,4,3,4,6,11,18,6,13,5,5,8,10,9,7,8,11,6,7,8,11,6}
Count:   0.0   0.0   0.0   0.0   0.0   0.0   0.0   0.0   0.1   0.3   0.2   0.2   0.1   0.1   0.1   0.1   0.1   0.1   0.0   0.0   0.0   0.0   0.0   0.0   0.0   0.0   0.0   0.0   0.0   0.0   0.0   0.0   0.4   0.2   0.1   0.2   0.2   0.1   0.1   0.1   0.1   0.1   0.0   0.0   0.0   0.0   0.0   0.0   0.0   0.0   0.0   0.0   0.0   0.0   0.0   0.0   0.0   0.0   0.0   0.0   0.2   0.2   0.3   0.2   0.2   0.2   0.1   0.1   0.1   0.1   0.1   0.1   0.1   0.0   0.0   0.0   0.0   0.0   0.0   0.0   0.0   0.0   0.0   0.0   0.1   0.2   0.2   0.2   0.1   0.1   0.1   0.1   0.1   0.1   0.0   0.0   0.0   0.0   0.0   0.0   0.0   0.0   0.0   0.0   0.0   0.0   0.0   0.0   0.2   0.2   0.2   0.1   0.2   0.1   0.1   0.1   0.1   0.1   0.0   0.0   0.0   0.0   0.0   0.0   0.0   0.0   0.0   0.0   0.0   0.0   0.0   0.0   0.0   0.0   0.0   0.0   0.2   0.2   0.1   0.2   0.2   0.2   0.1   0.1   0.1   0.1   0.1   0.0   0.1   0.0   0.0   0.0   0.0   0.0   0.0   0.0   0.0   0.0   0.0   0.0   0.2   0.2   0.3   0.2   0.1   0.1   0.1   0.1   0.1   0.0   0.0   0.0   0.1   0.0   0.0   0.0   0.0   0.0   0.0   0.0   0.0   0.0   0.0   0.0   0.0   0.0   0.0   0.0   0.0   0.3   0.3   0.2   0.2   0.2   0.2   0.2   0.1   0.1   0.1   0.1 
B: 28.0 * 23.4 34.0 36.0 29.0 31.6 36.0 34.9 35.2 33.0 34.0 33.0 35.8 26.5 30.9 29.0 30.3 33.1 30.5 22.7 32.4 35.1 25.3 22.6 31.3 18.0 33.6 25.8 24.5 31.3 39.0 50.3 34.8 37.4 30.5 34.6 30.6 36.0 40.3 39.0 26.7 28.9 31.7 25.8 32.0 47.8 29.1 28.6 30.4 29.0 29.0 24.1 28.4 24.5 26.3 27.8 23.5 24.7 23.0 38.8 33.6 33.1 33.5 33.9 31.7 32.4 36.0 28.5 35.2 27.5 33.7 32.3 26.4 27.7 23.0 33.8 19.0 * 45.0 29.5 24.6 26.0 * 37.4 34.4 35.1 34.3 32.5 29.1 33.7 31.1 26.4 27.7 22.9 25.7 33.0 24.8 27.0 24.0 27.6 35.2 23.5 24.0 29.0 24.6 39.0 34.6 37.2 35.8 32.3 32.3 31.2 35.0 28.0 38.0 28.8 29.7 29.8 25.5 32.1 23.1 37.1 23.0 29.2 28.4 28.4 41.3 27.0 25.0 20.0 21.2 25.3 22.5 32.0 25.5 56.3 34.8 37.4 32.9 35.8 33.6 34.3 32.6 33.5 28.6 28.0 26.5 26.5 31.2 37.0 25.7 27.7 29.0 27.4 34.0 37.0 * 23.0 31.0 36.7 37.4 37.2 37.1 35.9 30.2 30.6 30.8 31.8 27.8 36.7 27.5 32.7 29.7 37.1 30.0 27.2 30.7 * 27.0 39.5 28.0 23.6 43.6 31.0 28.6 30.6 32.3 19.6 40.8 38.1 34.9 38.2 39.4 34.9 35.6 33.1 34.8 34.2 40.6 
Direction:  n*  n n n n n n n n n n n n n n n n n n n n n n n n n n n n n n n n n n n n n n n n n n n n n n n n n n n n n n n n n n n n n n n n n n n n n n n n n n n n*  n n n n*  n n n n n n n n n n n n n n n n n n n n n n n n n n n n n n n n n n n n n n n n n n n n n n n n n n n n n n n n n n n n n n n n n n n n n n n n n*  n n n n n n n n n n n n n n n n n n n n*  n n n n n n n n n n n n n n n n n n n n n

54.7: Count:   0.1 (  0.1) A:  19.1 [18-31] B:  33.0 [18-103] Phase: 100% 68 (27.8) Direction:  {42 138}
Phase: {9,8,13,21,9,14,10,5,12,16,11,5,16,13,8,23,10,18,19,13,10,25,18,31,18,20,14,29,18,34,24,18,21,39,23,34,41,29,33,30,35,55,36,33,36,53,47,48,54,44,66,48,50,62,57,42,65,58,65,60,70,63,48,49,57,66,69,54,70,70,58,59,97,72,60,62,59,63,48,62,42,83,50,51,53,44,47,64,48,43,51,34,48,57,56,43,47,30,30,34,36,30,42,15,35,24,26,18,27,21,16,18,5,22,23,14,20,28,5,9,21,15,4,14,7,11,7,15,6,14,11,10,13,7,3,10,5,3,6,8,5,3,2,5,4,6,4,4,1,6,0,1,4,1,2,3,1,4,5,1,0,1,2,4,2,3,0,0,0,1,0,1,0,1,4,0,0,3,0,1,0,3,2,0,0,0,0,0,2,0,0,0,0,0,0,0,0,0,0,0,2,2,0,0,0,0,0,3,2,2,0,0,1,0,0,0,0,0,0,0,1,0,0,4,0,0,0,3,0,1,2,0,2,0,2,2,0,0,1,0,7,0,1,2,1,1,1,4,3,1,2,2,5,1,4,1,0,4,3,3,0,0,1,2,4,4,2,4,1,3,3,4,0,9,3,3,3,11,10,2,3,8,3,7,4,4,6,4,9,3,2,10,2,1,4,9,3,10,3,4,1,4,5,4,3,0,2,1,2,2,0,5,1,9,5,8,8,3,0,8,2,5,5,3,2,6,0,5,6,5,5,9,9,2,4,7,6,5,5,7,9,10,8,3,4,6,6,11,7,9,15,5,7,6,16,15,12,12,13,9}
Count:   0.0   0.0   0.0   0.0   0.0   0.0   0.0   0.0   0.2   0.3   0.2   0.2   0.2   0.2   0.1   0.1   0.1   0.1   0.0   0.0   0.1   0.0   0.0   0.0   0.0   0.0   0.0   0.0   0.0   0.0   0.0   0.0   0.5   0.2   0.2   0.3   0.2   0.2   0.1   0.1   0.1   0.0   0.1   0.0   0.0   0.0   0.0   0.0   0.0   0.0   0.0   0.0   0.0   0.0   0.0   0.0   0.0   0.0   0.0   0.0   0.2   0.3   0.2   0.3   0.3   0.2   0.2   0.2   0.1   0.2   0.1   0.1   0.1   0.1   0.1   0.0   0.0   0.0   0.0   0.0   0.0   0.0   0.0   0.0   0.3   0.3   0.2   0.2   0.2   0.2   0.2   0.2   0.1   0.1   0.0   0.1   0.1   0.0   0.0   0.0   0.0   0.0   0.0   0.0   0.0   0.0   0.0   0.0   0.4   0.3   0.2   0.2   0.2   0.2   0.1   0.1   0.1   0.1   0.1   0.0   0.0   0.0   0.0   0.0   0.0   0.0   0.0   0.0   0.0   0.0   0.0   0.0   0.0   0.0   0.0   0.0   0.2   0.2   0.3   0.3   0.2   0.3   0.2   0.1   0.2   0.1   0.1   0.1   0.1   0.0   0.0   0.0   0.0   0.0   0.0   0.0   0.0   0.0   0.0   0.0   0.2   0.2   0.4   0.2   0.2   0.2   0.1   0.1   0.1   0.0   0.0   0.0   0.0   0.0   0.0   0.0   0.0   0.0   0.0   0.0   0.0   0.0   0.0   0.0   0.0   0.0   0.0   0.0   0.0   0.2   0.3   0.2   0.3   0.3   0.2   0.2   0.2   0.2   0.1   0.1 
B: 24.0 21.0 29.5 22.0 29.5 30.0 24.7 25.1 36.0 34.4 31.9 33.1 32.2 33.0 39.6 28.8 28.2 23.8 26.2 27.6 33.5 28.6 26.2 29.0 31.0 28.5 31.0 * 27.5 22.1 22.6 * 45.3 32.4 32.4 37.1 32.2 30.2 28.5 28.6 32.2 29.0 31.5 31.0 25.4 22.0 26.2 23.0 25.0 45.3 29.5 30.2 27.0 27.4 39.1 27.5 20.3 26.3 33.7 34.0 35.4 33.0 34.0 32.3 30.6 33.9 29.4 32.0 31.6 30.7 31.1 30.7 28.8 28.7 31.0 30.1 47.5 25.0 25.0 26.3 26.4 18.6 28.0 * 38.7 32.1 35.5 31.7 29.3 29.5 29.5 31.2 29.6 30.2 26.7 31.7 30.5 32.9 28.5 33.2 28.7 22.0 23.0 35.6 25.2 26.4 18.0 26.2 39.1 35.0 28.7 33.7 31.8 30.2 35.3 28.8 32.6 28.3 24.2 29.0 25.0 27.5 27.2 * 25.6 24.0 29.1 21.0 26.0 29.0 * 24.0 * 30.5 24.0 26.0 47.7 34.1 32.0 32.7 30.0 32.3 34.8 28.4 28.9 30.2 32.7 26.3 30.0 32.6 30.6 25.0 19.0 25.0 51.2 32.0 26.0 21.0 24.2 23.6 33.6 33.3 34.0 33.5 28.8 30.0 32.4 29.0 32.0 33.1 28.7 33.6 33.7 26.0 56.8 31.0 35.0 39.0 25.1 22.5 20.5 27.8 18.0 21.2 39.0 32.0 * 26.0 32.6 38.0 35.7 36.0 38.3 35.7 39.2 37.5 34.8 34.3 34.2 28.5 
Direction:  n n n n n n n n n n n n n n n n n n n n n n n n n n n*  n n n*  n n n n n n n n n n n n n n n n n n n n n n n n n n n n n n n n n n n n n n n n n n n n n n n n n n n*  n n n n n n n n n n n n n n n n n n n n n n n n n n n n n n n n n n n n n n n*  n n n n n n*  n*  n n n n n n n n n n n n n n n n n n n n n n n n n n n n n n n n n n n n n n n n n n n n n n n n n n n n n*  n n n n n n n n n n n n n

54.8: Count:   0.1 (  0.1) A:  19.2 [18-31] B:  33.3 [18-94] Phase: 100% 69 (27.4) Direction:  {42 138}
Phase: {10,19,18,12,12,5,8,15,15,13,14,13,9,11,21,11,12,14,25,22,26,17,15,24,31,20,32,26,28,30,34,29,26,37,47,43,45,33,44,56,45,64,56,48,54,56,62,89,52,76,66,54,73,83,69,70,88,82,87,80,78,114,58,121,91,88,84,79,92,122,86,95,91,82,100,99,71,62,74,63,93,93,77,76,68,66,96,82,60,66,95,52,63,73,51,59,45,50,48,54,42,47,48,55,46,39,61,14,25,53,20,41,17,39,33,24,11,18,10,23,24,24,22,12,9,8,8,9,21,21,6,16,4,8,7,9,0,9,5,8,4,8,4,2,5,7,0,1,4,4,4,0,6,1,5,6,14,3,1,1,2,1,7,0,0,2,3,0,1,0,3,4,3,0,2,1,0,0,4,0,2,0,0,0,1,0,1,0,1,0,0,0,0,0,0,1,0,1,0,1,0,0,0,0,0,0,0,1,0,0,0,0,0,1,1,0,0,0,0,1,0,3,0,0,0,3,0,0,0,2,0,0,2,1,2,0,0,1,1,5,0,4,2,0,0,0,0,3,4,0,2,0,0,0,4,2,1,1,1,3,1,0,1,2,1,0,0,1,1,3,2,0,6,1,2,1,0,2,0,6,3,3,1,5,6,5,2,6,3,0,2,5,7,2,2,4,4,1,5,0,6,4,6,0,3,3,3,3,4,3,4,3,5,0,4,2,2,2,5,5,3,3,4,7,5,7,4,8,4,7,3,6,3,6,6,6,6,6,11,3,11,12,6,11,18,11,4,4,12,11,17,10,6,6,10,11,9,14,16,8}
Count:   0.0   0.0   0.0   0.0   0.0   0.0   0.0   0.0   0.4   0.3   0.4   0.3   0.3   0.2   0.2   0.1   0.1   0.1   0.1   0.1   0.0   0.0   0.0   0.0   0.0   0.0   0.0   0.0   0.0   0.0   0.0   0.0   0.5   0.3   0.3   0.3   0.2   0.1   0.1   0.2   0.1   0.1   0.1   0.1   0.0   0.0   0.0   0.0   0.0   0.0   0.0   0.0   0.0   0.0   0.0   0.0   0.0   0.0   0.0   0.0   0.1   0.4   0.4   0.4   0.4   0.4   0.2   0.2   0.2   0.2   0.2   0.2   0.1   0.1   0.1   0.0   0.0   0.0   0.0   0.0   0.0   0.0   0.0   0.0   0.3   0.4   0.3   0.4   0.2   0.3   0.2   0.2   0.2   0.1   0.1   0.1   0.0   0.0   0.0   0.0   0.0   0.0   0.0   0.0   0.0   0.0   0.0   0.0   0.5   0.3   0.3   0.3   0.3   0.2   0.2   0.2   0.1   0.1   0.1   0.1   0.0   0.0   0.1   0.0   0.0   0.0   0.0   0.0   0.0   0.0   0.0   0.0   0.0   0.0   0.0   0.0   0.2   0.4   0.5   0.3   0.3   0.3   0.2   0.2   0.2   0.1   0.2   0.1   0.1   0.1   0.1   0.0   0.0   0.0   0.0   0.0   0.0   0.0   0.0   0.0   0.2   0.3   0.5   0.3   0.3   0.2   0.2   0.2   0.2   0.1   0.1   0.0   0.0   0.0   0.0   0.0   0.0   0.0   0.0   0.0   0.0   0.0   0.0   0.0   0.0   0.0   0.0   0.0   0.0   0.4   0.4   0.3   0.4   0.3   0.3   0.2   0.4   0.2   0.2   0.1 
B: 33.0 27.0 23.7 35.0 22.5 25.0 29.3 24.6 34.5 33.5 33.9 37.3 34.9 34.1 33.1 31.5 24.8 28.4 22.6 28.2 30.1 27.3 28.9 26.0 34.6 21.0 22.0 22.0 25.6 31.0 23.0 26.0 40.9 30.6 33.5 35.1 33.3 32.5 29.0 32.1 30.1 34.3 31.1 24.6 34.7 29.5 30.7 28.7 26.0 22.5 * 34.0 26.0 20.0 21.0 34.8 25.0 19.0 33.2 20.3 36.5 33.2 36.6 34.5 31.1 33.9 30.9 33.8 31.8 30.8 29.3 29.4 28.8 33.3 34.0 28.3 37.6 28.0 26.4 19.0 25.2 31.0 31.0 25.0 34.8 33.3 31.9 32.6 29.2 29.8 32.3 30.5 31.0 29.8 27.0 31.0 26.7 24.7 30.0 25.5 29.2 23.6 24.5 27.0 25.0 42.0 31.0 27.6 40.9 32.0 32.3 30.9 29.1 30.6 31.9 28.2 28.7 32.2 31.6 31.3 25.5 24.6 38.2 26.2 22.0 22.0 23.0 * 22.8 32.0 30.6 28.0 36.5 33.0 29.2 * 45.2 34.0 34.5 33.7 33.9 33.9 36.6 30.3 30.7 33.8 30.9 32.5 26.5 29.4 31.1 27.0 26.8 38.3 23.0 * * 29.2 25.0 25.5 35.0 33.0 36.3 35.3 31.9 29.8 31.4 35.0 34.7 31.7 30.0 31.6 39.7 26.1 48.8 30.0 52.0 33.0 30.0 36.0 28.8 24.0 23.0 24.0 40.7 26.6 * 25.0 31.0 36.6 36.3 35.9 36.2 36.5 39.4 38.2 34.7 34.9 30.8 33.4 
Direction:  n n n n n n n n n n n n n n n n n n n n n n n n n n n n n n n n n n n n n n n n n n n n n n n n n n*  n n n n n n n n n n n n n n n n n n n n n n n n n n n n n n n n n n n n n n n n n n n n n n n n n n n n n n n n n n n n n n n n n n n n n n n n n n n n*  n n n n n n n*  n n n n n n n n n n n n n n n n n n n* *  n n n n n n n n n n n n n n n n n n n n n n n n n n n n n*  n n n n n n n n n n n n n

54.9: Count:   0.1 (  0.1) A:  19.2 [18-30] B:  36.0 [18-92] Phase: 100% 70 (24.8) Direction:  {43 137}
Phase: {9,3,9,7,9,12,11,5,9,14,9,13,8,19,15,8,10,15,18,16,21,19,19,32,26,21,24,32,31,37,28,33,34,39,33,26,34,40,38,46,45,33,50,59,63,54,52,54,67,77,56,74,77,68,87,90,114,98,112,106,88,99,107,109,107,110,106,93,113,106,81,115,120,111,109,93,118,99,85,85,90,124,103,101,108,69,89,88,73,88,86,77,78,70,71,58,63,47,50,43,33,56,25,45,35,30,49,26,39,27,20,34,20,34,27,17,14,14,11,26,16,13,12,9,13,9,19,9,10,11,7,2,8,3,18,8,4,6,10,4,6,5,3,1,4,3,2,4,4,6,2,0,1,3,4,2,0,1,4,0,3,0,0,1,1,4,3,0,0,1,0,3,2,0,2,0,2,0,0,0,0,3,0,0,2,0,0,0,0,0,0,0,0,0,0,0,1,0,0,0,0,0,0,0,0,0,0,0,0,0,0,0,0,0,0,0,0,0,0,0,0,0,0,0,0,0,2,0,0,0,0,3,0,0,0,0,0,2,0,2,0,0,0,0,1,2,0,0,0,0,1,0,0,0,0,1,1,0,0,0,0,0,1,0,1,0,0,1,0,0,1,3,0,0,1,0,2,3,3,3,4,1,1,0,0,1,1,2,2,1,2,1,4,2,3,2,2,1,0,1,5,6,0,0,2,0,2,0,1,2,0,6,0,3,1,0,1,0,3,2,0,5,4,1,0,1,3,0,1,0,3,0,4,7,3,5,5,2,5,2,9,7,5,9,6,1,4,2,9,1,3,4,8,6,10,7,7,8,6,11}
Count:   0.0   0.0   0.0   0.0   0.0   0.0   0.0   0.0   0.3   0.4   0.4   0.3   0.3   0.2   0.2   0.2   0.2   0.1   0.0   0.1   0.1   0.0   0.0   0.0   0.0   0.0   0.0   0.0   0.0   0.0   0.0   0.0   0.4   0.4   0.3   0.3   0.3   0.3   0.2   0.2   0.1   0.1   0.0   0.0   0.0   0.0   0.0   0.0   0.0   0.0   0.0   0.0   0.0   0.0   0.0   0.0   0.0   0.0   0.0   0.0   0.2   0.4   0.4   0.4   0.4   0.4   0.2   0.3   0.3   0.2   0.1   0.1   0.1   0.1   0.0   0.0   0.0   0.0   0.0   0.0   0.0   0.0   0.0   0.0   0.3   0.4   0.3   0.4   0.2   0.3   0.2   0.2   0.2   0.1   0.1   0.1   0.0   0.0   0.0   0.0   0.0   0.0   0.0   0.0   0.0   0.0   0.0   0.0   0.4   0.3   0.3   0.3   0.3   0.2   0.1   0.1   0.1   0.1   0.1   0.1   0.1   0.0   0.0   0.0   0.0   0.0   0.0   0.0   0.0   0.0   0.0   0.0   0.0   0.0   0.0   0.0   0.1   0.4   0.4   0.3   0.3   0.3   0.2   0.2   0.2   0.2   0.2   0.2   0.1   0.0   0.1   0.0   0.0   0.0   0.0   0.0   0.0   0.0   0.0   0.0   0.2   0.4   0.5   0.3   0.3   0.2   0.2   0.2   0.2   0.1   0.1   0.1   0.0   0.0   0.0   0.0   0.0   0.0   0.0   0.0   0.0   0.0   0.0   0.0   0.0   0.0   0.0   0.0   0.0   0.5   0.4   0.3   0.5   0.3   0.3   0.3   0.3   0.2   0.2   0.2 
B: * * * 30.0 18.0 * 22.2 * 36.3 38.4 37.0 35.4 33.9 31.4 32.1 35.1 30.7 28.3 28.7 32.2 28.8 30.1 28.0 20.0 28.5 47.0 19.0 26.0 23.5 * * 21.1 41.4 35.5 36.8 39.2 37.2 35.8 33.4 34.3 26.5 31.0 28.7 28.5 33.9 24.0 30.5 23.0 31.0 20.0 * 19.0 * * * 27.3 20.0 23.0 35.0 22.3 38.3 37.2 36.9 38.7 36.2 37.1 36.8 36.3 37.3 35.2 29.5 28.2 30.6 30.2 29.1 32.6 18.0 27.0 27.5 19.0 41.0 18.0 38.5 33.0 35.0 38.2 37.6 35.5 32.7 33.0 33.9 30.2 33.4 33.4 25.1 29.1 35.3 23.6 37.0 32.0 25.0 18.5 19.0 * * * 23.0 40.5 41.0 36.7 34.4 33.4 32.4 35.2 34.2 34.6 32.8 33.5 28.6 28.1 30.0 40.0 46.7 21.6 19.0 * 21.0 21.0 * * 28.0 25.0 32.3 25.0 23.0 56.0 42.2 36.4 39.6 34.7 39.5 40.0 36.7 35.4 32.4 30.7 34.1 32.0 33.3 29.7 24.0 27.0 28.0 43.0 * 23.0 34.0 34.0 * * 39.4 36.8 39.3 37.0 38.2 32.5 34.6 34.7 38.0 32.7 31.0 30.8 38.4 29.5 38.3 45.0 * 22.3 19.0 36.7 31.7 * * * 24.0 23.0 40.0 21.5 43.3 41.2 38.8 41.7 42.9 41.9 40.4 38.1 39.1 36.1 37.0 39.0 
Direction: * * *  n n*  n*  n n n n n n n n n n n n n n n n n n n n n* *  n n n n n n n n n n n n n n n n n n n*  n* * *  n n n n n n n n n n n n n n n n n n n n n n n n n n n n n n n n n n n n n n n n n n n n n n n n* * *  n n n n n n n n n n n n n n n n n n n*  n n* *  n n n n n n n n n n n n n n n n n n n n n n n n*  n n n* *  n n n n n n n n n n n n n n n n*  n n n n* * *  n n n n n n n n n n n n n n n n

55.0: Count:   0.1 (  0.1) A:  19.2 [18-30] B:  36.9 [18-104] Phase: 100% 72 (20.0) Direction:  {45 135}
Phase: {7,4,7,7,6,5,6,9,10,22,8,2,6,15,18,7,13,8,11,16,14,18,17,19,16,16,21,29,15,24,18,27,22,25,29,32,29,35,24,41,37,25,35,62,40,65,61,56,64,82,62,90,80,75,80,106,82,84,93,112,121,118,95,128,115,108,117,143,116,113,128,117,142,132,156,112,139,128,124,111,117,108,121,108,133,107,95,91,84,75,141,86,79,66,75,71,81,64,59,64,62,43,46,43,25,24,33,31,29,24,27,21,18,34,26,10,9,17,11,16,15,6,4,11,4,11,11,13,8,8,11,9,5,6,5,6,3,5,0,0,1,2,1,2,0,1,0,5,6,0,2,0,4,0,1,0,1,0,1,0,1,0,1,0,0,0,0,0,0,0,1,0,0,0,0,0,0,0,0,0,0,0,0,0,1,0,0,0,0,1,0,0,0,0,0,0,0,0,0,0,0,0,0,0,0,0,0,0,0,0,0,0,0,0,0,0,0,0,0,0,0,0,0,0,0,0,0,0,0,0,0,0,0,0,0,0,0,0,1,0,0,0,0,0,0,0,0,0,0,0,0,0,0,0,0,0,0,1,0,0,0,0,0,0,0,1,0,0,0,0,0,0,0,0,0,0,0,0,0,0,0,0,0,0,0,0,0,0,0,0,0,0,0,0,0,0,0,0,1,1,0,0,0,0,0,0,0,0,0,1,1,1,1,1,1,0,1,0,1,1,0,2,0,1,2,0,0,1,0,0,1,2,0,3,1,4,0,5,3,1,2,4,4,1,6,3,1,4,5,2,2,6,4,1,5,8,9,9,1,9}
Count:   0.0   0.0   0.0   0.0   0.0   0.0   0.0   0.0   0.2   0.4   0.5   0.3   0.3   0.2   0.2   0.2   0.1   0.1   0.1   0.0   0.0   0.0   0.0   0.0   0.0   0.0   0.0   0.0   0.0   0.0   0.0   0.0   0.5   0.3   0.3   0.3   0.3   0.3   0.1   0.1   0.1   0.1   0.1   0.1   0.0   0.0   0.0   0.0   0.0   0.0   0.0   0.0   0.0   0.0   0.0   0.0   0.0   0.0   0.0   0.0   0.2   0.5   0.4   0.4   0.4   0.4   0.3   0.3   0.2   0.2   0.2   0.1   0.2   0.1   0.1   0.0   0.0   0.0   0.0   0.0   0.0   0.0   0.0   0.0   0.3   0.4   0.4   0.4   0.3   0.3   0.2   0.2   0.2   0.1   0.1   0.0   0.1   0.0   0.0   0.0   0.0   0.0   0.0   0.0   0.0   0.0   0.0   0.0   0.4   0.3   0.4   0.4   0.3   0.2   0.2   0.2   0.1   0.1   0.1   0.1   0.0   0.0   0.0   0.0   0.0   0.0   0.0   0.0   0.0   0.0   0.0   0.0   0.0   0.0   0.0   0.0   0.2   0.4   0.3   0.3   0.3   0.3   0.2   0.2   0.2   0.1   0.2   0.2   0.1   0.1   0.0   0.0   0.0   0.0   0.0   0.0   0.0   0.0   0.0   0.0   0.2   0.4   0.5   0.4   0.3   0.3   0.3   0.2   0.1   0.1   0.1   0.0   0.1   0.0   0.0   0.0   0.0   0.0   0.0   0.0   0.0   0.0   0.0   0.0   0.0   0.0   0.0   0.0   0.0   0.4   0.4   0.3   0.4   0.3   0.4   0.3   0.3   0.2   0.3   0.2 
B: * * * 31.0 53.0 30.0 * * 40.4 38.5 36.5 37.4 35.8 37.9 35.1 34.6 30.6 28.1 31.7 30.1 29.0 35.8 29.0 25.0 24.0 44.0 24.0 26.5 * 24.0 41.0 28.0 43.2 37.5 37.1 39.2 37.6 35.3 35.4 34.2 32.0 30.3 34.3 26.4 30.7 32.8 35.6 * * 28.0 * * * * * * 26.5 28.3 * * 40.9 36.5 39.3 39.0 37.0 36.6 38.2 36.6 34.0 35.3 32.8 27.1 32.1 28.7 52.2 28.0 29.0 * 22.5 * * 40.0 * * 37.9 38.2 39.8 35.3 37.8 34.8 33.2 35.5 34.1 29.6 37.2 23.9 31.2 24.6 30.7 * 20.0 28.5 * * 30.0 * 48.0 21.0 40.4 36.1 35.3 36.3 35.9 35.0 34.3 31.7 32.0 31.1 30.4 30.5 26.2 32.5 36.0 21.6 36.0 24.0 23.0 * 23.0 * 18.0 34.0 20.0 21.0 * * 43.1 38.7 39.2 35.0 37.0 36.8 37.5 35.5 35.9 28.9 32.0 34.2 29.5 29.2 32.7 * 37.0 * * * * 26.3 40.0 * 37.6 38.2 38.8 36.5 37.7 36.5 35.0 36.3 34.8 28.8 35.3 27.5 32.5 28.2 57.1 42.0 19.0 * * * 28.0 23.0 34.0 32.0 20.0 * * 19.0 * 43.2 41.2 41.7 41.2 41.2 40.4 40.7 39.6 37.5 37.3 34.4 
Direction: * * *  n n n* *  n n n n n n n n n n n n n n n n n n n n*  n n n n n n n n n n n n n n n n n n* *  n* * * * * *  n n* *  n n n n n n n n n n n n n n n n n*  n* *  n* *  n n n n n n n n n n n n n n n*  n n* *  n*  n n n n n n n n n n n n n n n n n n n n n*  n*  n n n n* *  n n n n n n n n n n n n n n n*  n* * * *  n n*  n n n n n n n n n n n n n n n n n* * *  n n n n n* *  n*  n n n n n n n n n n n

55.1: Count:   0.2 (  0.2) A:  19.3 [18-29] B:  35.2 [18-97] Phase: 100% 71 (23.1) Direction:  {44 136}
Phase: {12,7,19,10,7,6,11,10,13,15,13,15,21,15,14,16,20,16,19,19,25,26,13,35,31,26,18,23,42,41,40,42,34,46,54,60,50,32,78,83,82,89,74,72,94,92,107,97,116,110,95,104,103,104,138,127,119,108,112,123,127,184,146,156,144,146,178,133,150,152,152,135,160,178,167,181,173,160,119,143,130,139,155,138,135,145,127,153,118,109,152,120,91,118,80,70,93,88,73,95,98,74,74,81,48,55,54,80,53,70,38,32,39,32,34,31,32,25,23,36,34,15,24,13,20,12,17,22,16,15,8,5,9,8,6,6,6,8,10,0,3,4,5,6,5,4,3,0,5,2,2,5,0,2,2,3,3,0,1,2,4,0,0,0,0,0,0,0,0,0,0,1,0,0,0,0,1,0,0,1,1,0,0,1,0,0,0,0,0,0,0,1,0,0,0,0,0,0,0,0,0,1,0,0,0,0,0,0,0,0,0,0,0,0,0,0,0,1,0,0,0,0,0,0,0,0,0,0,0,0,0,0,0,1,0,0,0,0,0,0,0,1,0,0,0,0,0,0,0,0,0,0,0,0,0,0,0,0,0,0,0,0,0,0,0,0,0,0,0,0,1,0,0,1,0,0,0,0,0,0,1,1,0,1,0,1,1,2,2,9,0,1,2,3,1,0,0,0,1,1,0,4,0,0,1,2,0,2,1,3,3,0,1,1,4,0,2,1,0,2,9,2,2,2,3,0,4,2,3,1,1,2,5,3,2,5,4,0,3,3,7,4,5,3,5,3,1,3,5,4,5,5,11,9,9,6,6,12,9,11}
Count:   0.0   0.0   0.0   0.0   0.0   0.0   0.0   0.0   0.4   0.5   0.6   0.3   0.4   0.3   0.4   0.2   0.2   0.1   0.1   0.1   0.1   0.0   0.0   0.0   0.0   0.0   0.0   0.0   0.0   0.0   0.0   0.0   0.6   0.4   0.4   0.3   0.4   0.4   0.3   0.2   0.2   0.1   0.1   0.1   0.0   0.1   0.0   0.0   0.0   0.0   0.0   0.0   0.0   0.0   0.0   0.0   0.0   0.0   0.0   0.0   0.2   0.6   0.5   0.5   0.5   0.5   0.4   0.5   0.3   0.3   0.2   0.2   0.2   0.1   0.1   0.0   0.0   0.0   0.0   0.0   0.0   0.0   0.0   0.0   0.3   0.5   0.5   0.6   0.4   0.4   0.3   0.4   0.3   0.2   0.1   0.1   0.0   0.1   0.0   0.0   0.0   0.0   0.0   0.0   0.0   0.0   0.0   0.0   0.6   0.6   0.5   0.4   0.4   0.3   0.3   0.3   0.2   0.1   0.1   0.1   0.0   0.1   0.0   0.0   0.0   0.0   0.0   0.0   0.0   0.0   0.0   0.0   0.0   0.0   0.0   0.0   0.2   0.6   0.5   0.4   0.4   0.5   0.4   0.3   0.3   0.3   0.2   0.3   0.2   0.1   0.1   0.0   0.0   0.0   0.0   0.0   0.0   0.0   0.0   0.0   0.2   0.5   0.6   0.5   0.4   0.4   0.4   0.2   0.3   0.2   0.2   0.1   0.1   0.1   0.0   0.0   0.0   0.0   0.0   0.0   0.0   0.0   0.0   0.0   0.0   0.0   0.0   0.0   0.0   0.6   0.5   0.5   0.6   0.5   0.6   0.4   0.4   0.3   0.3   0.2 
B: * 37.0 32.0 23.0 20.0 * 22.5 19.0 38.7 37.4 35.6 38.9 34.7 36.2 33.1 37.5 28.5 26.0 29.2 25.5 27.5 22.8 22.3 35.3 26.0 * 25.5 27.0 24.0 * 31.0 19.0 39.4 36.0 34.4 38.3 33.6 32.0 33.1 30.2 29.2 29.8 29.2 32.8 34.2 28.2 49.0 * * 27.8 30.5 31.0 * 32.0 35.0 29.0 31.0 * 24.5 * 36.6 36.8 34.6 36.2 37.5 34.3 35.4 34.2 34.0 32.3 30.6 29.0 30.8 27.1 45.5 52.0 22.0 * 19.0 41.0 20.8 * 22.5 31.3 36.2 34.9 36.4 34.8 35.7 34.0 31.1 32.3 33.9 28.4 29.1 30.7 30.9 22.7 26.8 30.0 33.5 * 27.5 * 32.0 23.6 31.0 * 40.1 36.0 35.0 34.5 33.9 32.5 32.2 30.5 29.9 29.6 30.0 25.0 27.8 24.6 35.2 32.0 26.3 21.0 25.2 23.0 23.0 * * 33.0 22.0 24.0 25.0 27.0 36.4 38.9 36.9 34.7 37.6 36.0 35.0 35.4 34.1 31.1 33.0 28.9 31.5 27.3 28.0 25.0 28.4 20.0 * * 25.0 * 37.0 25.0 36.1 37.9 39.7 38.3 35.5 36.0 35.3 34.4 35.9 31.8 30.2 30.4 25.9 30.0 37.2 22.0 31.5 25.0 27.0 * 30.0 31.6 * 25.0 25.0 * * 27.0 * 40.3 39.7 38.5 39.4 39.5 39.6 36.3 37.7 36.7 35.2 32.3 
Direction: *  n n n n*  n n n n n n n n n n n n n n n n n n n*  n n n*  n n n n n n n n n n n n n n n n n* *  n n n*  n n n n*  n*  n n n n n n n n n n n n n n n n n*  n n n*  n n n n n n n n n n n n n n n n n n n*  n*  n n n*  n n n n n n n n n n n n n n n n n n n n n* *  n n n n n n n n n n n n n n n n n n n n n n n* *  n*  n n n n n n n n n n n n n n n n n n n n n*  n n*  n n* *  n*  n n n n n n n n n n n

55.2: Count:   0.3 (  0.3) A:  19.5 [18-32] B:  32.8 [18-85] Phase: 100% 70 (29.9) Direction:  {43 137}
Phase: {13,21,16,19,24,16,28,24,29,36,33,25,22,40,37,19,26,35,43,22,39,55,32,60,47,61,52,83,60,88,79,98,79,83,97,94,123,115,108,113,99,140,123,149,122,127,193,192,149,174,139,196,201,212,221,168,208,219,215,202,202,202,224,228,181,239,217,222,195,227,229,229,194,184,217,165,205,220,196,205,201,229,209,183,181,161,165,196,190,169,201,162,166,140,149,152,156,118,117,118,119,118,122,108,112,97,120,92,79,90,82,71,83,50,53,78,59,59,59,49,43,55,48,37,31,45,33,45,43,22,25,23,15,15,19,19,23,16,5,20,14,17,15,9,9,10,11,12,6,8,9,2,9,1,4,1,4,3,4,3,0,5,0,2,1,0,2,2,1,0,0,0,0,0,1,2,0,0,0,2,0,0,0,0,0,0,0,0,0,3,0,0,0,0,0,2,1,0,0,0,1,0,0,0,0,0,0,1,0,0,0,0,2,0,0,0,0,0,0,0,2,4,1,0,0,1,4,0,0,0,1,0,0,0,0,0,2,0,0,0,0,0,0,0,0,2,0,1,0,0,0,2,2,1,5,0,3,0,0,0,2,2,0,1,1,0,1,0,2,2,0,6,0,0,2,0,3,5,1,5,0,0,2,0,8,1,0,0,3,3,0,0,8,3,2,3,2,2,3,3,4,0,9,2,2,1,6,4,2,2,1,4,1,2,4,10,3,9,6,1,6,0,3,5,4,8,5,6,7,4,2,7,0,6,2,11,10,3,16,3,6,14,6,8,5,11,6,10,6,9,9,12,17,13,16,12,16,16,16,5}
Count:   0.0   0.0   0.0   0.0   0.0   0.0   0.0   0.0   0.7   0.8   0.7   0.6   0.8   0.5   0.5   0.4   0.3   0.2   0.2   0.2   0.2   0.1   0.1   0.0   0.0   0.0   0.0   0.0   0.0   0.0   0.0   0.0   0.8   0.6   0.7   0.6   0.6   0.6   0.5   0.3   0.3   0.2   0.2   0.2   0.1   0.1   0.1   0.0   0.0   0.0   0.0   0.0   0.0   0.0   0.0   0.0   0.0   0.0   0.0   0.0   0.3   1.0   0.8   0.7   0.7   0.8   0.6   0.7   0.6   0.5   0.3   0.4   0.3   0.2   0.2   0.0   0.0   0.0   0.0   0.0   0.0   0.0   0.0   0.0   0.5   0.8   0.7   1.0   0.7   0.5   0.4   0.6   0.4   0.3   0.2   0.1   0.2   0.2   0.1   0.0   0.0   0.0   0.0   0.0   0.0   0.0   0.0   0.0   1.0   0.9   0.6   0.7   0.6   0.5   0.5   0.5   0.4   0.3   0.2   0.1   0.1   0.1   0.0   0.0   0.0   0.0   0.0   0.0   0.0   0.0   0.0   0.0   0.0   0.0   0.0   0.0   0.3   0.8   0.7   0.7   0.6   0.8   0.5   0.4   0.6   0.4   0.4   0.4   0.3   0.2   0.1   0.0   0.0   0.0   0.0   0.0   0.0   0.0   0.0   0.0   0.5   0.8   0.9   0.8   0.7   0.7   0.5   0.5   0.5   0.3   0.2   0.2   0.1   0.1   0.1   0.0   0.0   0.0   0.0   0.0   0.0   0.0   0.0   0.0   0.0   0.0   0.0   0.0   0.0   0.8   0.9   0.9   0.7   0.7   0.8   0.6   0.6   0.6   0.4   0.4 
B: * 22.0 27.0 27.0 44.0 * 22.5 23.0 35.5 36.1 35.3 35.6 33.8 31.3 33.4 31.2 29.6 26.6 25.5 33.2 23.3 27.3 26.1 32.0 23.0 31.3 30.0 * 20.0 23.5 26.2 20.0 35.6 34.2 33.5 32.6 31.2 30.6 29.0 30.4 26.1 28.6 26.9 29.2 25.6 30.4 42.3 28.0 23.0 26.6 24.6 23.0 25.8 30.3 32.2 24.1 25.2 25.0 25.6 32.6 34.4 35.2 33.8 34.4 32.9 34.0 31.8 32.0 31.3 31.5 27.5 27.9 28.6 29.2 27.3 40.3 25.0 31.0 * 29.5 27.5 18.0 23.8 27.0 34.7 33.3 34.1 32.5 31.8 29.3 29.6 31.3 27.5 28.5 27.6 27.2 25.9 30.2 25.9 * 22.0 25.1 * * 24.0 23.0 * 28.6 36.8 34.6 31.6 32.4 31.2 30.5 30.4 30.2 27.0 27.5 27.6 24.1 24.0 25.8 30.5 24.6 29.0 * 26.0 26.0 28.0 28.0 22.7 24.5 24.0 27.5 31.0 * 34.2 35.6 35.4 34.9 34.1 33.1 33.2 31.4 32.1 28.6 30.1 27.5 27.9 27.0 26.9 24.0 24.3 * 24.0 18.0 23.0 21.5 25.6 26.0 36.8 36.4 35.9 35.8 34.1 34.1 32.2 30.8 32.6 29.6 28.9 28.6 30.2 24.7 30.8 * 21.0 * 36.0 18.0 31.7 33.2 * * 21.8 35.0 22.0 22.5 30.0 36.8 36.9 37.8 35.9 36.9 35.7 33.9 36.5 35.0 34.7 31.8 
Direction: *  n n n n*  n n n n n n n n n n n n n n n n n n n n n*  n n n n n n n n n n n n n n n n n n n n n n n n n n n n n n n n n n n n n n n n n n n n n n n n n n*  n n n n n n n n n n n n n n n n n n n n*  n n* *  n n*  n n n n n n n n n n n n n n n n n n*  n n n n n n n n n*  n n n n n n n n n n n n n n n n n*  n n n n n n n n n n n n n n n n n n n n n*  n*  n n n n* *  n n n n n n n n n n n n n n n n

55.3: Count:   0.3 (  0.4) A:  19.4 [18-31] B:  32.0 [18-91] Phase: 100% 70 (28.5) Direction:  {43 137}
Phase: {18,6,19,22,14,21,23,23,17,16,24,22,20,38,51,37,38,43,53,37,63,65,61,55,73,52,54,76,92,90,94,76,106,97,106,134,133,170,166,204,145,160,177,193,160,232,218,216,223,226,235,247,242,259,223,264,253,247,280,271,240,263,249,297,269,257,265,249,309,290,231,254,297,274,280,248,271,276,222,270,272,258,241,205,211,208,227,273,219,211,222,183,208,235,222,214,226,205,175,198,171,152,159,129,143,155,161,108,147,115,118,114,109,104,97,85,55,88,69,56,58,64,51,46,40,53,32,48,33,23,27,29,9,23,11,22,8,14,6,10,11,13,14,14,6,5,4,9,4,8,4,4,3,6,1,2,9,0,1,2,0,0,3,0,1,6,0,0,0,0,7,2,3,0,1,0,0,3,0,0,3,0,0,0,1,0,0,0,0,3,0,0,2,0,0,0,0,0,0,0,0,0,3,0,0,0,0,0,0,0,0,0,0,0,2,0,1,0,0,0,0,0,0,0,0,0,0,0,0,0,0,0,2,0,0,0,0,0,0,0,0,0,0,0,0,0,0,1,0,0,0,0,2,0,0,0,0,0,1,1,0,0,0,0,0,0,2,0,1,0,0,0,0,0,0,0,2,0,0,0,0,2,0,0,0,0,0,4,0,0,0,1,0,0,0,2,4,3,1,3,0,1,3,0,0,7,0,0,11,4,1,2,1,1,4,4,4,3,5,5,2,5,5,4,2,5,2,3,8,1,5,6,3,7,4,5,2,5,8,9,5,9,6,6,12,5,6,11,6,9,7,19,3,17,9,9,10,13,15,7}
Count:   0.0   0.0   0.0   0.0   0.0   0.0   0.0   0.0   0.8   0.9   0.9   0.9   1.1   0.7   0.7   0.5   0.5   0.3   0.3   0.2   0.2   0.1   0.1   0.0   0.0   0.0   0.0   0.0   0.0   0.0   0.0   0.0   0.9   0.7   0.9   0.8   0.8   0.7   0.6   0.4   0.3   0.3   0.3   0.2   0.1   0.1   0.1   0.0   0.0   0.0   0.0   0.0   0.0   0.0   0.0   0.0   0.0   0.0   0.0   0.0   0.3   1.3   0.9   1.0   0.9   1.0   0.9   0.8   0.8   0.7   0.5   0.6   0.3   0.2   0.2   0.0   0.0   0.0   0.0   0.0   0.0   0.0   0.0   0.0   0.6   1.0   0.9   1.1   0.8   0.8   0.5   0.6   0.6   0.4   0.3   0.2   0.2   0.1   0.1   0.0   0.0   0.0   0.0   0.0   0.0   0.0   0.0   0.0   1.1   1.2   0.8   0.9   0.7   0.8   0.5   0.5   0.4   0.3   0.3   0.2   0.1   0.1   0.1   0.0   0.0   0.0   0.0   0.0   0.0   0.0   0.0   0.0   0.0   0.0   0.0   0.0   0.3   1.1   0.9   0.9   0.8   0.7   0.6   0.7   0.6   0.6   0.5   0.5   0.4   0.2   0.2   0.0   0.0   0.0   0.0   0.0   0.0   0.0   0.0   0.0   0.7   0.9   0.9   0.9   0.9   0.8   0.7   0.7   0.6   0.3   0.3   0.2   0.2   0.1   0.1   0.0   0.0   0.0   0.0   0.0   0.0   0.0   0.0   0.0   0.0   0.0   0.0   0.0   0.0   1.1   1.2   1.2   1.1   0.9   0.9   0.8   0.8   0.8   0.6   0.4 
B: 26.6 24.0 27.8 22.3 20.8 * 29.5 43.5 32.8 33.7 32.6 34.3 33.4 31.6 32.9 30.5 26.9 29.1 29.1 26.5 27.9 23.8 28.8 * 27.8 * 22.3 18.3 29.5 26.0 30.2 20.0 35.1 33.5 32.9 32.4 30.2 30.7 31.7 28.2 28.4 26.2 26.3 28.0 25.2 26.4 50.3 24.6 21.0 22.5 21.0 * * 22.0 * 23.4 * 22.0 31.6 30.5 36.9 33.3 35.0 34.5 32.1 31.9 31.8 30.1 31.3 29.6 29.5 28.3 26.4 26.4 30.6 18.0 18.0 * 23.0 * 22.0 * 33.2 18.0 34.3 33.1 32.5 32.3 32.2 31.0 29.9 29.3 26.9 27.6 26.4 25.8 27.0 25.4 22.1 * 28.4 * 20.0 21.0 * 36.0 21.6 * 36.3 31.9 32.4 31.7 29.4 31.4 30.4 29.4 26.9 27.8 26.9 25.1 31.6 28.5 32.2 * 29.5 24.3 21.0 25.6 * 24.6 30.0 * 18.0 * * 21.0 34.4 32.9 33.5 32.1 33.0 33.0 30.4 30.2 29.0 29.1 27.6 28.0 28.2 26.4 27.5 * * 35.0 26.0 22.7 19.3 19.5 32.0 23.0 35.5 34.2 34.6 34.7 33.0 33.3 31.0 31.4 33.0 29.8 30.5 28.9 25.5 25.7 33.3 41.0 22.0 41.0 22.0 33.5 * 20.0 49.0 23.3 42.0 27.5 19.0 21.0 33.6 36.5 35.2 34.9 36.4 35.6 34.4 34.6 36.4 33.4 32.8 30.8 
Direction:  n n n n n*  n n n n n n n n n n n n n n n n n*  n*  n n n n n n n n n n n n n n n n n n n n n n n n n* *  n*  n*  n n n n n n n n n n n n n n n n n n n n*  n*  n*  n n n n n n n n n n n n n n n n n*  n*  n n*  n n*  n n n n n n n n n n n n n n n*  n n n n*  n n*  n* *  n n n n n n n n n n n n n n n n* *  n n n n n n n n n n n n n n n n n n n n n n n n n n n*  n n n n n n n n n n n n n n n n n n n

55.4: Count:   0.3 (  0.3) A:  19.3 [18-28] B:  33.1 [18-92] Phase: 100% 71 (23.3) Direction:  {43 137}
Phase: {14,4,12,7,6,5,10,6,7,13,10,11,9,12,27,19,29,21,38,26,33,34,40,38,44,31,49,46,52,66,46,44,57,60,92,78,107,82,85,91,110,141,125,133,112,148,138,201,153,193,182,162,189,175,195,204,159,189,182,185,213,235,214,197,228,189,239,247,239,224,232,253,274,212,224,193,206,205,201,223,228,244,193,176,224,179,177,172,200,186,195,142,169,150,143,139,150,148,114,132,106,131,101,106,97,98,122,80,89,94,71,71,55,61,54,45,46,44,38,33,38,30,29,22,18,24,26,12,23,9,13,16,12,8,4,20,8,7,7,8,2,7,1,6,3,4,1,0,0,2,2,5,0,3,3,1,1,1,0,0,0,0,3,2,1,2,0,0,0,0,0,0,0,0,0,0,0,0,0,0,1,0,0,0,0,0,0,0,0,0,0,0,0,0,0,0,0,0,0,0,0,0,0,0,0,0,0,1,0,0,0,0,0,0,0,0,0,0,0,0,0,0,0,0,0,0,0,0,0,0,0,0,0,0,0,0,0,0,0,0,0,0,0,0,0,0,0,0,0,0,0,0,0,0,0,0,0,0,0,0,0,0,0,0,0,0,0,0,0,0,0,0,0,0,0,0,0,0,0,0,0,0,0,0,0,0,0,1,0,0,2,0,0,0,0,1,0,0,0,0,2,1,3,1,1,1,3,2,0,0,2,3,2,2,2,3,3,1,0,1,1,6,3,1,1,2,4,2,1,2,5,2,2,1,4,4,3,6,2,5,5,2,3,4,4,4,5,5,7,2,3,4,0,3,6,2,1,4,5,4}
Count:   0.0   0.0   0.0   0.0   0.0   0.0   0.0   0.0   0.5   0.7   0.7   0.7   0.7   0.4   0.5   0.4   0.3   0.2   0.2   0.2   0.2   0.1   0.1   0.0   0.0   0.0   0.0   0.0   0.0   0.0   0.0   0.0   0.7   0.8   0.7   0.5   0.6   0.5   0.4   0.3   0.3   0.2   0.1   0.1   0.1   0.1   0.0   0.0   0.0   0.0   0.0   0.0   0.0   0.0   0.0   0.0   0.0   0.0   0.0   0.0   0.3   1.0   1.0   0.7   0.8   0.7   0.6   0.6   0.6   0.5   0.3   0.3   0.2   0.2   0.2   0.0   0.0   0.0   0.0   0.0   0.0   0.0   0.0   0.0   0.5   0.8   0.7   0.7   0.7   0.6   0.4   0.5   0.5   0.3   0.2   0.2   0.1   0.1   0.0   0.0   0.0   0.0   0.0   0.0   0.0   0.0   0.0   0.0   0.7   0.9   0.6   0.6   0.6   0.5   0.4   0.3   0.3   0.2   0.1   0.1   0.1   0.1   0.0   0.0   0.0   0.0   0.0   0.0   0.0   0.0   0.0   0.0   0.0   0.0   0.0   0.0   0.2   0.9   0.7   0.7   0.5   0.5   0.4   0.5   0.4   0.5   0.3   0.3   0.2   0.1   0.1   0.0   0.0   0.0   0.0   0.0   0.0   0.0   0.0   0.0   0.5   0.7   0.8   0.8   0.6   0.6   0.4   0.4   0.4   0.2   0.2   0.1   0.1   0.0   0.1   0.0   0.0   0.0   0.0   0.0   0.0   0.0   0.0   0.0   0.0   0.0   0.0   0.0   0.0   0.7   0.9   0.9   0.8   0.6   0.6   0.6   0.7   0.6   0.4   0.4 
B: * * * * * 21.0 26.0 46.8 34.1 35.3 33.0 35.1 33.9 31.2 33.6 30.8 29.5 29.0 29.6 27.5 27.1 29.4 32.5 * * * * * 21.0 * 25.5 * 35.7 35.0 35.1 32.4 31.2 32.2 31.8 31.9 28.7 29.2 27.6 23.1 25.8 27.1 46.3 * 24.0 20.0 28.0 * 22.0 22.2 21.3 33.0 24.0 23.5 34.0 23.0 35.7 34.0 36.4 34.3 32.0 32.3 31.8 33.9 31.4 31.6 28.2 30.6 28.1 27.8 36.4 21.5 25.0 19.0 * * 20.0 * 25.0 * 35.6 32.6 32.7 33.6 32.7 31.9 30.2 31.0 30.8 27.1 27.6 26.1 27.1 30.3 30.7 19.0 29.3 * 26.0 * * 45.0 27.3 * 36.4 34.6 31.8 33.3 31.2 29.8 30.8 31.3 30.6 28.4 27.0 24.7 32.8 24.4 30.4 30.0 * 18.0 29.0 25.0 23.0 * * * 21.0 * 23.0 20.3 34.0 34.6 35.8 32.5 33.4 32.5 33.7 32.2 31.3 30.3 29.5 29.0 28.4 27.6 27.8 * * 28.3 * 20.0 * * * * 36.1 34.6 33.6 35.7 33.0 33.0 30.5 33.5 34.4 32.6 28.5 28.6 29.3 30.3 29.2 * 19.5 24.0 18.0 31.0 24.0 20.0 20.0 * 42.0 * * * 21.0 37.7 36.3 37.5 38.4 36.2 36.1 36.5 33.8 33.2 36.2 31.0 
Direction: * * * * *  n n n n n n n n n n n n n n n n n n* * * * *  n*  n*  n n n n n n n n n n n n n n n*  n n n*  n n n n n n n n n n n n n n n n n n n n n n n n n n* *  n*  n*  n n n n n n n n n n n n n n n n n*  n* *  n n*  n n n n n n n n n n n n n n n n*  n n n n* * *  n*  n n n n n n n n n n n n n n n n n* *  n*  n* * * *  n n n n n n n n n n n n n n n*  n n n n n n n*  n* * *  n n n n n n n n n n n n

55.5: Count:   0.2 (  0.2) A:  19.2 [18-29] B:  35.3 [18-84] Phase: 100% 71 (19.6) Direction:  {43 137}
Phase: {4,1,3,5,2,6,4,5,5,10,2,7,9,6,7,8,10,6,13,10,8,19,12,18,21,17,19,30,20,21,27,42,20,33,45,46,33,49,74,53,63,52,70,108,65,75,87,91,114,118,136,146,114,134,109,158,139,130,147,144,121,171,134,171,146,142,158,170,196,194,201,163,178,143,178,167,181,176,150,159,151,184,175,170,169,140,110,145,100,133,117,91,102,112,101,99,88,92,94,75,72,77,54,56,64,56,34,67,31,37,24,39,38,27,19,15,16,30,19,27,7,17,10,7,5,10,10,3,6,2,6,4,1,1,4,3,1,2,3,3,4,2,2,0,1,0,0,0,0,2,0,2,0,0,0,0,0,0,0,0,0,3,0,1,0,0,0,0,0,0,0,0,0,0,0,0,0,0,0,0,0,0,0,0,0,0,0,0,0,0,0,0,0,0,0,0,0,0,0,0,0,0,0,0,0,0,0,0,0,0,0,0,0,0,0,1,0,0,0,0,0,0,0,0,0,0,0,0,0,0,0,0,0,0,0,0,0,0,0,0,0,0,0,0,0,0,0,0,0,0,0,0,0,0,0,0,0,0,0,0,0,0,0,0,0,0,0,0,0,0,0,0,0,0,0,0,0,0,0,0,0,0,0,0,0,0,0,0,0,0,0,0,0,1,0,0,1,0,0,0,0,3,0,0,0,0,0,1,0,0,0,0,0,1,0,1,0,0,3,0,0,0,1,2,0,0,0,0,2,3,1,1,0,0,1,0,1,0,2,0,5,0,0,0,2,2,0,0,3,2,5,3,0,5,2,7,0,2,3,3}
Count:   0.0   0.0   0.0   0.0   0.0   0.0   0.0   0.0   0.3   0.4   0.4   0.4   0.4   0.3   0.2   0.2   0.2   0.1   0.2   0.1   0.1   0.0   0.0   0.0   0.0   0.0   0.0   0.0   0.0   0.0   0.0   0.0   0.6   0.5   0.4   0.3   0.3   0.2   0.3   0.2   0.2   0.1   0.1   0.0   0.1   0.0   0.0   0.0   0.0   0.0   0.0   0.0   0.0   0.0   0.0   0.0   0.0   0.0   0.0   0.0   0.3   0.7   0.6   0.6   0.6   0.5   0.4   0.5   0.3   0.3   0.2   0.2   0.1   0.1   0.1   0.0   0.0   0.0   0.0   0.0   0.0   0.0   0.0   0.0   0.3   0.6   0.5   0.5   0.5   0.4   0.3   0.2   0.2   0.2   0.1   0.1   0.0   0.1   0.0   0.0   0.0   0.0   0.0   0.0   0.0   0.0   0.0   0.0   0.7   0.5   0.5   0.4   0.3   0.4   0.2   0.2   0.2   0.2   0.1   0.1   0.1   0.0   0.0   0.0   0.0   0.0   0.0   0.0   0.0   0.0   0.0   0.0   0.0   0.0   0.0   0.0   0.1   0.6   0.5   0.5   0.4   0.4   0.3   0.4   0.3   0.3   0.2   0.1   0.2   0.1   0.1   0.0   0.0   0.0   0.0   0.0   0.0   0.0   0.0   0.0   0.3   0.6   0.4   0.4   0.5   0.4   0.3   0.3   0.2   0.1   0.1   0.1   0.0   0.0   0.0   0.0   0.0   0.0   0.0   0.0   0.0   0.0   0.0   0.0   0.0   0.0   0.0   0.0   0.0   0.5   0.6   0.6   0.6   0.5   0.4   0.4   0.4   0.3   0.3   0.2 
B: * * * 25.0 * * 30.0 * 39.0 39.2 36.5 34.8 35.8 35.3 34.0 30.2 28.6 31.5 33.6 25.3 29.2 34.0 38.2 * 18.0 * * * * * 29.0 20.6 37.1 34.2 35.9 32.7 35.6 31.1 32.7 35.0 30.8 33.4 32.9 28.4 32.0 23.0 58.1 * * * 25.0 * * * 18.0 29.0 * 21.0 23.0 * 37.1 35.3 36.9 36.7 33.8 35.1 34.0 34.1 31.6 35.1 31.7 33.9 30.8 27.7 38.1 * * * * * * * 22.0 * 35.3 36.5 34.8 35.4 34.1 32.5 31.2 32.0 32.1 32.6 30.8 28.3 27.4 26.4 30.3 23.2 24.0 * * * * 37.3 * * 44.3 36.3 33.1 35.9 34.9 31.8 32.2 33.2 32.4 29.2 25.4 28.5 24.2 31.3 25.0 * * 54.0 22.0 * * 38.0 * * 18.0 * * * 37.3 35.7 35.7 36.7 35.7 34.5 34.7 35.3 33.7 31.4 31.1 31.9 33.7 28.9 30.3 * 27.0 31.0 * * * * 29.0 23.6 36.6 36.4 37.7 37.6 37.8 35.2 32.4 33.6 40.5 33.7 30.3 28.4 33.0 24.2 43.5 21.0 18.0 * * * * * * 35.0 35.0 * 34.0 25.0 29.2 39.5 38.8 39.7 40.2 40.1 39.7 35.9 37.9 34.7 33.9 33.8 
Direction: * * *  n* *  n*  n n n n n n n n n n n n n n n*  n* * * * *  n n n n n n n n n n n n n n n n n* * *  n* * *  n n*  n n*  n n n n n n n n n n n n n n n* * * * * * *  n*  n n n n n n n n n n n n n n n n n* * * *  n* *  n n n n n n n n n n n n n n n* *  n n* *  n* *  n* * *  n n n n n n n n n n n n n n n*  n n* * * *  n n n n n n n n n n n n n n n n n n n* * * * * *  n n*  n n n n n n n n n n n n n n

55.6: Count:   0.2 (  0.2) A:  19.3 [18-33] B:  34.2 [18-90] Phase: 100% 70 (20.9) Direction:  {42 138}
Phase: {3,1,1,4,1,4,5,3,10,7,16,10,2,11,6,9,15,16,28,12,8,16,28,11,21,25,31,27,52,35,31,50,50,38,60,71,50,83,53,89,79,75,86,111,106,132,135,108,149,134,170,149,165,146,177,168,230,170,210,174,219,281,191,217,213,233,217,246,244,240,232,250,218,239,218,223,198,254,178,225,192,198,183,192,171,164,170,185,127,142,193,151,160,147,120,117,98,105,98,123,106,72,63,88,57,64,73,46,70,39,49,30,21,35,30,29,26,16,29,17,24,19,19,8,11,15,12,10,10,13,8,14,7,4,0,7,0,3,6,2,0,0,4,0,0,2,1,3,1,0,0,0,0,3,2,0,2,0,0,2,0,0,0,0,0,0,0,0,1,0,0,0,0,0,0,0,0,0,0,0,0,0,0,0,0,0,0,0,0,0,0,0,0,0,0,0,0,0,0,0,0,0,0,0,0,0,0,0,0,0,0,0,0,0,0,0,0,0,0,0,0,0,0,0,0,0,0,0,0,0,0,0,0,0,0,0,0,0,0,0,0,0,0,0,0,0,0,0,0,0,0,0,0,0,0,0,0,0,0,0,0,0,0,0,0,0,0,0,0,0,0,0,0,0,0,0,0,0,0,0,0,0,0,0,0,0,0,0,0,1,0,0,0,0,0,0,0,0,0,0,0,0,0,0,0,0,0,1,0,1,0,2,1,0,0,0,2,0,1,4,1,1,1,0,0,0,1,1,0,0,0,0,2,1,4,2,0,0,0,2,5,0,3,3,1,2,1,8,2,6,2,6,2,1,0,4,9,10,2,1}
Count:   0.0   0.0   0.0   0.0   0.0   0.0   0.0   0.0   0.5   0.5   0.5   0.5   0.5   0.4   0.3   0.3   0.3   0.2   0.2   0.1   0.1   0.1   0.1   0.0   0.0   0.0   0.0   0.0   0.0   0.0   0.0   0.0   0.7   0.6   0.5   0.4   0.5   0.3   0.3   0.3   0.3   0.1   0.1   0.0   0.1   0.0   0.0   0.0   0.0   0.0   0.0   0.0   0.0   0.0   0.0   0.0   0.0   0.0   0.0   0.0   0.3   0.7   0.7   0.7   0.8   0.4   0.5   0.5   0.4   0.3   0.4   0.2   0.2   0.2   0.1   0.0   0.0   0.0   0.0   0.0   0.0   0.0   0.0   0.0   0.5   0.7   0.6   0.6   0.7   0.6   0.3   0.3   0.3   0.3   0.2   0.2   0.1   0.1   0.0   0.0   0.0   0.0   0.0   0.0   0.0   0.0   0.0   0.0   0.8   0.7   0.7   0.6   0.5   0.4   0.4   0.3   0.3   0.2   0.1   0.1   0.0   0.1   0.1   0.0   0.0   0.0   0.0   0.0   0.0   0.0   0.0   0.0   0.0   0.0   0.0   0.0   0.2   0.7   0.6   0.7   0.4   0.7   0.4   0.5   0.5   0.4   0.3   0.2   0.2   0.2   0.1   0.0   0.0   0.0   0.0   0.0   0.0   0.0   0.0   0.0   0.6   0.8   0.6   0.6   0.6   0.5   0.4   0.3   0.2   0.1   0.1   0.1   0.1   0.1   0.0   0.0   0.0   0.0   0.0   0.0   0.0   0.0   0.0   0.0   0.0   0.0   0.0   0.0   0.0   0.6   0.6   0.6   0.7   0.7   0.5   0.5   0.5   0.5   0.4   0.4 
B: * * 25.0 29.0 * * * * 33.9 34.2 35.2 35.0 35.7 34.0 33.0 32.3 32.3 30.4 32.8 31.4 27.5 25.9 25.9 25.3 * 30.0 * 32.0 28.0 * * 18.0 35.1 34.1 35.7 35.1 33.7 32.1 32.8 35.2 31.1 27.9 29.6 32.7 28.7 24.3 42.6 25.3 * 22.0 25.0 19.0 26.0 18.0 * 22.0 26.0 * 26.0 22.0 35.8 36.3 37.0 36.8 34.9 34.9 33.4 34.0 32.4 31.3 32.4 32.1 29.2 30.5 29.1 * * * * * * * 25.2 * 34.6 35.2 33.5 35.2 34.2 32.9 31.5 32.4 31.2 29.7 29.6 28.9 29.2 27.4 29.7 * 29.0 24.0 29.0 * * 19.6 21.0 * 44.3 33.2 35.6 32.8 32.9 32.6 32.1 31.6 31.8 28.2 28.3 24.6 21.8 25.5 24.5 * 31.0 * * 22.0 18.0 29.0 * * 18.0 26.3 * * 34.4 35.9 34.2 35.9 33.1 33.1 32.5 34.3 32.4 32.9 30.3 29.4 31.4 29.7 27.6 35.0 25.5 * * * * * 25.0 * 39.0 36.4 36.1 36.6 35.5 35.1 32.9 33.8 37.5 29.2 30.7 29.6 31.3 29.5 38.9 26.0 20.0 * * 21.0 21.0 * * 25.0 23.0 * 31.5 * 41.0 36.6 37.3 37.2 38.0 37.1 35.0 34.3 37.4 35.5 34.8 32.9 
Direction: * *  n n* * * *  n n n n n n n n n n n n n n n n*  n*  n n* *  n n n n n n n n n n n n n n n n n*  n n n n n*  n n*  n n n n n n n n n n n n n n n n n* * * * * * *  n*  n n n n n n n n n n n n n n n*  n n n* *  n n*  n n n n n n n n n n n n n n n*  n* *  n n n* *  n n* *  n n n n n n n n n n n n n n n n n* * * * *  n*  n n n n n n n n n n n n n n n n n* *  n n* *  n n*  n*  n n n n n n n n n n n n

55.7: Count:   0.2 (  0.2) A:  19.5 [18-32] B:  31.5 [18-88] Phase: 100% 69 (25.4) Direction:  {42 138}
Phase: {11,8,9,11,10,11,18,21,26,18,18,21,29,10,9,29,25,29,43,19,22,29,30,29,45,44,44,49,72,63,64,71,65,55,88,77,74,90,100,91,103,110,140,137,120,124,140,153,135,131,145,173,139,129,178,163,151,217,163,188,194,194,209,199,183,230,199,216,171,158,176,186,197,156,179,203,195,224,153,178,167,166,161,140,212,165,143,166,123,146,181,117,106,126,122,95,108,89,95,110,95,100,69,83,59,51,71,48,82,74,33,48,66,47,46,43,39,61,37,33,37,24,36,24,29,18,35,36,23,21,11,27,10,13,14,7,15,12,7,7,13,12,8,4,13,4,7,2,2,4,1,3,6,1,1,1,4,6,0,0,0,0,2,2,3,0,0,0,1,0,0,1,0,0,0,0,0,0,0,0,0,0,0,0,0,0,0,0,0,0,0,0,1,2,1,0,1,0,0,0,0,0,0,0,0,0,0,0,1,0,0,0,0,1,0,0,1,0,0,0,0,0,0,0,0,0,0,0,0,0,0,0,0,0,0,0,0,0,0,2,0,0,0,0,0,0,0,0,0,0,0,0,0,0,0,0,0,0,0,1,0,0,0,2,0,0,0,0,0,0,0,0,1,0,0,0,3,0,0,0,0,0,0,0,0,0,3,0,3,2,1,0,0,1,1,0,0,2,1,1,0,5,2,2,2,1,0,3,4,0,3,1,0,2,0,2,1,5,5,7,0,2,2,6,3,0,1,7,4,8,2,1,5,5,3,2,2,5,3,3,4,2,5,8,5,1,2,4,2,4,2,4,9,12,13,6,8,5,10,3}
Count:   0.0   0.0   0.0   0.0   0.0   0.0   0.0   0.0   0.4   0.6   0.6   0.7   0.6   0.5   0.4   0.3   0.4   0.3   0.1   0.2   0.1   0.1   0.1   0.0   0.0   0.0   0.0   0.0   0.0   0.0   0.0   0.0   0.7   0.6   0.5   0.5   0.5   0.3   0.3   0.3   0.3   0.2   0.2   0.0   0.1   0.1   0.0   0.0   0.0   0.0   0.0   0.0   0.0   0.0   0.0   0.0   0.0   0.0   0.0   0.0   0.3   0.7   0.6   0.7   0.7   0.5   0.5   0.6   0.4   0.4   0.4   0.2   0.2   0.2   0.1   0.0   0.0   0.0   0.0   0.0   0.0   0.0   0.0   0.0   0.5   0.6   0.7   0.5   0.7   0.7   0.3   0.4   0.3   0.3   0.3   0.2   0.1   0.1   0.1   0.0   0.0   0.0   0.0   0.0   0.0   0.0   0.0   0.0   0.8   0.6   0.6   0.6   0.5   0.4   0.3   0.3   0.3   0.3   0.1   0.1   0.1   0.1   0.0   0.0   0.0   0.0   0.0   0.0   0.0   0.0   0.0   0.0   0.0   0.0   0.0   0.0   0.3   0.7   0.6   0.6   0.5   0.6   0.4   0.4   0.4   0.4   0.3   0.3   0.2   0.2   0.1   0.0   0.0   0.0   0.0   0.0   0.0   0.0   0.0   0.0   0.6   0.7   0.5   0.7   0.6   0.5   0.4   0.5   0.2   0.2   0.2   0.1   0.1   0.0   0.0   0.0   0.0   0.0   0.0   0.0   0.0   0.0   0.0   0.0   0.0   0.0   0.0   0.0   0.0   0.6   0.6   0.6   0.6   0.6   0.5   0.5   0.4   0.5   0.4   0.2 
B: * * 22.0 25.0 * 18.0 * 28.0 30.8 32.0 32.5 32.1 32.7 31.0 29.9 29.5 29.9 28.6 28.2 26.0 23.5 24.6 25.6 20.0 26.0 * 24.0 22.0 * 32.0 * * 33.0 32.3 32.9 31.7 32.4 32.1 31.1 31.1 29.0 25.6 25.8 25.8 22.1 23.5 28.0 18.0 22.0 * 25.0 23.0 * 19.0 * * 21.6 28.7 20.0 18.0 33.2 33.0 33.2 32.4 33.0 32.8 32.3 30.2 30.3 30.3 29.3 30.3 27.2 26.0 26.8 22.8 * 26.0 21.0 37.0 21.5 24.0 20.5 26.0 32.5 31.8 29.9 33.2 32.2 31.2 29.2 29.6 28.5 28.2 25.8 30.0 24.8 27.3 26.5 29.0 23.0 23.4 19.0 19.7 31.0 20.5 * 36.0 41.7 32.4 33.3 31.7 30.7 30.4 28.0 27.8 27.6 25.1 23.7 25.3 24.6 24.5 30.3 22.0 18.0 19.0 * 25.0 25.0 * 28.6 19.0 * 20.0 * 27.0 36.0 33.4 33.9 33.8 30.7 31.2 29.1 31.3 29.4 29.6 28.5 26.9 26.2 24.7 22.1 18.5 30.3 * 21.6 19.0 40.0 * * * 34.3 33.6 33.2 31.1 33.2 34.0 31.3 31.3 32.6 28.0 27.9 29.3 25.5 27.1 37.0 31.0 31.5 * * 25.0 25.0 18.0 * 23.0 * 29.0 * * 30.6 34.9 33.8 35.8 35.2 33.7 32.8 32.3 34.0 33.9 31.8 30.4 
Direction: * *  n n*  n*  n n n n n n n n n n n n n n n n n n*  n n*  n* *  n n n n n n n n n n n n n n n n n*  n n*  n* *  n n n n n n n n n n n n n n n n n n n n*  n n n n n n n n n n n n n n n n n n n n n n n n n n n n n*  n n n n n n n n n n n n n n n n n n n*  n n*  n n*  n*  n n n n n n n n n n n n n n n n n n*  n n n* * *  n n n n n n n n n n n n n n n n n* *  n n n*  n*  n* *  n n n n n n n n n n n n

55.8: Count:   0.2 (  0.2) A:  19.6 [18-30] B:  28.6 [18-85] Phase: 100% 64 (33.2) Direction:  {38 142}
Phase: {28,15,35,21,24,20,32,39,23,34,40,42,35,24,48,34,36,52,45,60,39,56,51,63,54,53,58,72,67,58,54,47,77,51,74,84,48,69,78,78,76,80,117,103,109,94,90,97,96,131,77,135,99,100,98,117,136,108,116,110,119,117,98,108,120,138,117,105,118,113,106,113,119,100,138,98,99,133,97,88,94,101,63,85,83,99,77,90,65,64,83,56,83,87,61,56,89,56,72,66,52,61,50,54,47,60,58,45,63,31,58,52,26,51,30,34,30,30,52,30,33,32,18,26,27,21,27,40,25,33,21,28,23,40,25,16,20,17,16,15,15,17,16,11,13,19,13,16,6,11,7,14,13,18,12,0,13,4,7,5,6,6,2,2,2,7,3,4,3,2,1,5,10,3,0,0,1,7,1,1,5,0,0,0,3,4,2,0,3,1,0,2,0,0,0,0,0,3,0,0,0,1,0,0,0,0,0,0,0,0,0,3,0,0,0,2,0,2,0,0,0,2,1,0,0,2,0,0,0,0,1,0,0,0,0,2,0,2,1,0,0,2,0,0,1,0,0,0,2,0,1,0,1,2,1,0,1,0,0,3,2,4,3,0,4,2,0,3,3,1,4,4,4,11,0,6,2,4,5,4,3,6,7,11,8,6,12,4,5,9,13,8,6,4,15,4,10,14,0,5,3,4,14,6,15,5,2,8,8,5,6,12,5,5,8,18,2,4,8,11,5,7,12,8,10,10,10,4,13,13,10,10,5,8,16,10,7,14,16,10,17,14,13,14,8,12,12,12,13,5,12,13,18,13,14,14,10,12,28,30}
Count:   0.0   0.0   0.0   0.0   0.0   0.0   0.0   0.0   0.4   0.5   0.4   0.5   0.4   0.3   0.3   0.2   0.2   0.1   0.1   0.2   0.1   0.1   0.0   0.0   0.0   0.0   0.0   0.0   0.0   0.0   0.0   0.0   0.5   0.5   0.4   0.5   0.4   0.3   0.2   0.2   0.2   0.1   0.2   0.1   0.0   0.0   0.0   0.0   0.0   0.0   0.0   0.0   0.0   0.0   0.0   0.0   0.0   0.0   0.0   0.0   0.3   0.5   0.6   0.6   0.4   0.3   0.5   0.3   0.3   0.3   0.3   0.2   0.2   0.1   0.1   0.0   0.0   0.0   0.0   0.0   0.0   0.0   0.0   0.0   0.4   0.5   0.5   0.4   0.5   0.4   0.3   0.3   0.3   0.2   0.1   0.1   0.0   0.1   0.0   0.0   0.0   0.0   0.0   0.0   0.0   0.0   0.0   0.0   0.7   0.5   0.5   0.5   0.4   0.3   0.1   0.3   0.2   0.1   0.1   0.1   0.0   0.0   0.0   0.0   0.0   0.0   0.0   0.0   0.0   0.0   0.0   0.0   0.0   0.0   0.0   0.0   0.1   0.6   0.4   0.5   0.5   0.4   0.3   0.3   0.4   0.4   0.2   0.2   0.2   0.1   0.1   0.0   0.0   0.0   0.0   0.0   0.0   0.0   0.0   0.0   0.3   0.6   0.4   0.5   0.5   0.5   0.2   0.4   0.3   0.2   0.2   0.1   0.1   0.0   0.1   0.0   0.0   0.0   0.0   0.0   0.0   0.0   0.0   0.0   0.0   0.0   0.0   0.0   0.0   0.6   0.5   0.5   0.6   0.5   0.5   0.4   0.4   0.3   0.3   0.3 
B: 21.8 19.0 21.2 20.8 24.4 21.0 23.6 28.0 28.4 30.8 29.2 28.8 28.2 27.8 27.3 26.6 27.0 23.5 26.0 23.5 23.3 24.0 22.5 * 22.7 23.4 24.3 30.0 20.0 28.0 23.4 31.0 30.4 28.5 29.6 29.1 29.8 28.2 25.8 27.7 23.6 22.7 25.9 24.5 23.8 29.0 31.7 * 25.2 18.0 21.6 25.0 * 29.0 24.0 22.5 24.6 23.0 24.1 26.8 32.5 27.4 30.1 27.6 28.1 26.3 26.3 27.9 27.3 27.0 27.1 26.3 24.8 24.0 22.9 22.3 27.0 22.5 25.2 20.0 23.0 22.0 * 19.5 29.4 29.9 29.6 28.7 27.0 27.0 27.7 28.3 26.7 24.7 25.9 25.8 24.2 25.6 24.5 25.3 20.0 20.2 22.3 22.0 30.3 26.0 19.3 24.0 39.4 29.3 29.5 28.1 28.0 28.3 28.5 27.6 23.8 26.8 26.7 27.6 24.5 20.8 34.8 23.8 20.5 * 46.0 20.5 34.0 21.2 25.8 23.0 22.0 20.6 19.7 21.6 30.6 29.6 28.9 28.3 29.0 26.9 27.2 29.0 28.2 28.9 28.0 24.8 24.8 24.7 26.2 28.0 22.0 24.2 26.5 22.4 27.0 24.6 * 21.0 28.6 30.6 29.3 28.4 29.0 29.2 27.1 30.2 30.2 28.0 28.1 25.6 27.7 21.7 37.3 * 19.0 23.2 30.5 23.0 27.8 * 21.0 18.0 19.4 23.0 22.0 31.0 33.5 33.2 28.6 29.4 32.1 31.3 30.8 31.0 27.5 27.4 28.4 30.2 
Direction:  n n n n n n n n n n n n n n n n n n n n n n n*  n n n n n n n n n n n n n n n n n n n n n n n*  n n n n*  n n n n n n n n n n n n n n n n n n n n n n n n n n n n n*  n n n n n n n n n n n n n n n n n n n n n n n n n n n n n n n n n n n n n n n n n n*  n n n n n n n n n n n n n n n n n n n n n n n n n n n n n n n n*  n n n n n n n n n n n n n n n n*  n n n n n*  n n n n n n n n n n n n n n n n n n

55.9: Count:   0.2 (  0.2) A:  19.6 [18-29] B:  26.5 [18-88] Phase: 100% 42 (42.4) Direction:  {24 156}
Phase: {40,41,61,48,54,45,59,57,66,57,61,72,79,50,66,55,82,62,75,89,87,80,71,60,84,77,66,109,77,71,82,72,91,63,76,70,94,47,71,81,61,62,56,80,55,62,58,71,46,66,49,57,73,40,47,57,50,48,59,58,47,76,53,60,50,57,36,35,43,53,70,51,42,61,36,50,43,46,40,40,47,49,53,56,41,25,48,32,31,28,37,33,40,49,42,37,37,35,28,24,32,30,39,36,29,37,19,32,40,30,31,30,31,19,42,24,27,45,25,37,43,26,42,19,32,30,36,24,32,36,27,37,18,29,33,28,28,32,33,22,11,22,21,32,29,24,19,16,30,23,20,29,20,25,15,14,15,14,17,11,15,9,19,14,7,16,12,12,7,4,6,6,5,1,3,6,2,4,10,3,4,0,2,1,1,1,0,0,0,0,0,1,0,1,5,0,0,1,1,0,2,0,1,0,3,0,0,2,1,2,1,0,3,0,0,1,2,2,2,0,0,0,3,1,0,1,0,0,0,0,4,0,0,1,1,0,0,0,0,0,0,1,0,1,0,1,0,1,1,0,3,5,1,2,4,4,5,4,11,2,3,9,4,4,6,4,8,5,5,7,7,1,3,8,4,3,2,8,11,16,3,5,7,7,11,14,15,9,9,7,8,11,12,15,11,21,6,18,19,17,14,12,15,17,9,28,16,10,14,4,9,11,7,9,18,18,4,13,22,21,3,14,15,13,17,10,22,8,15,13,24,18,21,15,13,11,7,18,19,18,26,14,19,20,33,16,23,34,27,16,30,20,24,30,33,39,36,30,37,38}
Count:   0.0   0.0   0.0   0.0   0.0   0.0   0.0   0.0   0.3   0.5   0.3   0.5   0.3   0.3   0.3   0.2   0.2   0.1   0.1   0.1   0.1   0.1   0.0   0.0   0.0   0.0   0.0   0.0   0.0   0.0   0.0   0.0   0.5   0.4   0.5   0.4   0.3   0.2   0.2   0.2   0.2   0.1   0.1   0.1   0.1   0.0   0.0   0.0   0.0   0.0   0.0   0.0   0.0   0.0   0.0   0.0   0.0   0.0   0.0   0.0   0.4   0.3   0.4   0.4   0.4   0.3   0.3   0.4   0.3   0.2   0.2   0.2   0.2   0.1   0.1   0.0   0.0   0.0   0.0   0.0   0.0   0.0   0.0   0.0   0.3   0.4   0.4   0.3   0.4   0.4   0.3   0.1   0.2   0.1   0.1   0.1   0.0   0.1   0.0   0.0   0.0   0.0   0.0   0.0   0.0   0.0   0.0   0.0   0.6   0.4   0.4   0.4   0.3   0.3   0.2   0.2   0.2   0.2   0.1   0.1   0.0   0.1   0.0   0.0   0.0   0.0   0.0   0.0   0.0   0.0   0.0   0.0   0.0   0.0   0.0   0.0   0.1   0.4   0.4   0.4   0.3   0.3   0.3   0.2   0.3   0.2   0.1   0.2   0.1   0.1   0.1   0.0   0.0   0.0   0.0   0.0   0.0   0.0   0.0   0.0   0.3   0.5   0.4   0.4   0.4   0.3   0.2   0.3   0.2   0.2   0.1   0.1   0.1   0.0   0.0   0.0   0.0   0.0   0.0   0.0   0.0   0.0   0.0   0.0   0.0   0.0   0.0   0.0   0.0   0.5   0.4   0.4   0.5   0.6   0.5   0.4   0.3   0.3   0.4   0.3 
B: 25.0 19.5 23.4 24.0 20.0 20.0 * 25.3 26.1 26.3 27.9 26.1 26.5 26.8 26.5 24.8 24.9 26.2 23.6 25.1 23.9 23.0 22.7 23.4 31.6 25.0 20.0 26.2 20.8 21.0 30.0 19.0 27.8 28.1 26.6 24.9 26.3 26.2 24.5 24.8 23.3 24.3 28.1 23.8 22.1 23.1 27.3 28.2 22.3 22.0 20.0 31.0 26.3 18.0 23.8 22.0 19.0 18.7 29.1 23.3 29.8 25.3 27.4 25.4 28.5 25.1 25.1 26.3 24.9 24.2 25.7 24.5 25.3 25.2 35.6 27.6 24.5 23.0 21.7 21.0 23.6 24.0 22.7 23.3 28.0 26.6 26.3 27.1 24.8 27.1 26.4 26.4 25.4 24.0 23.5 27.5 25.2 26.5 24.4 26.4 22.4 23.5 22.5 24.0 29.6 23.4 23.7 19.4 35.1 25.9 26.8 26.4 24.7 26.2 25.1 24.4 23.7 24.5 24.2 21.5 24.2 22.8 27.0 23.3 33.5 28.0 30.5 22.0 24.3 22.6 21.3 27.0 38.6 22.6 24.0 22.0 27.9 27.1 27.2 26.3 27.0 25.3 24.8 24.4 24.4 25.5 26.0 23.0 25.5 25.8 23.1 25.9 24.7 25.3 21.4 23.8 31.2 22.5 28.0 30.0 31.3 27.1 27.6 26.6 26.2 24.6 26.4 26.3 28.0 24.8 27.5 23.1 26.6 24.8 33.3 29.5 27.3 20.5 36.7 24.0 23.7 20.8 19.5 25.7 33.0 26.1 28.6 28.4 27.2 27.8 26.7 26.8 28.0 27.8 28.1 26.8 26.9 26.0 26.1 25.6 
Direction:  n n n n n n*  n n n n n n n n n n n n n n n n n n n n n n n n n n n n n n n n n n n n n n n n n n n n n n n n n n n n n n n n n n n n n n n n n n n n n n n n n n n n n n n n n n n n n n n n n n n n n n n n n n n n n n n n n n n n n n n n n n n n n n n n n n n n n n n n n n n n n n n n n n n n n n n n n n n n n n n n n n n n n n n n n n n n n n n n n n n n n n n n n n n n n n n n n n n n n n n n n

56.0: Count:   0.1 (  0.1) A:  19.4 [18-29] B:  25.7 [18-77] Phase: 100% 42 (35.8) Direction:  {24 156}
Phase: {42,24,38,33,52,26,40,42,32,43,45,39,54,60,34,46,74,67,65,67,54,54,46,49,43,55,56,54,57,64,71,59,83,38,70,58,64,50,72,43,49,74,40,65,65,47,41,54,57,45,46,50,52,61,47,52,39,33,31,39,46,49,44,53,40,46,51,50,47,48,55,37,44,47,41,59,25,23,60,24,26,26,40,21,37,33,26,41,21,20,31,18,26,41,21,21,29,19,27,24,21,18,20,26,25,22,24,20,27,28,13,34,17,18,27,17,19,37,20,9,12,27,14,16,11,36,10,16,13,17,15,15,14,19,8,9,15,15,11,13,12,18,8,30,18,11,5,12,8,11,10,3,3,12,3,3,5,7,9,7,1,5,7,1,0,1,6,1,2,3,1,3,2,0,1,0,4,1,1,0,4,0,0,0,1,0,0,0,1,0,0,0,0,0,0,2,0,0,0,1,0,0,1,0,0,1,0,0,0,0,0,0,2,0,0,0,0,2,2,0,0,0,0,0,0,0,0,0,0,0,0,0,0,0,0,1,0,0,0,1,0,3,3,2,0,0,3,1,0,1,0,0,0,0,0,0,1,0,0,0,0,2,0,4,0,0,0,3,4,1,0,1,5,4,0,1,4,0,4,3,3,2,2,5,0,4,1,4,1,3,0,2,2,6,8,11,9,7,9,4,4,7,8,7,5,5,15,13,3,6,8,11,3,14,10,8,7,7,15,15,10,16,8,10,9,16,13,12,11,10,15,17,16,16,12,6,18,14,12,22,3,15,9,22,7,23,11,14,11,15,13,14,23,15,19,18,30,17,22,14}
Count:   0.0   0.0   0.0   0.0   0.0   0.0   0.0   0.0   0.3   0.4   0.3   0.3   0.2   0.2   0.2   0.2   0.1   0.2   0.1   0.1   0.0   0.0   0.0   0.0   0.0   0.0   0.0   0.0   0.0   0.0   0.0   0.0   0.4   0.2   0.3   0.2   0.3   0.2   0.1   0.2   0.1   0.1   0.1   0.0   0.0   0.0   0.0   0.0   0.0   0.0   0.0   0.0   0.0   0.0   0.0   0.0   0.0   0.0   0.0   0.0   0.2   0.3   0.4   0.3   0.3   0.2   0.2   0.2   0.2   0.1   0.1   0.1   0.1   0.1   0.1   0.0   0.0   0.0   0.0   0.0   0.0   0.0   0.0   0.0   0.2   0.3   0.3   0.2   0.2   0.2   0.2   0.1   0.1   0.1   0.1   0.1   0.1   0.0   0.0   0.0   0.0   0.0   0.0   0.0   0.0   0.0   0.0   0.0   0.4   0.3   0.3   0.2   0.2   0.1   0.2   0.1   0.1   0.1   0.1   0.0   0.0   0.0   0.0   0.0   0.0   0.0   0.0   0.0   0.0   0.0   0.0   0.0   0.0   0.0   0.0   0.0   0.1   0.3   0.3   0.3   0.2   0.2   0.2   0.2   0.2   0.2   0.1   0.1   0.1   0.1   0.0   0.0   0.0   0.0   0.0   0.0   0.0   0.0   0.0   0.0   0.2   0.5   0.3   0.4   0.3   0.2   0.2   0.2   0.2   0.1   0.1   0.1   0.0   0.0   0.0   0.0   0.0   0.0   0.0   0.0   0.0   0.0   0.0   0.0   0.0   0.0   0.0   0.0   0.0   0.3   0.3   0.3   0.4   0.4   0.4   0.3   0.2   0.1   0.2   0.4 
B: 21.0 25.0 22.0 22.0 22.8 24.5 20.0 25.0 28.6 26.4 26.2 24.2 23.5 25.1 23.6 24.8 23.3 25.7 25.0 24.7 25.0 23.0 25.0 * 23.3 22.0 32.6 35.0 * 34.0 21.0 * 27.1 25.9 24.6 24.0 24.2 25.7 26.5 24.0 24.3 23.1 22.7 22.6 30.6 23.8 27.5 27.6 23.0 22.3 31.0 26.5 19.0 * 30.0 30.0 26.0 25.5 21.7 22.5 27.1 24.9 25.9 24.6 26.6 24.9 25.1 26.8 25.0 24.7 27.2 25.1 26.2 23.2 32.3 28.0 24.4 29.4 19.0 18.0 26.5 23.4 * 20.2 25.1 24.1 27.3 25.0 25.0 25.9 25.7 27.2 22.9 26.4 26.3 20.8 22.1 27.5 24.7 28.2 * * 30.0 25.3 * 23.0 30.0 31.7 36.3 24.5 25.6 24.8 24.1 26.2 27.3 24.9 24.5 24.2 23.7 21.1 23.4 21.7 23.5 22.0 20.0 26.2 * 35.0 20.5 * 21.0 28.0 19.0 27.4 27.0 27.2 25.1 24.2 26.8 24.8 24.6 23.8 26.3 25.5 25.1 24.5 24.5 26.9 23.9 24.0 25.7 22.0 25.6 25.1 24.0 24.2 27.8 * 22.5 * 27.9 27.4 27.0 25.3 27.3 23.4 24.6 24.7 26.8 24.7 25.6 24.7 25.6 31.0 27.5 18.6 26.1 24.0 22.2 * 25.8 * * 27.0 * 27.0 25.0 19.0 26.1 25.1 25.7 25.9 25.2 25.8 26.8 26.9 29.1 24.5 27.0 24.7 
Direction:  n n n n n n n n n n n n n n n n n n n n n n n*  n n n n*  n n*  n n n n n n n n n n n n n n n n n n n n n*  n n n n n n n n n n n n n n n n n n n n n n n n n n n n*  n n n n n n n n n n n n n n n n n* *  n n*  n n n n n n n n n n n n n n n n n n n n n*  n n*  n n n n n n n n n n n n n n n n n n n n n n n n n n n*  n*  n n n n n n n n n n n n n n n n n n n*  n* *  n*  n n n n n n n n n n n n n n n

