54.0: Count:   3.2 (  2.6) A:  20.1 [16-55] B:  38.0 [16-121] Phase: 95% 141 (19.4) Direction:  {46 134}  12% 189 (13.5) Direction:  {298 242 76 104}
Phase: {11,3,3,7,12,3,4,2,5,3,4,4,7,3,3,9,4,8,5,3,4,10,7,15,10,8,9,13,11,11,12,22,13,12,12,13,22,31,31,22,38,35,22,44,41,36,31,32,28,48,52,46,60,51,62,66,84,74,80,83,81,87,90,107,95,98,113,126,125,140,145,135,159,158,171,195,181,184,208,206,193,223,237,251,253,271,300,304,306,294,395,344,388,370,400,423,530,469,506,530,563,585,638,712,686,782,819,858,981,926,1004,1074,1165,1238,1272,1299,1233,1482,1486,1444,1599,1674,1742,1847,1884,2005,2236,2173,2381,2378,2483,2621,2589,2978,2776,3059,2958,3181,3052,3231,3207,3157,3373,3135,3375,3260,3159,3108,3082,2876,2839,2604,2683,2634,2243,2402,2328,2173,2142,2022,1841,1772,1928,1588,1586,1545,1388,1478,1390,1322,1230,1266,1136,1140,998,992,909,902,830,673,912,648,703,651,569,622,482,527,489,486,462,417,394,398,384,369,312,356,315,278,277,265,241,281,236,270,207,248,215,223,204,188,186,206,177,200,176,167,176,146,144,145,111,154,113,113,127,113,97,106,102,85,83,88,71,73,69,54,54,56,70,64,47,48,36,30,31,36,36,30,23,18,27,18,16,21,19,19,14,18,19,12,5,21,12,7,8,10,17,8,15,10,4,10,6,7,6,13,4,5,8,8,8,11,9,8,12,10,19,20,13,5,21,6,15,15,11,19,14,11,16,19,26,25,28,35,28,27,30,21,33,23,21,40,18,52,14,41,18,35,31,27,35,26,26,28,18,33,16,14,31,21,27,22,12,20,19,10,17,16,9,9,17,9,7,10,5,17,8,10,7,6,4,9,1,7,3,6,4,0}
Count:   2.6   8.3   7.6   7.0   6.6   5.4   4.9   3.9   2.4   2.5   1.4   0.9   0.9   1.0   0.9   0.9   0.9   0.9   0.9   1.0   0.8   1.0   0.9   0.9   4.7   8.5   8.0   7.8   6.9   6.8   6.0   5.2   4.1   3.1   1.0   0.9   0.9   0.8   0.9   0.9   0.9   0.9   1.0   4.1   8.4   7.1   7.5   6.8   6.1   5.0   4.3   3.0   2.7   1.1   0.9   0.9   1.0   0.9   1.0   1.0   1.0   1.0   4.7   7.6   6.9   6.1   5.4   4.9   3.5   2.7   2.3   2.6   1.1   1.0   0.8   1.0   0.9   1.0   0.9   1.0   1.0   1.0   1.0   0.9   1.0   1.0   6.3   8.3   7.0   7.2   6.5   6.2   5.4   4.7   3.5   2.6   0.9   0.9   1.0   1.0   1.0   1.0   0.9   0.8   1.0   6.1   7.8   7.1   6.8   5.8   5.4   4.2   3.3   2.5   2.3   1.0   1.0   0.9   0.9   1.0   0.9   0.9   0.9   0.9   1.0   1.0   1.0   1.0   1.0   7.8   8.0   7.3   6.9   6.7   6.1   5.6   4.2   3.8   2.2   0.9   0.9   0.9   1.0   0.9   0.9   0.9   0.9   1.1   7.1   8.0   7.0   6.9   6.0   4.9   4.5   3.2   2.6   1.8   0.9   1.0   0.9   1.0   1.0   1.0   0.9   0.9   1.0   7.3   7.6   6.6   6.5   5.6   4.8   3.2   2.6   2.3   1.8   0.9   0.9   0.9   0.9   1.0   0.9   0.9   0.9   0.9   0.9   0.9   0.8   0.9   1.6   8.7   7.9   7.6   6.9   6.6   6.4   5.6   4.5   3.7 
B: 41.6 42.9 42.6 41.8 40.5 39.2 36.9 33.7 32.5 32.4 31.0 27.5 27.3 27.4 28.1 27.4 28.0 27.6 27.9 27.4 28.7 28.3 27.3 28.2 44.3 42.5 42.5 42.2 41.1 40.3 38.4 37.5 35.8 33.9 29.8 27.8 27.6 29.0 28.2 28.2 28.3 27.1 28.6 41.1 43.1 41.9 41.9 40.9 39.0 37.4 35.5 33.9 32.0 29.3 27.2 28.3 27.9 27.4 27.7 27.8 28.8 26.9 42.5 42.3 41.2 39.9 38.7 36.6 34.4 32.6 32.6 32.5 29.0 27.1 27.5 28.0 27.0 27.8 27.0 28.2 27.2 26.9 26.7 26.3 27.0 27.4 44.1 42.7 42.0 41.1 40.2 39.6 38.7 35.7 33.9 33.2 27.4 28.7 28.0 26.3 27.9 27.6 28.1 27.8 26.5 43.1 42.8 41.6 40.0 39.1 37.4 35.4 33.2 32.3 32.5 27.4 27.8 27.7 27.4 27.9 28.0 26.9 27.9 27.4 27.1 26.6 27.4 26.8 27.2 44.8 42.5 42.0 41.0 41.0 39.5 38.8 36.1 35.0 33.8 26.8 27.2 27.2 27.5 26.8 27.6 27.8 27.6 27.1 42.4 43.0 41.5 40.3 39.4 37.9 35.6 33.6 32.4 32.2 26.8 27.1 26.8 27.0 26.9 28.1 27.0 27.0 28.2 43.0 42.3 40.9 40.3 38.2 36.1 33.9 33.4 32.2 31.6 27.3 27.7 28.2 28.8 26.9 27.1 27.3 28.0 27.5 27.6 27.8 28.4 26.9 35.8 44.4 43.3 42.3 42.0 40.7 39.6 37.6 35.8 33.6 
Direction:  n {47 133} {46 134} {47 133} {45 135} {46 134} {47 133} n n n n n n n n n n n n n n n n n {45 135} {47 133} {42 138} {48 132} {47 133} {45 135} {46 134} {47 133} n n n n n n n n n n n {48 132} {47 133} {49 131} {47 133} {45 135} {47 133} {48 132} n n n n n n n n n n n n {48 132} {48 132} {48 132} {48 132} {46 134} {43 137} n n n n n n n n n n n n n n n n n n {47 133} {45 135} {46 134} {46 134} {48 132} {46 134} {44 136} {50 130} n n n n n n n n n n n {46 134} {48 132} {43 137} {48 132} {47 133} {47 133} n n n n n n n n n n n n n n n n n n {48 132} {44 136} {46 134} {46 134} {49 131} {44 136} {46 134} {49 131} n n n n n n n n n n n {48 132} {46 134} {49 131} {49 131} {48 132} {46 134} {43 137} n n n n n n n n n n n n {48 132} {46 134} {49 131} {49 131} {48 132} {47 133} n n n n n n n n n n n n n n n n n n {48 132} {46 134} {45 135} {48 132} {47 133} {46 134} {47 133} {45 135} n

54.1: Count:   3.4 (  2.6) A:  20.3 [16-58] B:  36.2 [16-127] Phase: 100% 141 (27.8) Direction:  {46 134}
Phase: {20,5,9,7,2,10,7,3,2,7,8,5,12,7,6,6,2,14,12,9,8,7,10,7,13,12,13,14,18,17,22,12,17,16,17,24,20,14,22,26,40,34,29,39,40,43,30,63,28,46,58,69,74,70,73,65,72,86,102,101,118,111,118,148,133,155,129,146,171,178,171,186,216,236,233,224,257,272,294,301,323,310,339,383,361,377,406,412,459,458,561,515,551,605,591,553,664,720,695,775,760,774,861,931,935,962,1085,1131,1259,1149,1248,1400,1483,1519,1608,1603,1637,1895,1911,1890,2082,2155,2270,2248,2303,2360,2504,2442,2586,2466,2521,2669,2470,2723,2530,2749,2550,2801,2571,2669,2660,2588,2624,2548,2721,2599,2546,2536,2625,2670,2554,2543,2660,2646,2399,2552,2385,2433,2429,2177,2150,1981,2143,1972,1906,1928,1686,1716,1567,1495,1386,1359,1301,1319,1244,1148,1090,1031,1013,897,1129,756,846,814,760,738,690,657,600,631,577,574,511,531,467,487,402,423,432,343,324,323,361,335,335,344,267,326,267,247,256,207,242,216,186,209,186,178,176,148,146,146,126,137,118,144,103,145,87,84,91,83,99,64,76,71,56,66,37,50,54,47,34,32,27,36,35,33,28,23,26,27,34,22,32,14,13,16,21,19,12,15,12,6,11,18,12,13,13,5,9,6,9,7,5,6,8,9,8,5,3,6,6,5,10,12,6,3,10,4,3,17,9,4,11,5,12,12,10,7,16,10,9,15,6,17,17,14,21,6,33,14,15,20,14,26,15,26,18,16,21,10,21,13,20,21,15,32,21,14,24,23,18,16,21,19,15,15,16,18,10,6,17,10,13,9,10,11,8,7,7,6,6,11,5,11,13,12,9,5}
Count:   3.0   8.2   7.9   7.3   6.7   6.0   5.0   4.1   2.6   2.7   1.5   1.1   1.0   1.2   1.0   1.2   1.1   1.1   1.1   1.1   1.1   1.1   1.2   1.2   4.8   8.7   8.0   8.0   6.9   7.1   6.2   5.5   4.5   3.7   1.1   1.2   1.1   1.1   1.2   1.1   1.2   1.1   1.2   4.5   8.3   7.5   7.9   6.7   6.4   5.0   4.6   3.3   2.8   1.1   1.0   1.1   1.1   1.2   1.2   1.2   1.2   1.1   4.6   7.8   7.1   6.1   5.7   5.2   3.9   3.0   2.4   2.9   1.1   1.2   1.0   1.1   1.2   1.2   1.1   1.3   1.2   1.2   1.2   1.1   1.1   1.1   6.5   8.3   7.2   7.3   6.4   6.5   5.8   4.9   3.9   3.0   1.0   1.1   1.2   1.1   1.2   1.1   1.1   1.1   1.1   6.3   8.1   7.2   6.8   6.2   5.7   4.3   3.6   2.7   2.7   1.2   1.2   1.0   1.1   1.2   1.0   1.1   1.2   1.0   1.2   1.2   1.2   1.2   1.3   8.1   8.2   7.4   7.2   6.9   6.5   5.8   4.8   4.1   2.6   1.2   1.2   1.1   1.1   1.2   1.2   1.0   1.1   1.2   7.6   8.5   7.2   7.2   6.1   5.5   4.8   3.6   2.9   2.0   1.0   1.1   1.0   1.2   1.2   1.2   1.2   1.1   1.1   7.6   7.9   6.6   6.7   5.8   5.1   3.6   3.2   2.6   2.0   1.0   1.1   1.1   1.1   1.0   1.3   1.2   1.1   1.1   1.1   1.1   1.0   1.2   2.0   8.8   8.1   7.6   7.2   6.8   6.6   5.6   4.8   4.0 
B: 40.4 41.5 40.8 40.8 39.5 37.2 36.0 32.8 30.4 30.8 28.5 26.5 26.3 26.4 26.2 26.1 26.6 27.1 26.2 26.1 26.7 26.7 25.9 25.5 43.6 40.6 40.3 40.8 40.1 38.9 36.5 36.2 34.0 32.3 28.4 26.2 26.0 26.8 26.9 26.4 26.6 25.9 27.2 39.3 41.2 40.3 40.3 39.4 37.7 35.9 33.3 31.2 30.3 28.7 25.3 26.8 25.8 25.4 26.5 26.5 26.4 25.7 40.2 40.6 40.2 38.1 37.4 35.5 32.4 30.5 30.6 29.1 28.3 25.5 26.1 27.3 26.3 25.8 26.1 26.1 26.2 26.5 25.8 26.6 26.0 25.5 42.7 41.3 40.7 39.9 38.7 38.5 36.8 34.7 31.4 31.3 26.2 26.6 26.9 26.4 26.1 26.1 26.7 26.5 26.8 42.0 41.3 39.7 39.3 38.4 35.8 34.5 32.1 29.9 30.7 25.8 26.7 26.9 25.7 26.7 26.7 26.5 26.5 26.0 26.1 25.9 26.3 26.3 26.3 42.5 41.2 40.2 39.8 39.4 38.3 37.5 34.1 33.3 32.6 25.8 25.9 26.0 26.4 26.2 26.6 26.9 26.7 26.3 40.8 41.1 40.1 39.3 38.2 35.9 34.1 31.5 29.6 31.2 25.7 25.9 26.1 26.7 26.2 26.4 26.0 26.7 26.3 41.8 41.1 39.3 39.2 37.7 34.6 32.3 31.1 30.1 29.9 26.2 25.6 26.3 27.0 25.6 25.8 25.7 25.5 27.1 26.7 25.2 25.3 26.2 35.2 42.9 41.9 40.6 40.0 39.5 38.7 36.9 34.6 31.8 
Direction:  n {47 133} {45 135} {52 128} {48 132} {41 139} {38 142} n n n n n n n n n n n n n n n n n {42 138} {48 132} {40 140} {47 133} {44 136} {47 133} {46 134} {49 131} n n n n n n n n n n n {43 137} {52 128} {43 137} {52 128} {40 140} {51 129} {44 136} n n n n n n n n n n n n {44 136} {50 130} {49 131} {45 135} {51 129} n n n n n n n n n n n n n n n n n n n {46 134} {45 135} {50 130} {52 128} {52 128} {40 140} {47 133} n n n n n n n n n n n n {44 136} {48 132} {46 134} {44 136} {43 137} {43 137} n n n n n n n n n n n n n n n n n n {42 138} {43 137} {48 132} {44 136} {51 129} {49 131} {44 136} n n n n n n n n n n n n {41 139} {49 131} {46 134} {41 139} {46 134} {50 130} n n n n n n n n n n n n n {45 135} {47 133} {47 133} {43 137} {44 136} n n n n n n n n n n n n n n n n n n n {46 134} {47 133} {42 138} {41 139} {44 136} {49 131} {44 136} n n

54.2: Count:   3.1 (  2.6) A:  20.5 [16-55] B:  36.3 [16-121] Phase: 100% 141 (28.0) Direction:  {46 134}
Phase: {1,0,2,2,2,1,0,0,0,1,1,0,3,1,2,1,4,3,1,2,5,1,0,1,2,2,2,6,3,2,3,3,2,8,2,10,4,5,4,5,12,7,10,6,11,12,5,17,11,21,22,12,17,32,41,39,23,22,46,28,64,46,55,77,50,68,87,86,90,79,114,101,136,162,169,172,165,236,232,222,246,256,244,318,321,332,381,404,454,414,573,471,518,563,622,642,645,732,767,816,840,864,929,984,986,1062,1208,1256,1358,1327,1389,1433,1535,1551,1777,1717,1626,1920,1961,1920,1997,2110,2220,2132,2251,2243,2354,2274,2381,2317,2438,2332,2367,2574,2295,2785,2255,2504,2311,2542,2583,2326,2474,2484,2538,2433,2461,2377,2464,2317,2375,2319,2345,2445,2157,2319,2208,2162,2212,2116,2019,1891,2172,1994,1837,1795,1694,1737,1547,1517,1506,1450,1323,1366,1240,1149,1073,1083,1000,855,1098,782,821,802,752,723,648,590,561,561,485,496,416,460,405,396,341,328,292,248,241,235,214,211,223,163,144,189,169,128,140,97,103,130,83,103,78,79,67,60,67,54,44,42,37,34,40,33,26,26,29,26,21,20,11,7,17,15,13,12,15,9,9,6,6,7,9,6,5,4,2,4,7,5,5,5,1,5,0,4,2,0,1,4,1,1,2,2,1,2,3,1,2,0,0,2,2,4,3,1,0,0,0,0,1,0,0,1,2,0,0,1,2,0,0,0,0,0,0,0,1,2,0,3,0,1,0,0,0,1,0,0,1,1,0,0,0,0,2,1,0,0,0,0,0,0,0,0,0,0,0,0,0,0,0,0,0,0,0,1,0,0,0,0,1,0,0,0,0,4,0,1,1,1,0,0,1,1,0,0}
Count:   2.8   7.8   7.8   6.9   6.8   5.6   5.1   3.5   2.8   2.1   1.2   0.9   1.0   0.9   0.8   0.9   0.9   0.9   0.9   0.9   0.9   0.9   0.9   0.9   4.6   8.3   7.7   7.5   6.5   6.7   5.8   5.2   4.2   3.6   0.9   0.9   0.9   0.9   0.9   1.0   0.9   0.9   1.0   4.6   7.8   7.3   7.5   6.6   6.4   4.8   4.2   2.9   2.9   1.0   0.9   0.7   0.9   0.9   1.0   0.9   0.9   0.9   4.5   7.6   7.1   5.7   5.5   4.6   3.7   2.6   2.2   2.2   0.8   1.0   0.8   0.9   0.9   1.0   0.9   1.1   0.9   0.9   1.0   0.9   1.0   0.9   6.1   8.0   6.9   7.2   5.9   6.3   5.5   4.8   3.5   2.6   0.7   0.8   0.8   0.9   0.9   0.9   1.0   0.9   0.9   6.1   7.9   6.8   6.2   6.0   5.5   4.1   3.4   2.4   2.3   0.9   1.0   0.8   0.9   0.9   1.0   1.0   1.0   0.8   1.0   1.0   1.1   1.0   0.9   8.1   7.8   7.0   7.0   6.6   6.1   5.4   4.4   3.8   2.3   1.0   1.0   1.0   0.8   1.0   1.0   1.0   0.9   1.1   7.5   8.2   7.0   6.8   5.7   5.1   4.4   3.4   2.5   1.6   0.8   0.9   0.8   0.9   1.0   0.8   0.9   0.8   0.9   7.7   7.3   6.5   6.2   5.5   4.7   3.3   2.7   2.3   1.5   0.8   0.9   0.9   1.0   0.7   1.0   0.9   0.9   0.9   0.9   1.0   0.9   0.9   2.0   8.5   7.9   7.3   7.3   6.2   6.2   5.3   4.5   3.8 
B: 41.9 40.7 40.4 39.8 39.1 37.2 35.2 32.7 29.6 30.2 26.6 27.2 26.2 25.6 25.6 26.5 25.8 26.3 25.9 25.7 24.7 25.4 26.1 26.1 43.6 40.1 40.2 40.4 38.8 39.1 36.0 36.6 33.1 31.2 28.8 25.7 25.9 26.3 26.0 25.6 27.0 25.4 26.0 39.6 40.6 41.1 40.2 38.6 37.7 35.9 33.0 29.3 31.0 30.3 25.7 26.6 24.7 25.5 25.5 26.3 26.4 25.1 39.6 40.3 39.9 38.7 37.5 34.9 32.0 30.7 30.9 28.6 28.0 25.1 25.9 26.3 26.5 26.9 26.0 26.3 25.3 25.1 25.4 25.0 26.0 25.4 43.2 41.6 40.2 39.4 37.8 38.9 37.4 34.5 30.9 31.3 25.5 25.3 27.4 25.7 26.8 26.0 27.0 25.4 26.1 41.2 40.4 39.6 39.5 38.4 35.0 33.6 31.3 30.1 29.5 25.0 26.0 26.2 25.2 26.4 25.7 25.3 25.7 25.9 25.3 26.1 26.1 25.0 25.9 42.8 40.4 39.7 40.2 38.8 38.7 36.5 33.3 33.1 31.9 26.1 25.1 25.4 25.8 25.4 26.0 26.2 26.3 26.1 40.8 40.9 40.4 39.0 37.9 36.2 34.4 31.1 29.3 31.5 25.4 24.7 25.7 26.2 26.3 25.8 25.1 25.6 25.6 41.8 40.7 39.7 38.7 37.0 33.5 31.2 30.3 29.9 28.9 24.9 24.9 26.9 26.0 25.5 25.6 25.6 25.1 26.9 25.5 25.5 26.1 26.3 37.8 42.4 41.2 40.4 39.8 38.8 38.0 36.6 33.8 32.4 
Direction:  n {41 139} {45 135} {52 128} {43 137} {48 132} n n n n n n n n n n n n n n n n n n {46 134} {47 133} {45 135} {41 139} {49 131} {53 127} {42 138} {40 140} n n n n n n n n n n n {42 138} {47 133} {45 135} {44 136} {42 138} {46 134} n n n n n n n n n n n n n n {43 137} {47 133} {46 134} {42 138} n n n n n n n n n n n n n n n n n n n {48 132} {47 133} {50 130} {47 133} {41 139} {45 135} {46 134} {49 131} n n n n n n n n n n n {50 130} {52 128} {48 132} {44 136} {46 134} {39 141} n n n n n n n n n n n n n n n n n n {47 133} {44 136} {46 134} {41 139} {49 131} {43 137} {45 135} n n n n n n n n n n n n {44 136} {42 138} {42 138} {42 138} {45 135} n n n n n n n n n n n n n n {47 133} {43 137} {40 140} {48 132} {43 137} n n n n n n n n n n n n n n n n n n n {41 139} {52 128} {46 134} {49 131} {44 136} {44 136} {46 134} n n

54.3: Count:   2.6 (  2.5) A:  20.5 [16-49] B:  38.5 [16-117] Phase: 100% 140 (22.4) Direction:  {46 134}
Phase: {0,0,0,0,0,0,0,0,0,2,0,0,0,0,0,0,2,0,0,0,0,0,0,0,0,0,1,0,0,1,0,0,0,0,0,0,0,1,0,0,1,1,1,4,0,2,2,1,1,2,4,3,5,1,3,5,5,3,9,5,8,2,8,11,11,21,22,22,14,24,22,22,44,31,40,45,52,63,65,67,68,80,65,87,103,112,141,151,140,146,216,138,204,242,212,267,269,318,320,390,399,450,505,596,567,652,682,753,845,805,892,1025,1057,1225,1266,1321,1336,1597,1643,1658,1792,1862,1998,2175,2298,2307,2441,2339,2346,2391,2538,2609,2423,2654,2425,2624,2425,2678,2458,2557,2518,2368,2517,2353,2539,2513,2556,2449,2445,2432,2421,2376,2563,2575,2082,2317,2205,2132,2198,1993,1847,1759,1806,1698,1595,1482,1310,1274,1196,1078,1022,965,813,771,782,639,637,596,526,437,523,392,366,352,320,280,254,254,202,196,177,129,119,139,136,108,111,93,93,69,73,72,41,52,42,40,44,51,29,20,33,25,18,18,19,14,11,11,11,7,7,9,3,14,4,3,2,6,5,3,5,4,3,4,5,6,1,1,2,1,0,0,1,3,1,2,0,0,0,0,0,0,1,1,0,0,1,0,0,0,2,0,0,0,2,0,2,0,0,0,0,0,0,0,0,0,0,0,0,0,0,0,0,0,0,0,0,0,0,0,0,0,0,0,0,0,0,0,0,0,0,0,0,0,0,0,0,0,0,0,0,0,0,0,0,0,0,0,0,0,0,0,0,1,0,0,0,0,0,0,0,0,0,0,0,0,0,0,0,0,0,0,0,0,0,0,0,0,0,1,0,0,0,0,0,0,0,0,0,0}
Count:   2.4   7.0   7.2   6.2   5.7   4.9   4.4   2.4   1.7   1.2   0.6   0.4   0.4   0.6   0.5   0.4   0.5   0.5   0.5   0.5   0.4   0.5   0.4   0.4   4.0   7.7   7.2   6.9   5.9   6.1   5.0   4.8   3.2   2.7   0.5   0.5   0.4   0.5   0.4   0.4   0.4   0.6   0.4   4.4   7.2   7.1   6.7   6.2   5.4   4.1   3.3   2.2   1.6   0.4   0.5   0.4   0.4   0.5   0.6   0.4   0.5   0.4   4.2   6.7   6.8   5.2   5.0   3.8   2.9   1.7   1.3   1.2   0.3   0.5   0.4   0.5   0.5   0.5   0.5   0.5   0.4   0.4   0.4   0.4   0.4   0.4   6.0   7.0   6.4   6.3   5.4   5.5   4.9   4.0   2.6   1.9   0.3   0.4   0.4   0.5   0.5   0.5   0.5   0.5   0.5   5.7   6.9   6.4   6.0   5.1   4.5   3.4   2.6   1.5   1.3   0.5   0.4   0.6   0.5   0.5   0.5   0.5   0.5   0.5   0.5   0.5   0.6   0.5   0.4   7.2   7.3   6.2   6.7   5.7   5.5   4.7   3.5   2.7   1.4   0.4   0.4   0.5   0.4   0.5   0.4   0.5   0.5   0.5   6.9   7.2   6.5   6.4   4.8   4.7   3.5   2.8   1.5   0.9   0.4   0.4   0.4   0.5   0.4   0.4   0.4   0.4   0.4   7.2   6.6   6.0   5.6   4.7   4.0   2.5   1.7   1.3   0.7   0.5   0.5   0.4   0.5   0.5   0.5   0.5   0.5   0.4   0.5   0.4   0.3   0.4   1.6   7.6   7.2   6.6   6.8   5.9   5.6   4.5   3.7   2.9 
B: 44.6 41.9 41.3 40.6 39.8 38.3 36.1 33.9 29.9 31.0 29.4 27.5 29.6 25.7 26.6 27.5 27.6 28.8 26.7 25.0 27.0 28.7 26.4 27.0 45.4 41.6 41.4 41.5 40.3 39.7 37.4 37.3 34.4 32.4 35.0 27.2 27.4 26.0 28.5 27.7 27.9 26.4 27.9 43.0 42.2 42.4 41.0 40.1 39.1 37.4 33.3 31.8 31.5 34.4 26.9 27.1 26.3 27.7 26.2 29.3 28.6 25.9 40.6 41.5 41.8 39.1 37.9 35.3 32.4 31.1 31.1 30.1 32.6 27.1 27.4 26.2 27.5 27.8 26.6 29.4 26.7 27.1 25.9 27.6 25.4 26.8 45.5 42.4 41.3 40.5 39.7 39.3 37.2 34.7 32.6 32.5 28.0 27.3 27.4 27.2 26.4 26.3 29.3 26.2 26.9 42.8 42.2 40.4 40.1 39.6 36.8 35.0 33.2 31.2 31.9 27.0 28.8 26.8 26.3 27.6 26.3 27.3 28.3 26.4 26.5 28.4 27.5 25.6 26.4 45.3 40.7 41.0 42.0 39.1 40.1 37.6 34.9 33.9 33.6 29.4 26.4 27.5 26.3 25.5 28.6 26.2 28.4 27.5 42.2 42.3 41.7 40.4 38.3 37.6 35.8 32.2 30.9 33.1 26.7 23.9 26.8 28.3 27.1 27.7 26.7 27.8 26.6 43.1 42.0 41.5 39.6 36.9 34.8 32.5 31.6 30.1 33.0 26.7 26.7 28.0 28.2 27.3 26.0 27.3 28.5 27.0 28.2 28.1 28.7 26.7 45.3 42.8 42.3 42.4 41.1 40.4 38.9 37.6 34.8 33.7 
Direction:  n {42 138} {42 138} {41 139} {46 134} {44 136} {49 131} n n n n n n n n n n n n n n n n n {44 136} {45 135} {42 138} {44 136} {42 138} {44 136} {40 140} {51 129} n n n n n n n n n n n {49 131} {50 130} {42 138} {42 138} {47 133} {44 136} {45 135} n n n n n n n n n n n n {51 129} {46 134} {42 138} {45 135} {42 138} n n n n n n n n n n n n n n n n n n n {43 137} {43 137} {49 131} {46 134} {51 129} {50 130} {48 132} n n n n n n n n n n n n {42 138} {44 136} {43 137} {43 137} {48 132} {46 134} n n n n n n n n n n n n n n n n n n {45 135} {45 135} {42 138} {44 136} {51 129} {50 130} {45 135} n n n n n n n n n n n n {43 137} {48 132} {41 139} {47 133} {45 135} {41 139} n n n n n n n n n n n n n {45 135} {41 139} {42 138} {46 134} {42 138} n n n n n n n n n n n n n n n n n n n {42 138} {45 135} {48 132} {42 138} {42 138} {44 136} {48 132} n n

54.4: Count:   2.3 (  2.5) A:  20.2 [16-50] B:  39.4 [16-118] Phase: 100% 140 (18.4) Direction:  {46 134}
Phase: {0,0,0,0,0,0,0,0,0,0,0,0,0,0,0,0,0,0,0,0,0,0,0,0,0,0,0,0,0,0,0,0,0,0,0,0,0,0,0,0,0,0,0,0,0,0,0,0,0,0,2,1,0,0,1,2,1,2,0,1,3,0,2,3,0,1,2,2,6,5,9,5,8,4,9,9,9,24,18,10,24,21,17,19,43,39,27,33,41,49,87,60,79,84,56,101,127,134,169,177,178,232,234,285,292,376,374,457,552,527,590,678,746,808,899,1070,1051,1359,1394,1485,1646,1719,1763,1914,2069,2201,2339,2315,2431,2566,2569,2650,2650,2826,2738,2971,2684,2896,2685,2936,2885,2773,2885,2832,2793,2729,2838,2785,2674,2619,2533,2557,2526,2476,2172,2230,2110,2038,1998,1766,1653,1457,1584,1356,1375,1184,1098,1046,842,814,671,647,552,462,465,394,370,375,266,209,260,161,148,134,141,129,93,99,79,50,63,45,46,26,26,43,44,28,24,15,14,7,12,8,19,7,12,6,11,2,15,3,5,5,1,0,1,1,1,3,1,3,2,1,2,1,1,1,0,2,2,1,0,0,0,2,0,1,4,0,0,0,1,0,0,0,0,0,0,0,0,0,0,0,0,0,1,0,0,0,0,0,0,0,0,0,0,0,0,0,0,0,0,0,0,0,0,0,0,0,0,0,0,0,0,0,0,0,0,0,0,0,0,0,0,0,0,0,0,0,0,0,0,0,0,0,0,0,0,0,0,0,0,0,0,0,0,0,0,0,0,0,0,0,0,0,0,0,0,0,0,0,0,0,0,0,0,0,0,0,0,0,0,0,0,0,0,0,0,0,0,0,0,0,0,0,0,0,0,0}
Count:   2.3   6.7   7.1   6.1   5.6   4.8   4.0   2.1   1.2   0.7   0.3   0.2   0.3   0.3   0.2   0.3   0.3   0.3   0.3   0.3   0.3   0.3   0.3   0.3   4.0   7.5   6.7   6.8   5.7   5.9   4.5   4.8   2.7   2.2   0.3   0.3   0.3   0.3   0.3   0.3   0.3   0.3   0.3   4.4   7.1   6.7   6.2   6.2   5.5   3.7   2.6   1.9   1.2   0.4   0.3   0.3   0.3   0.3   0.3   0.2   0.3   0.3   4.0   6.2   6.5   5.0   4.5   3.4   2.6   1.0   0.8   0.6   0.3   0.2   0.3   0.2   0.4   0.3   0.3   0.3   0.2   0.2   0.2   0.3   0.3   0.2   5.7   6.6   6.2   5.8   5.1   5.2   4.2   3.4   2.2   1.5   0.2   0.2   0.3   0.3   0.3   0.4   0.3   0.3   0.3   5.2   6.6   6.6   5.8   4.9   4.1   2.9   2.2   1.1   0.8   0.2   0.3   0.3   0.3   0.3   0.3   0.2   0.3   0.3   0.3   0.4   0.3   0.2   0.3   7.0   6.8   6.3   6.4   5.5   5.4   4.2   3.2   2.3   1.3   0.2   0.2   0.3   0.2   0.3   0.3   0.4   0.3   0.3   6.6   6.7   6.3   5.8   4.6   4.3   3.0   2.3   1.2   0.6   0.2   0.3   0.3   0.3   0.3   0.3   0.2   0.3   0.3   6.8   6.5   5.8   5.2   4.7   3.6   2.1   1.4   0.8   0.4   0.2   0.3   0.3   0.4   0.3   0.3   0.3   0.3   0.2   0.3   0.2   0.3   0.3   1.6   7.2   7.1   6.2   6.6   5.6   5.4   3.9   3.6   2.3 
B: 44.8 41.9 42.1 41.0 39.7 38.8 35.8 33.9 32.2 32.1 35.6 28.6 28.5 28.7 28.7 28.7 28.0 27.1 28.7 28.7 29.1 31.6 28.1 29.4 45.6 42.2 41.8 42.0 40.2 39.7 38.0 37.8 34.4 33.2 40.5 28.1 30.4 27.4 31.0 26.5 28.4 26.8 31.6 44.4 41.4 41.9 42.1 40.3 39.4 37.0 34.2 32.7 31.1 39.7 30.6 28.3 26.3 29.5 27.8 30.2 27.9 28.5 40.9 42.0 41.2 39.9 37.6 35.7 32.9 31.0 32.1 31.0 33.7 27.5 28.1 27.7 28.5 27.8 26.4 31.5 28.9 29.4 26.7 27.3 28.7 27.5 46.0 42.0 41.7 40.6 40.0 40.0 37.5 35.2 34.3 33.2 29.0 27.0 28.4 28.5 27.6 27.9 29.8 28.3 28.0 42.7 42.6 41.8 41.0 39.5 36.9 35.5 33.6 31.4 32.5 28.4 28.2 30.2 27.0 26.9 27.4 30.2 27.7 28.0 29.6 28.0 30.1 28.9 29.2 46.1 40.9 41.7 42.0 40.0 40.5 37.9 35.6 33.9 34.8 27.8 27.9 28.2 27.3 29.2 29.8 30.6 27.5 28.8 43.0 41.9 41.9 40.6 37.9 36.7 35.4 33.1 32.2 35.6 29.1 26.8 27.0 31.0 29.4 28.9 28.2 30.4 29.8 42.8 41.9 41.5 39.4 37.7 35.9 33.2 30.6 29.5 35.3 28.4 29.8 27.9 28.9 28.8 28.5 29.1 31.6 26.8 29.2 28.2 29.4 28.3 49.0 42.3 41.4 42.7 42.2 40.7 39.4 37.8 35.7 34.4 
Direction:  n {43 137} {43 137} {43 137} {43 137} {47 133} {43 137} n n n n n n n n n n n n n n n n n {45 135} {46 134} {41 139} {45 135} {45 135} {44 136} {46 134} {48 132} n n n n n n n n n n n {46 134} {48 132} {46 134} {49 131} {47 133} {45 135} {46 134} n n n n n n n n n n n n {47 133} {46 134} {45 135} {44 136} {41 139} n n n n n n n n n n n n n n n n n n n {46 134} {48 132} {42 138} {47 133} {47 133} {47 133} {47 133} n n n n n n n n n n n n {47 133} {47 133} {43 137} {45 135} {47 133} {46 134} n n n n n n n n n n n n n n n n n n {47 133} {43 137} {46 134} {43 137} {43 137} {43 137} {46 134} n n n n n n n n n n n n {44 136} {46 134} {42 138} {44 136} {43 137} {45 135} n n n n n n n n n n n n n {46 134} {48 132} {43 137} {45 135} {42 138} {47 133} n n n n n n n n n n n n n n n n n n {44 136} {45 135} {47 133} {44 136} {47 133} {51 129} {42 138} n n

54.5: Count:   2.3 (  2.5) A:  20.1 [16-51] B:  38.8 [16-133] Phase: 100% 140 (17.5) Direction:  {45 135}
Phase: {0,0,0,0,0,0,0,0,0,0,0,0,0,0,0,0,0,0,0,0,0,0,0,0,0,2,0,0,0,0,0,0,0,0,0,0,0,0,0,0,0,0,0,0,0,1,1,0,0,0,0,1,1,2,7,1,1,1,4,2,0,5,3,9,2,4,6,3,7,10,8,11,11,10,16,7,17,30,17,21,24,28,25,38,54,48,33,45,63,52,87,68,79,109,111,95,131,161,150,179,193,226,218,274,311,356,368,409,479,483,562,604,735,854,917,975,1010,1276,1364,1443,1612,1640,1764,1897,1944,2074,2364,2316,2519,2461,2545,2715,2547,2969,2609,3076,2776,3017,2703,2952,2863,2770,2856,2873,2822,2783,2687,2816,2695,2571,2634,2400,2544,2512,2031,2235,1996,1963,1885,1829,1494,1454,1552,1362,1172,1063,960,854,769,685,646,562,470,501,419,282,295,307,262,228,236,161,137,111,120,105,102,101,58,62,58,44,54,51,44,39,27,18,25,18,19,16,12,8,9,14,9,4,7,7,4,9,7,4,2,2,5,0,3,2,2,2,0,1,1,2,0,0,0,2,0,2,1,0,0,2,0,0,2,0,0,0,0,2,0,0,0,0,0,0,0,0,0,0,0,0,0,0,0,0,0,0,0,0,0,0,0,0,0,0,0,0,0,0,0,0,0,0,0,0,0,0,0,0,0,0,0,0,0,0,0,0,0,0,0,0,0,0,0,0,0,0,0,0,0,0,0,0,0,0,0,0,0,0,0,0,0,0,0,0,0,0,0,0,0,0,0,0,0,0,0,0,0,0,0,0,0,2,0,0,0,0,0,0,0,0,0,0,0,0,0,0,0,0,0,0,0,0,0,0}
Count:   2.5   6.8   7.1   5.8   5.4   4.7   4.1   2.1   1.2   0.6   0.3   0.3   0.2   0.2   0.3   0.3   0.3   0.3   0.3   0.3   0.3   0.3   0.2   0.2   4.0   7.2   6.7   6.6   5.6   5.8   4.5   4.6   2.8   1.9   0.3   0.2   0.3   0.3   0.2   0.3   0.2   0.3   0.3   4.6   6.8   6.6   6.0   6.1   5.0   4.2   2.6   1.7   1.0   0.3   0.3   0.3   0.3   0.2   0.3   0.2   0.3   0.3   3.9   6.5   6.2   5.1   4.6   3.6   2.4   1.1   0.8   0.5   0.3   0.2   0.3   0.2   0.3   0.3   0.2   0.3   0.2   0.3   0.3   0.2   0.3   0.2   5.8   6.2   6.5   5.8   5.6   4.9   4.4   3.5   2.3   1.3   0.2   0.3   0.3   0.2   0.3   0.3   0.3   0.3   0.2   5.5   6.4   6.4   5.4   5.1   4.0   3.0   1.8   1.0   0.7   0.2   0.3   0.3   0.3   0.3   0.3   0.2   0.3   0.4   0.2   0.3   0.3   0.2   0.3   7.2   6.8   5.9   6.2   5.7   5.4   4.1   3.5   2.0   1.0   0.3   0.2   0.3   0.2   0.3   0.3   0.3   0.2   0.3   6.9   6.5   6.5   5.8   4.8   4.1   2.7   2.1   1.0   0.7   0.3   0.3   0.2   0.2   0.3   0.3   0.3   0.2   0.2   6.5   6.3   5.8   5.2   4.7   3.3   2.2   1.1   0.7   0.4   0.2   0.2   0.2   0.3   0.3   0.3   0.2   0.3   0.2   0.3   0.2   0.2   0.2   1.7   6.8   6.7   6.2   6.6   5.7   5.1   4.2   3.5   2.1 
B: 45.4 41.3 41.8 40.2 38.9 37.4 35.4 34.0 30.8 30.0 35.1 27.3 28.6 28.5 28.6 29.5 29.6 28.9 26.9 28.7 27.9 27.1 29.7 26.0 43.6 40.7 41.7 41.9 39.7 38.9 37.3 36.4 32.8 30.8 40.5 30.6 28.0 26.8 28.8 29.9 26.7 27.4 31.0 43.8 40.2 40.0 41.0 39.7 38.6 35.8 33.6 31.4 29.3 38.1 30.9 29.2 28.6 28.4 28.0 27.3 27.8 27.6 40.3 42.0 41.0 38.4 36.4 35.6 33.5 29.3 30.1 30.5 30.3 28.3 28.7 29.6 27.3 26.3 26.6 29.9 29.2 27.7 29.3 30.0 27.2 27.0 45.5 40.7 41.0 41.3 39.6 39.2 36.9 34.7 33.2 32.2 29.1 28.5 28.5 30.8 28.0 28.6 27.7 29.7 28.5 42.4 41.9 42.1 40.2 37.6 36.6 34.6 32.1 31.2 31.2 28.6 30.4 29.6 25.0 28.5 28.5 28.2 27.8 28.9 30.3 26.8 28.2 29.1 28.0 45.1 40.7 40.8 41.1 39.8 39.4 37.6 34.6 32.6 32.4 29.6 30.2 28.4 28.8 29.5 29.4 28.0 26.1 28.0 42.1 42.3 40.6 40.0 38.1 36.9 34.7 31.3 30.7 30.8 28.8 26.8 28.1 28.3 29.5 27.4 27.2 29.6 26.8 42.1 41.2 41.0 39.3 37.1 34.5 31.9 29.4 29.5 32.9 30.3 28.6 28.3 29.4 31.0 28.9 30.2 26.6 28.0 27.6 27.5 27.7 28.7 50.9 42.0 40.6 41.7 41.3 40.1 38.6 35.9 35.5 34.0 
Direction:  n {44 136} {44 136} {44 136} {47 133} {44 136} {41 139} n n n n n n n n n n n n n n n n n {44 136} {45 135} {46 134} {44 136} {44 136} {45 135} {43 137} {44 136} n n n n n n n n n n n {44 136} {43 137} {44 136} {48 132} {48 132} {43 137} {49 131} n n n n n n n n n n n n {43 137} {43 137} {44 136} {47 133} {43 137} {44 136} n n n n n n n n n n n n n n n n n n {45 135} {47 133} {46 134} {46 134} {44 136} {47 133} {46 134} {44 136} n n n n n n n n n n n {47 133} {46 134} {46 134} {46 134} {47 133} {46 134} n n n n n n n n n n n n n n n n n n {43 137} {46 134} {46 134} {46 134} {45 135} {41 139} {46 134} {40 140} n n n n n n n n n n n {45 135} {47 133} {48 132} {43 137} {48 132} {48 132} n n n n n n n n n n n n n {46 134} {48 132} {50 130} {46 134} {45 135} n n n n n n n n n n n n n n n n n n n {46 134} {43 137} {47 133} {44 136} {45 135} {42 138} {45 135} {47 133} n

54.6: Count:   2.4 (  2.5) A:  20.1 [16-49] B:  37.9 [16-110] Phase: 100% 140 (16.7) Direction:  {45 135}
Phase: {0,0,0,0,0,0,0,0,0,0,0,0,0,0,0,0,0,0,0,0,0,0,0,0,0,0,0,0,0,0,0,0,0,0,0,0,0,2,0,0,2,1,0,3,0,2,0,1,2,1,2,3,3,0,4,5,9,3,5,1,4,9,7,5,1,12,12,1,8,7,6,10,22,13,13,13,19,31,24,33,32,37,34,61,45,43,55,76,69,65,106,99,108,113,135,183,165,224,200,243,292,293,296,413,343,446,484,524,636,650,687,759,834,821,984,1071,1039,1174,1319,1370,1526,1604,1760,1882,1910,2015,2201,2436,2468,2493,2687,2771,2769,2964,2888,3187,3097,3404,2855,3236,3335,3154,3222,2979,3201,3039,2813,2917,2865,2793,2720,2608,2505,2481,2008,2207,1944,1815,1796,1663,1394,1215,1367,1260,1078,1053,911,990,803,716,679,672,523,508,471,420,381,356,328,278,299,221,197,191,161,131,127,114,116,102,75,91,61,74,61,32,50,32,42,36,30,21,24,10,15,16,10,10,14,5,10,8,8,6,7,0,5,3,7,4,5,2,3,4,1,4,0,0,0,2,1,3,0,0,4,0,0,4,3,0,0,0,0,0,0,0,0,0,0,0,0,0,0,0,0,0,0,0,0,0,0,0,0,0,0,0,0,0,0,0,0,0,0,0,0,0,0,0,0,0,0,0,0,0,0,0,0,0,0,0,0,0,0,0,0,0,0,0,0,0,0,0,0,0,0,0,0,0,0,0,0,0,0,0,0,0,0,0,0,0,0,0,0,0,0,0,0,0,0,0,0,0,0,0,0,0,0,0,0,0,0,0,0,0,0,0,0,0,0,0,0,0,0,0,0,0,0,0,0,0}
Count:   2.4   6.7   7.3   5.9   5.7   4.7   4.2   2.2   1.5   1.0   0.4   0.3   0.3   0.3   0.3   0.2   0.3   0.3   0.3   0.2   0.3   0.2   0.3   0.3   4.2   7.5   6.9   6.6   5.8   5.9   4.9   4.8   3.4   2.3   0.3   0.3   0.3   0.3   0.3   0.3   0.2   0.3   0.3   4.8   7.0   6.7   6.0   6.2   4.7   4.7   3.0   2.0   1.1   0.3   0.2   0.2   0.3   0.3   0.3   0.3   0.3   0.3   3.8   6.6   6.2   5.4   4.7   3.9   2.8   1.5   1.0   0.8   0.4   0.3   0.3   0.3   0.3   0.3   0.2   0.2   0.2   0.3   0.2   0.3   0.3   0.3   5.6   6.7   6.6   6.1   6.0   5.1   4.9   3.7   2.5   1.6   0.2   0.3   0.2   0.2   0.3   0.3   0.3   0.3   0.3   5.2   6.5   6.4   6.0   5.5   4.1   3.4   2.3   1.4   0.8   0.3   0.3   0.3   0.3   0.2   0.3   0.2   0.3   0.3   0.3   0.2   0.3   0.2   0.2   7.0   6.9   5.7   6.5   6.0   5.5   4.8   3.8   2.2   1.3   0.3   0.2   0.2   0.3   0.3   0.3   0.3   0.2   0.2   6.7   6.8   6.6   6.1   5.0   4.4   3.7   2.5   1.6   0.8   0.3   0.3   0.2   0.3   0.3   0.2   0.3   0.3   0.3   6.8   6.3   6.3   5.4   5.0   3.5   3.0   1.5   0.9   0.6   0.3   0.3   0.3   0.3   0.3   0.3   0.3   0.3   0.3   0.3   0.3   0.3   0.2   1.7   6.8   6.9   6.0   6.9   5.8   5.5   4.5   3.7   2.5 
B: 44.5 40.0 40.4 39.7 39.0 36.8 34.5 32.7 29.9 28.4 34.4 29.2 26.3 26.8 26.0 29.0 27.9 30.2 25.9 26.4 27.2 26.8 27.4 26.2 42.6 40.4 40.4 40.5 38.9 38.8 37.4 36.2 33.1 30.6 38.6 28.2 28.6 25.7 26.0 29.4 25.2 27.1 28.5 42.6 39.5 38.7 39.9 39.1 37.9 35.9 33.7 31.7 28.8 34.2 26.8 27.9 30.4 24.5 26.8 25.7 26.5 26.6 38.9 40.6 39.5 38.7 37.0 34.8 33.3 29.1 29.7 29.5 31.7 27.1 27.5 30.5 26.2 27.1 30.2 29.7 26.2 26.1 30.4 29.2 27.1 27.7 42.1 40.6 40.8 40.6 39.3 38.1 36.2 34.6 32.0 30.8 28.1 27.5 26.0 26.1 27.8 27.2 26.7 27.8 27.3 41.6 40.5 41.0 40.2 37.9 35.9 33.6 32.0 30.7 30.6 27.8 26.0 27.9 26.7 27.9 25.5 28.0 26.9 28.4 29.6 27.4 26.4 26.9 28.5 44.0 40.8 39.2 40.3 40.0 39.0 37.6 34.5 31.7 32.0 28.5 29.7 27.3 29.0 26.3 28.5 28.6 25.7 28.6 41.6 40.8 40.1 40.1 37.2 36.1 33.7 33.0 28.8 29.5 29.4 27.0 28.7 29.6 28.1 28.8 26.7 27.5 27.8 41.3 39.9 39.9 38.9 37.1 34.7 32.0 29.1 27.8 30.8 28.0 28.4 27.2 25.5 27.2 29.0 28.1 27.7 26.1 27.3 29.9 27.4 27.7 53.2 40.5 40.3 40.0 41.1 40.0 37.5 36.5 34.6 32.6 
Direction:  n {44 136} {47 133} {45 135} {44 136} {44 136} {46 134} n n n n n n n n n n n n n n n n n {43 137} {44 136} {46 134} {44 136} {46 134} {42 138} {45 135} {41 139} {43 137} n n n n n n n n n n {45 135} {48 132} {43 137} {44 136} {45 135} {44 136} {43 137} n n n n n n n n n n n n {44 136} {45 135} {45 135} {46 134} {43 137} {43 137} n n n n n n n n n n n n n n n n n n {44 136} {46 134} {46 134} {47 133} {44 136} {46 134} {47 133} {44 136} n n n n n n n n n n n {43 137} {46 134} {47 133} {44 136} {46 134} {44 136} n n n n n n n n n n n n n n n n n n {46 134} {44 136} {47 133} {43 137} {48 132} {43 137} {45 135} {47 133} n n n n n n n n n n n {45 135} {44 136} {46 134} {46 134} {44 136} {43 137} n n n n n n n n n n n n n {44 136} {46 134} {42 138} {45 135} {44 136} {45 135} n n n n n n n n n n n n n n n n n n {47 133} {49 131} {46 134} {47 133} {47 133} {44 136} {42 138} {41 139} n

54.7: Count:   2.7 (  2.8) A:  20.3 [16-60] B:  37.0 [16-112] Phase: 100% 139 (19.2) Direction:  {45 135}
Phase: {0,0,0,0,0,0,2,1,0,0,0,0,0,0,0,0,2,0,0,0,0,0,0,0,4,0,0,0,0,0,0,1,0,0,0,0,2,2,0,0,3,0,4,0,11,2,4,3,5,9,1,3,2,5,3,2,6,3,4,8,4,8,7,7,8,10,16,12,35,22,21,17,40,33,34,40,36,65,28,64,48,59,52,76,54,80,113,119,121,104,172,146,156,251,187,230,249,284,310,343,373,398,415,506,613,610,612,737,767,847,936,1023,1119,1261,1308,1330,1370,1708,1759,1843,2020,2098,2152,2325,2492,2415,2649,2676,2841,2824,2971,3046,2926,3283,3011,3330,3126,3346,2990,3095,3218,3015,3042,3098,3041,2935,2815,2904,2888,2835,2758,2707,2817,2653,2410,2423,2188,2223,2200,1942,1944,1715,1698,1645,1499,1388,1269,1204,983,978,818,825,715,720,600,517,508,468,458,348,432,265,290,292,228,231,151,180,112,133,107,62,83,111,70,75,63,68,58,44,29,29,30,29,29,43,21,23,15,19,19,14,13,8,6,8,4,4,11,1,8,10,2,10,1,1,1,0,2,4,2,0,0,0,0,2,0,0,0,0,0,0,2,1,0,0,2,0,1,0,0,0,0,0,0,1,0,0,0,0,0,2,0,0,0,0,0,0,0,0,1,0,0,0,0,0,0,0,0,0,0,0,0,0,0,0,0,0,0,0,0,0,0,0,0,0,0,0,0,0,0,0,0,0,0,0,0,0,0,0,0,0,0,0,0,0,0,0,0,0,0,0,0,0,0,0,0,0,0,0,0,0,0,0,0,0,0,0,0,0,0,0,0,0,0,0,0,0,0,0,0,0,0,0,0,0,0,0,0,0}
Count:   2.5   6.9   7.6   6.6   6.1   5.3   5.1   3.1   2.6   1.8   0.5   0.4   0.3   0.2   0.3   0.3   0.3   0.3   0.4   0.2   0.4   0.3   0.3   0.3   4.2   7.8   7.5   7.2   6.7   6.3   5.7   5.3   4.4   3.2   0.3   0.4   0.2   0.4   0.2   0.4   0.3   0.3   0.4   4.8   7.0   7.2   6.6   6.4   4.9   5.5   3.8   3.3   2.2   0.5   0.3   0.3   0.3   0.3   0.3   0.3   0.4   0.3   4.3   7.5   6.6   6.3   5.0   4.4   3.5   2.4   1.8   1.1   0.4   0.4   0.3   0.3   0.3   0.3   0.4   0.3   0.4   0.4   0.3   0.3   0.3   0.3   5.5   7.2   7.2   6.7   6.4   5.6   5.6   4.4   3.4   2.1   0.2   0.4   0.3   0.4   0.3   0.3   0.3   0.3   0.3   5.3   6.6   7.3   6.5   6.3   4.6   4.2   3.6   2.7   1.6   0.3   0.4   0.3   0.3   0.3   0.3   0.3   0.4   0.3   0.4   0.3   0.4   0.3   0.3   7.6   7.9   6.3   6.7   6.5   6.2   5.3   4.7   3.5   2.0   0.2   0.4   0.3   0.3   0.3   0.4   0.3   0.3   0.3   7.2   6.9   7.0   6.5   5.7   4.8   4.7   3.3   2.6   1.1   0.3   0.3   0.3   0.3   0.3   0.4   0.3   0.4   0.4   7.3   6.9   7.0   6.0   5.6   3.9   4.1   2.3   1.8   1.0   0.4   0.3   0.3   0.3   0.3   0.3   0.3   0.3   0.3   0.3   0.3   0.3   0.3   1.8   7.2   7.8   6.6   7.3   6.3   6.0   5.0   4.7   3.5 
B: 41.3 39.7 40.0 38.4 38.0 37.2 34.6 31.4 29.6 28.3 31.7 25.2 25.6 27.0 27.2 24.8 25.1 27.5 25.7 25.5 24.6 26.4 23.8 24.5 40.3 40.7 39.0 39.3 38.3 38.7 36.9 36.5 33.6 30.1 31.7 27.3 25.4 26.2 26.4 28.6 26.2 26.9 24.4 41.0 38.3 38.3 39.1 38.6 37.3 36.4 33.1 29.9 27.5 30.8 27.1 26.4 25.3 25.7 28.1 26.3 26.8 23.5 37.9 38.4 39.2 38.1 37.0 35.7 32.2 29.2 27.6 27.8 31.7 26.7 26.3 26.4 26.3 25.6 26.0 25.2 25.3 26.5 28.9 26.5 25.8 26.2 39.7 39.9 39.5 40.1 38.9 38.2 36.9 34.4 31.9 31.4 26.5 24.9 26.3 25.8 25.3 25.8 26.2 26.1 27.1 40.2 39.2 40.4 39.7 38.0 35.6 33.7 32.4 29.3 31.0 25.7 27.4 26.3 26.5 26.1 24.9 27.3 25.7 26.2 25.8 26.6 26.8 26.6 26.3 43.4 39.9 38.4 39.9 39.8 39.2 37.9 35.0 31.5 30.8 26.7 26.6 26.4 24.6 28.2 27.1 27.2 27.6 28.9 40.9 38.3 39.9 40.0 37.6 35.6 33.8 31.5 30.6 28.5 26.0 24.1 26.2 28.3 27.5 26.5 24.1 28.2 27.7 40.5 39.3 39.6 38.2 38.6 34.9 32.7 29.5 28.0 28.7 26.8 25.7 27.8 24.8 27.4 25.7 27.3 26.8 26.6 24.6 27.3 27.8 26.7 49.0 40.1 40.3 39.2 40.9 39.5 38.2 37.2 34.2 31.4 
Direction:  n {44 136} {44 136} {46 134} {44 136} {43 137} {43 137} n n n n n n n n n n n n n n n n n {42 138} {44 136} {43 137} {44 136} {45 135} {42 138} {45 135} {43 137} {45 135} n n n n n n n n n n {44 136} {49 131} {44 136} {43 137} {48 132} {43 137} {43 137} n n n n n n n n n n n n {44 136} {46 134} {44 136} {49 131} {44 136} {46 134} n n n n n n n n n n n n n n n n n n {46 134} {46 134} {45 135} {47 133} {44 136} {42 138} {46 134} {43 137} n n n n n n n n n n n {42 138} {44 136} {44 136} {44 136} {45 135} {40 140} {41 139} n n n n n n n n n n n n n n n n n {44 136} {44 136} {42 138} {43 137} {46 134} {44 136} {47 133} {43 137} {43 137} n n n n n n n n n n {46 134} {46 134} {47 133} {43 137} {40 140} {42 138} {42 138} n n n n n n n n n n n n {45 135} {47 133} {44 136} {44 136} {44 136} {47 133} {42 138} n n n n n n n n n n n n n n n n n {50 130} {43 137} {43 137} {45 135} {42 138} {47 133} {44 136} {46 134} n

54.8: Count:   3.1 (  3.1) A:  20.7 [16-61] B:  37.7 [16-111] Phase: 100% 139 (19.4) Direction:  {45 135}
Phase: {0,0,0,0,0,0,0,0,0,0,0,0,0,0,0,0,1,0,0,0,0,1,0,0,0,0,1,1,0,0,0,0,0,1,3,0,0,1,3,1,2,3,0,4,0,8,3,4,9,6,7,2,9,3,6,8,5,3,8,14,10,8,9,16,21,17,10,7,16,32,36,26,31,27,40,41,32,51,61,50,59,59,71,89,88,106,117,118,155,152,212,150,236,209,269,228,263,356,349,386,461,448,490,566,620,673,699,800,915,920,978,1162,1259,1331,1433,1599,1478,1847,1985,2048,2285,2375,2510,2659,2928,3054,3130,3157,3277,3350,3534,3672,3464,3759,3424,3575,3328,3569,3196,3416,3383,3375,3429,3252,3313,3324,3292,3255,3372,3184,3333,3279,3259,3115,2685,2842,2711,2424,2469,2361,2050,1825,1915,1799,1558,1510,1407,1345,1176,1016,973,880,813,802,636,543,548,567,458,348,505,287,304,308,273,266,210,202,172,178,131,150,106,88,87,73,62,63,54,52,61,40,30,23,31,26,6,26,19,18,23,15,15,22,5,6,2,8,5,2,6,2,3,4,1,6,0,6,1,5,0,2,1,1,1,0,0,0,1,2,0,3,4,4,0,2,0,3,2,0,0,0,2,1,0,0,1,0,2,0,0,0,0,0,0,0,0,1,0,1,0,0,0,0,0,0,0,0,0,0,0,0,0,0,0,0,0,0,0,0,0,0,0,0,0,0,0,0,0,0,0,0,0,0,0,1,0,0,0,0,0,0,0,0,0,0,0,0,0,0,0,0,0,0,0,0,0,0,0,0,0,0,0,0,0,2,0,0,0,0,0,0,0,0,0,0,0,0,0,0,0,0,0,0,0,0,0,0,0,0}
Count:   2.3   8.0   8.5   7.1   7.0   6.3   5.9   4.2   3.8   2.8   0.6   0.3   0.3   0.3   0.3   0.2   0.2   0.3   0.3   0.3   0.3   0.3   0.3   0.3   4.4   8.4   8.1   7.5   7.8   6.7   6.3   5.7   5.8   4.3   0.4   0.3   0.2   0.2   0.3   0.3   0.4   0.4   0.4   4.8   7.7   8.5   7.5   7.1   5.7   6.5   4.6   4.6   3.3   0.5   0.3   0.3   0.3   0.3   0.3   0.3   0.4   0.3   4.2   8.0   7.0   7.1   6.0   5.5   5.1   3.3   2.6   2.0   0.4   0.3   0.3   0.3   0.2   0.3   0.4   0.2   0.3   0.3   0.3   0.3   0.4   0.3   5.6   7.9   7.5   6.7   7.1   6.3   6.3   5.2   4.7   2.9   0.3   0.3   0.2   0.3   0.3   0.3   0.3   0.3   0.3   5.5   7.1   8.3   7.4   6.8   5.5   5.3   4.2   3.8   2.2   0.3   0.3   0.4   0.3   0.3   0.3   0.3   0.3   0.3   0.3   0.3   0.3   0.3   0.3   7.9   8.3   6.9   7.3   7.1   6.8   5.8   5.8   4.6   2.4   0.3   0.4   0.3   0.3   0.3   0.3   0.2   0.3   0.2   8.3   7.3   7.6   7.0   6.7   5.8   5.4   4.4   3.7   1.8   0.3   0.3   0.3   0.4   0.3   0.3   0.3   0.3   0.3   7.7   7.5   7.3   6.6   6.7   5.1   5.3   3.3   2.8   1.3   0.3   0.3   0.4   0.2   0.3   0.3   0.4   0.3   0.3   0.3   0.3   0.2   0.3   1.8   8.2   8.3   7.4   7.6   7.0   7.3   5.5   5.8   4.5 
B: 41.2 40.3 40.3 40.0 39.1 38.5 36.6 32.3 30.5 30.0 30.3 24.5 26.7 25.3 27.7 25.5 25.0 27.2 24.6 25.5 25.7 26.7 25.4 26.0 39.7 40.3 39.1 39.2 39.8 39.1 38.2 36.9 35.1 32.8 28.2 25.9 24.5 24.5 25.9 27.2 25.8 26.2 24.2 40.3 38.9 39.8 39.6 40.2 38.0 38.6 34.5 32.2 28.8 33.0 27.5 24.2 24.3 24.8 25.9 26.1 26.0 25.6 39.2 39.5 39.9 39.0 38.3 36.7 32.9 30.9 28.6 28.4 28.7 24.7 25.6 26.1 26.5 26.2 27.3 26.4 24.8 25.9 25.9 28.0 24.7 25.5 39.3 40.6 38.5 40.0 41.2 37.7 38.2 35.6 32.5 31.8 27.8 27.6 26.9 26.3 25.2 26.4 25.8 25.6 24.8 41.1 39.8 41.3 40.0 38.9 36.6 35.2 32.8 30.3 31.1 25.6 25.9 25.1 24.6 25.0 25.4 26.4 26.6 27.4 26.1 24.5 25.0 24.0 25.6 43.9 40.6 39.2 40.8 40.2 39.4 38.5 36.9 33.7 32.4 24.9 26.4 25.8 25.8 24.5 27.4 27.6 27.5 29.8 41.3 39.4 40.0 39.9 40.0 37.6 35.5 33.5 31.8 29.9 27.6 24.0 24.4 27.1 27.1 28.0 26.0 25.2 26.8 41.3 40.1 40.7 39.1 40.0 35.8 34.3 30.8 29.0 29.2 28.1 25.2 26.8 28.8 27.7 24.9 26.4 26.4 25.1 25.2 26.2 27.6 25.0 44.4 40.6 41.1 40.2 40.8 40.4 39.6 37.7 36.4 32.6 
Direction:  n {43 137} {43 137} {48 132} {43 137} {41 139} {43 137} {50 130} {43 137} n n n n n n n n n n n n n n n {43 137} {42 138} {42 138} {42 138} {44 136} {46 134} {49 131} {43 137} {40 140} {51 129} n n n n n n n n n {47 133} {42 138} {48 132} {46 134} {42 138} {42 138} {42 138} {42 138} {40 140} n n n n n n n n n n {41 139} {47 133} {42 138} {42 138} {43 137} {43 137} {42 138} n n n n n n n n n n n n n n n n n {50 130} {49 131} {45 135} {43 137} {46 134} {42 138} {43 137} {42 138} {44 136} n n n n n n n n n n {46 134} {45 135} {42 138} {43 137} {43 137} {43 137} {41 139} {41 139} n n n n n n n n n n n n n n n n {45 135} {50 130} {43 137} {46 134} {41 139} {46 134} {43 137} {41 139} {50 130} n n n n n n n n n n {42 138} {48 132} {44 136} {45 135} {42 138} {43 137} {48 132} {43 137} n n n n n n n n n n n {50 130} {45 135} {47 133} {46 134} {41 139} {42 138} {46 134} n n n n n n n n n n n n n n n n n {41 139} {45 135} {42 138} {46 134} {44 136} {43 137} {50 130} {42 138} {42 138}

54.9: Count:   3.4 (  3.4) A:  20.9 [16-59] B:  39.4 [16-108] Phase: 100% 140 (16.4) Direction:  {45 135}
Phase: {0,0,0,0,0,0,0,0,0,0,0,0,0,0,0,0,0,0,0,0,0,0,0,0,0,0,0,0,0,0,0,0,0,0,0,0,0,0,2,0,0,0,0,1,1,0,0,0,1,2,1,0,0,0,3,1,0,2,1,6,1,6,7,7,2,6,9,10,7,12,7,6,11,4,10,13,10,20,18,19,20,26,33,35,27,47,45,67,60,65,110,90,122,112,90,118,134,208,165,268,232,309,280,331,409,471,512,558,753,738,847,956,1039,1164,1384,1403,1523,1874,2094,2154,2344,2572,2670,2838,3163,3220,3529,3549,3855,3778,3869,4045,4035,4313,4218,4745,4292,4762,4439,4723,4725,4693,4993,4678,4750,4341,4339,4285,4010,3994,3841,3593,3606,3437,3003,3166,2952,2764,2766,2525,2372,2090,2084,1903,1666,1468,1398,1313,1059,1054,890,785,671,684,503,462,374,399,333,250,281,214,198,157,99,122,110,117,86,68,64,58,45,56,42,33,30,28,31,16,23,21,23,10,16,11,6,15,8,5,9,2,7,4,2,8,4,1,2,4,1,0,3,2,0,0,0,1,0,1,0,0,0,0,0,0,0,0,0,0,0,0,0,0,0,0,1,0,0,0,0,0,0,0,0,0,0,0,0,0,0,0,0,0,0,0,0,0,0,0,0,0,0,0,0,0,0,0,0,0,0,0,0,0,0,0,0,0,0,0,0,0,0,0,0,0,0,0,0,0,0,0,0,0,0,0,0,0,0,0,0,0,0,0,0,0,0,0,0,0,0,0,0,0,0,0,0,0,0,0,0,0,0,0,0,0,0,0,0,0,0,0,0,0,0,0,0,0,0,0,0,0,0,0,0,0,0,0,0,0}
Count:   2.2   8.6   8.8   7.9   8.0   7.0   6.9   4.9   4.9   3.5   0.8   0.2   0.3   0.3   0.3   0.2   0.2   0.2   0.2   0.1   0.2   0.2   0.2   0.2   4.7   9.0   8.8   7.9   8.4   7.4   7.2   6.0   6.6   5.3   0.3   0.3   0.2   0.2   0.2   0.3   0.2   0.2   0.2   4.3   8.6   9.3   8.4   8.0   6.5   7.2   5.8   5.3   4.2   0.6   0.2   0.2   0.2   0.2   0.2   0.2   0.2   0.3   4.0   8.8   7.9   7.8   6.8   6.8   5.9   4.2   3.5   2.6   0.4   0.3   0.2   0.2   0.3   0.2   0.2   0.2   0.2   0.2   0.2   0.2   0.2   0.2   5.9   8.6   8.3   7.4   8.0   7.0   7.1   6.1   5.9   3.9   0.2   0.2   0.2   0.2   0.2   0.3   0.2   0.2   0.2   5.6   8.0   9.0   8.1   7.5   6.3   6.3   5.0   4.7   2.7   0.2   0.2   0.3   0.2   0.2   0.2   0.2   0.2   0.2   0.2   0.2   0.2   0.2   0.2   8.5   8.7   7.7   7.9   7.8   7.4   6.6   6.5   5.8   2.9   0.3   0.3   0.3   0.2   0.2   0.2   0.3   0.2   0.2   8.5   8.1   8.6   7.8   7.7   6.7   6.5   5.3   4.4   2.4   0.2   0.2   0.2   0.3   0.2   0.2   0.3   0.2   0.2   8.3   8.2   7.7   7.3   7.6   6.1   6.3   4.4   3.5   1.7   0.3   0.3   0.3   0.2   0.2   0.2   0.3   0.2   0.3   0.2   0.3   0.2   0.2   1.7   9.1   8.5   8.4   8.0   8.1   7.7   6.4   6.8   5.5 
B: 41.5 41.8 41.5 42.2 42.5 41.4 38.7 35.3 33.4 31.1 31.4 25.7 26.7 26.8 29.7 25.5 25.1 29.2 25.3 25.4 25.9 27.6 27.3 28.9 41.9 41.7 40.5 40.7 40.8 40.1 40.1 38.3 37.7 34.9 33.5 27.4 26.5 25.4 25.6 25.1 28.7 26.0 24.7 40.2 40.5 41.7 41.4 41.4 40.0 39.2 37.3 35.0 31.5 37.6 28.8 26.5 24.2 25.1 26.6 28.3 26.5 29.5 42.1 41.0 40.6 40.6 40.7 38.7 36.1 33.0 30.6 30.2 30.3 25.5 27.4 27.8 25.6 27.0 27.5 24.7 24.3 28.0 25.4 29.4 26.8 25.7 40.6 42.5 41.4 40.6 43.0 40.8 41.2 38.2 35.8 34.4 26.5 27.5 28.0 27.0 25.5 27.6 24.0 25.7 25.6 41.9 41.5 42.4 41.9 40.7 38.8 38.2 34.3 32.2 32.0 25.3 25.8 27.3 26.1 25.9 25.0 25.7 26.4 32.4 24.0 25.8 27.8 25.0 26.5 45.1 42.2 41.0 41.7 41.2 41.4 40.6 39.6 36.6 34.0 25.3 29.2 24.7 23.1 24.2 26.8 28.5 29.2 27.5 41.6 41.5 41.1 41.5 42.4 40.1 38.1 35.0 33.2 31.8 28.2 26.4 25.9 30.0 24.6 29.3 25.6 25.2 25.9 43.3 41.2 42.1 40.7 41.3 38.7 37.4 32.7 31.2 30.1 27.8 26.4 26.0 27.3 27.3 27.3 24.1 26.7 27.4 25.8 24.7 26.2 30.0 39.4 41.9 42.0 41.8 41.4 41.9 41.7 39.1 39.5 35.1 
Direction:  n {46 134} {44 136} {45 135} {45 135} {44 136} {46 134} {44 136} {44 136} n n n n n n n n n n n n n n n {44 136} {44 136} {46 134} {44 136} {45 135} {47 133} {45 135} {47 133} {45 135} {45 135} n n n n n n n n n {47 133} {43 137} {47 133} {42 138} {46 134} {46 134} {44 136} {45 135} {43 137} {46 134} n n n n n n n n n {46 134} {47 133} {46 134} {42 138} {44 136} {44 136} {48 132} {44 136} n n n n n n n n n n n n n n n n {46 134} {45 135} {45 135} {47 133} {45 135} {46 134} {45 135} {46 134} {47 133} {45 135} n n n n n n n n n {45 135} {46 134} {46 134} {44 136} {46 134} {45 135} {44 136} {44 136} {43 137} n n n n n n n n n n n n n n n {46 134} {46 134} {44 136} {46 134} {42 138} {46 134} {48 132} {43 137} {43 137} n n n n n n n n n n {44 136} {44 136} {44 136} {44 136} {47 133} {46 134} {45 135} {47 133} {45 135} n n n n n n n n n n {46 134} {46 134} {46 134} {43 137} {47 133} {43 137} {43 137} {44 136} n n n n n n n n n n n n n n n n {45 135} {46 134} {45 135} {46 134} {43 137} {44 136} {47 133} {45 135} {40 140}

55.0: Count:   3.8 (  3.9) A:  21.2 [16-52] B:  41.2 [16-112] Phase: 100% 140 (13.2) Direction:  {45 135}
Phase: {0,0,0,0,0,0,0,0,0,0,0,0,0,0,0,0,0,0,0,0,0,0,0,0,0,0,0,0,0,0,0,0,0,0,0,0,0,0,0,0,0,0,0,0,0,0,0,0,0,0,0,0,0,0,0,0,0,0,1,1,0,0,0,0,1,0,1,1,6,5,0,0,7,4,2,7,8,7,5,7,9,11,11,12,8,14,19,24,30,27,41,43,47,48,71,73,72,119,129,159,180,173,202,217,306,348,370,434,500,514,621,723,824,956,1081,1324,1314,1660,1771,1814,2158,2371,2736,2850,3163,3378,3513,3800,3951,4240,4261,4705,4900,5336,5309,5949,5896,6459,6315,6444,6500,6560,6776,6341,6355,5919,5730,5468,5302,4935,4506,4308,4210,3989,3328,3390,3106,2917,2667,2454,2197,1863,1973,1649,1414,1313,1202,1056,869,775,656,653,499,467,409,342,274,267,201,146,199,90,131,90,86,65,65,60,32,31,28,27,28,24,16,26,15,14,16,12,9,8,5,7,7,7,2,7,6,1,4,0,0,5,0,0,0,2,1,0,0,0,0,1,0,0,0,0,0,2,0,0,0,0,0,1,0,0,0,0,0,0,0,0,0,0,0,0,0,0,0,0,0,0,0,0,0,0,0,0,0,0,0,0,0,0,0,0,0,0,0,0,0,0,0,0,0,0,0,0,0,0,0,0,0,0,0,0,0,0,0,0,0,0,0,0,0,0,0,0,0,0,0,0,0,0,0,0,0,0,0,0,0,0,0,0,0,0,0,0,0,0,0,0,0,0,0,0,0,0,0,0,0,0,0,0,0,0,0,0,0,0,0,0,0,0,0,0,0,0,0,0,0,0,0,0,0,0,0,0}
Count:   2.5   9.1   9.3   8.8   8.6   7.9   8.0   6.4   5.5   3.9   0.8   0.2   0.2   0.2   0.2   0.2   0.1   0.2   0.1   0.1   0.2   0.2   0.1   0.1   4.9   9.7   9.7   8.6   9.3   8.0   8.2   6.8   7.6   6.1   0.4   0.2   0.1   0.1   0.2   0.2   0.1   0.2   0.1   4.6   9.4  10.0   9.0   8.7   7.5   8.0   7.1   6.5   5.0   0.5   0.2   0.2   0.2   0.1   0.1   0.1   0.2   0.2   4.5   9.5   8.1   8.5   7.5   8.0   7.0   5.5   4.2   3.3   0.3   0.2   0.1   0.2   0.2   0.2   0.2   0.1   0.2   0.1   0.2   0.2   0.2   0.1   6.3   8.8   9.3   8.0   8.9   8.0   7.6   7.1   7.0   4.6   0.2   0.1   0.2   0.1   0.1   0.2   0.2   0.1   0.1   6.0   8.9   9.2   8.6   8.4   7.4   7.6   6.3   5.6   3.4   0.1   0.2   0.2   0.1   0.2   0.2   0.2   0.2   0.2   0.1   0.1   0.1   0.2   0.1   9.1   9.5   8.9   9.1   8.4   8.4   7.1   7.5   7.1   3.5   0.2   0.2   0.2   0.1   0.2   0.1   0.2   0.1   0.2   8.8   8.9   9.3   8.3   8.7   7.5   7.5   6.2   5.9   2.6   0.2   0.1   0.2   0.2   0.1   0.2   0.1   0.2   0.1   9.0   9.1   8.9   7.7   8.4   7.0   7.2   5.4   4.1   1.9   0.3   0.2   0.2   0.2   0.2   0.2   0.1   0.1   0.2   0.2   0.2   0.1   0.2   1.5   9.9   9.3   9.1   8.9   8.7   8.6   7.6   7.4   6.5 
A: 21.2 22.0 21.8 21.8 22.4 21.3 20.7 19.7 19.3 18.7 18.1 17.1 17.5 17.5 17.7 17.0 16.8 17.3 17.1 17.0 17.5 17.4 17.2 17.1 21.7 21.6 21.8 21.6 21.9 21.6 21.4 20.9 20.5 19.8 20.8 17.6 17.0 17.6 17.4 17.2 17.0 17.2 17.5 21.2 21.7 22.3 22.0 21.9 21.2 21.1 20.2 19.9 19.0 20.9 17.4 17.9 17.1 17.6 17.4 17.3 17.4 17.6 22.5 21.8 21.8 21.7 21.4 20.7 20.1 19.2 18.7 18.4 19.0 17.2 17.7 17.5 17.5 17.1 17.3 17.3 16.6 17.6 17.7 17.5 17.2 17.1 21.5 22.0 21.8 21.6 22.1 21.8 21.2 20.6 20.0 19.4 17.0 17.6 17.1 17.2 17.1 17.9 17.3 17.5 16.9 22.2 21.7 22.1 22.0 21.7 21.1 20.6 19.6 18.9 18.8 18.3 17.3 17.2 18.0 17.1 17.8 17.2 17.1 17.1 17.3 17.8 18.4 16.8 17.5 22.6 22.0 22.0 21.7 21.6 21.5 21.3 20.8 20.1 19.7 17.5 17.6 17.4 17.5 16.9 17.5 17.1 17.4 17.4 21.7 21.9 21.8 21.7 22.0 21.2 20.6 19.7 19.1 18.8 17.8 17.1 17.1 18.0 16.9 17.0 17.3 17.0 17.4 22.5 21.9 22.1 21.5 21.6 20.8 20.5 19.1 18.7 18.4 17.9 17.2 16.7 17.1 17.3 17.4 17.6 17.6 17.1 17.2 17.7 17.7 17.3 21.1 22.2 21.9 22.0 21.4 22.0 21.9 21.4 20.8 19.8 
B: 41.4 43.2 43.0 42.8 44.4 41.9 40.3 37.5 36.2 32.7 32.5 28.0 25.8 27.7 27.1 25.0 27.0 27.6 23.2 25.6 27.0 27.1 26.3 25.0 43.0 42.8 42.8 41.9 42.8 42.2 41.7 40.4 39.5 37.3 36.4 28.8 25.9 30.7 26.7 29.4 25.5 26.6 24.3 40.6 42.4 43.9 43.3 43.0 41.1 41.6 39.0 37.6 34.7 37.3 26.8 26.8 25.4 25.8 26.6 26.1 28.7 29.1 44.5 42.8 42.5 43.0 42.6 40.6 38.8 35.7 33.6 32.0 33.5 27.2 28.4 30.0 27.0 25.4 25.5 26.8 25.0 29.8 30.8 28.9 29.4 26.8 41.7 43.5 42.7 42.2 44.3 42.8 41.8 40.8 38.5 36.3 24.9 29.3 28.4 25.4 26.4 31.7 27.1 26.8 28.9 43.4 42.7 43.8 43.3 43.0 41.6 40.4 36.5 34.2 33.2 29.1 27.5 28.4 30.7 27.5 27.1 25.9 27.4 26.6 26.3 28.2 25.8 25.2 30.0 45.8 43.7 43.7 43.1 43.1 42.9 41.9 40.9 39.2 36.6 25.5 26.9 26.5 29.1 25.8 29.1 24.0 26.8 28.9 42.8 43.0 43.1 42.8 44.0 41.9 40.7 37.4 34.7 33.9 26.4 26.3 26.0 28.7 23.2 28.7 27.6 26.4 25.0 44.4 43.2 44.4 42.4 42.7 39.7 39.8 35.1 33.3 32.6 27.0 25.9 26.9 26.8 30.2 28.1 25.7 27.8 25.6 26.1 28.2 28.3 27.6 40.9 43.8 43.6 43.3 42.1 42.9 42.9 41.8 40.6 38.4 
Direction:  {44 136} {44 136} {44 136} {44 136} {44 136} {46 134} {45 135} {45 135} {43 137} {46 134} n n n n n n n n n n n n n n {45 135} {46 134} {44 136} {46 134} {44 136} {45 135} {44 136} {45 135} {45 135} {44 136} n n n n n n n n n {46 134} {46 134} {45 135} {44 136} {46 134} {46 134} {46 134} {43 137} {43 137} {44 136} n n n n n n n n n {47 133} {46 134} {45 135} {46 134} {44 136} {45 135} {46 134} {46 134} {42 138} n n n n n n n n n n n n n n n {45 135} {46 134} {44 136} {46 134} {44 136} {45 135} {45 135} {45 135} {45 135} {45 135} n n n n n n n n n {44 136} {44 136} {45 135} {44 136} {46 134} {44 136} {46 134} {44 136} {46 134} {47 133} n n n n n n n n n n n n n n {44 136} {45 135} {45 135} {44 136} {45 135} {46 134} {44 136} {45 135} {45 135} {45 135} n n n n n n n n n {47 133} {44 136} {46 134} {44 136} {46 134} {45 135} {44 136} {44 136} {43 137} n n n n n n n n n n {44 136} {46 134} {45 135} {44 136} {47 133} {44 136} {47 133} {46 134} {45 135} n n n n n n n n n n n n n n n {45 135} {46 134} {47 133} {46 134} {46 134} {45 135} {45 135} {45 135} {46 134}

55.1: Count:   4.2 (  4.3) A:  21.7 [16-59] B:  42.0 [16-108] Phase: 100% 140 (12.8) Direction:  {45 135}
Phase: {0,0,0,0,0,0,0,0,0,0,0,0,0,0,0,0,0,0,0,0,0,0,0,0,0,0,0,0,0,0,0,0,0,0,0,1,0,0,0,0,0,0,0,1,2,1,0,1,0,0,0,0,2,2,1,2,1,4,0,0,1,3,8,0,1,3,3,7,12,10,3,6,13,10,17,14,8,22,12,13,21,16,29,26,21,36,40,59,59,37,58,68,69,103,132,111,140,170,175,213,228,289,287,348,361,457,446,601,680,669,774,862,995,1024,1209,1402,1421,1711,1889,1923,2177,2431,2742,2992,2962,3524,3771,3825,4437,4535,5119,5325,5381,6035,6204,6657,6667,7259,6991,7252,7468,7278,7622,6785,7005,6886,6321,6137,5989,5512,5140,4816,4596,4367,3726,3522,3237,3134,2756,2519,2182,1964,2013,1744,1495,1375,1223,1181,1017,915,755,780,654,608,505,486,378,380,381,297,288,237,186,205,149,146,116,113,53,68,76,37,47,66,46,33,22,19,27,17,16,10,12,11,16,3,8,11,3,0,3,5,6,0,3,6,0,1,0,0,2,0,2,2,0,1,0,0,1,2,0,1,0,0,0,0,0,0,0,0,0,0,0,0,0,0,0,0,0,0,0,0,0,0,0,0,0,0,0,0,0,0,0,0,0,0,0,0,0,0,0,0,0,0,0,0,0,0,0,0,0,0,0,0,0,0,0,0,0,0,0,0,0,0,0,0,0,0,0,0,0,0,0,0,0,0,0,0,0,0,0,0,0,0,0,0,0,0,0,0,0,0,0,0,0,0,0,0,0,0,0,0,0,0,0,0,0,0,0,0,0,0,0,0,0,0,0,0,0,0,0,0,0,0,0,0,0,0,0,0}
Count:   2.9  10.6  10.2   9.9   9.3   8.8   8.5   7.5   6.2   4.1   1.0   0.2   0.2   0.2   0.2   0.1   0.2   0.2   0.1   0.1   0.2   0.1   0.2   0.1   5.2  10.8  10.5   9.6  10.0   9.0   9.3   7.9   8.0   6.7   0.3   0.1   0.2   0.2   0.2   0.2   0.2   0.1   0.2   4.8  10.5  11.1   9.9   9.8   8.7   8.4   8.1   7.1   5.7   0.6   0.2   0.2   0.1   0.2   0.1   0.1   0.2   0.2   4.8  10.7   9.2   9.9   8.2   8.9   7.3   6.6   5.0   3.5   0.3   0.2   0.2   0.2   0.2   0.1   0.2   0.1   0.2   0.1   0.1   0.2   0.2   0.1   7.3  10.0  10.3   8.8   9.8   8.8   8.8   8.0   7.7   5.2   0.2   0.1   0.2   0.1   0.1   0.2   0.2   0.1   0.2   7.1  10.2   9.8   9.6   9.3   8.6   8.1   6.8   6.7   3.8   0.2   0.2   0.2   0.2   0.1   0.2   0.2   0.2   0.1   0.2   0.2   0.2   0.2   0.1   9.6  10.0  10.1   9.8   9.6   9.5   8.4   8.5   7.9   3.8   0.2   0.1   0.2   0.1   0.1   0.2   0.2   0.1   0.1   9.6  10.2  10.3   9.1   9.4   8.1   8.5   7.1   6.4   3.0   0.2   0.1   0.2   0.2   0.2   0.1   0.1   0.2   0.2   9.7  10.4   9.8   8.6   9.3   7.9   7.6   6.4   4.7   2.3   0.2   0.2   0.2   0.2   0.2   0.2   0.1   0.1   0.2   0.2   0.2   0.1   0.2   1.5  11.0  10.3  10.6   9.6   9.9   9.7   8.7   8.4   7.4 
A: 21.8 22.5 22.1 22.1 22.7 21.9 21.3 19.9 19.7 18.8 18.4 17.7 17.6 17.3 17.6 17.3 17.1 17.1 16.7 17.3 17.1 17.7 17.4 17.2 23.0 22.0 22.5 22.2 22.4 21.9 22.0 21.1 21.1 20.3 20.5 17.4 17.4 17.9 17.6 17.7 18.1 17.1 17.3 21.2 22.3 22.5 22.3 22.6 21.6 21.6 20.6 20.5 19.8 20.4 17.5 17.4 17.9 17.7 17.6 17.5 17.2 17.7 23.1 22.3 22.2 22.3 21.6 21.3 20.5 19.9 19.1 18.5 19.2 17.1 17.0 17.6 18.3 17.2 17.3 17.8 17.2 17.3 17.8 17.5 17.5 16.8 22.0 22.3 22.6 21.9 22.5 22.4 21.8 21.1 20.8 19.7 17.8 17.4 18.0 16.8 17.5 17.5 17.9 18.0 17.3 22.0 22.0 22.5 22.3 22.2 21.6 21.2 20.2 19.7 19.4 17.8 17.9 17.6 17.1 17.2 17.5 17.2 17.7 17.2 16.9 17.0 17.9 17.5 17.1 22.5 22.7 22.5 22.2 22.0 22.0 21.6 21.4 20.9 19.9 17.5 18.0 17.4 17.6 17.5 17.0 17.9 17.6 17.7 22.1 22.5 22.4 22.3 22.3 21.7 21.1 20.1 19.5 19.2 17.4 17.1 17.1 17.6 17.1 18.3 17.1 17.3 17.2 22.5 22.5 22.5 22.3 21.9 21.4 20.7 19.6 18.9 18.8 17.6 16.9 17.5 18.0 17.3 17.7 17.7 17.9 17.7 17.4 17.6 17.7 18.0 21.1 22.3 22.1 22.4 22.4 22.1 22.5 21.7 21.1 20.4 
B: 42.8 44.0 43.5 42.9 44.8 42.7 41.2 38.6 37.0 32.9 32.3 27.2 22.7 26.6 28.2 24.1 25.8 28.5 23.8 27.3 26.2 25.5 23.4 25.7 45.1 43.1 43.8 43.0 43.6 42.6 43.4 41.1 41.1 38.4 36.9 26.5 26.7 27.7 23.0 26.9 25.3 28.2 23.8 40.3 43.3 44.3 43.7 44.6 42.1 42.3 39.5 38.7 35.7 38.3 25.3 24.8 24.4 25.1 28.6 24.5 25.4 27.5 46.0 43.3 43.3 43.6 42.8 42.1 39.9 37.0 33.9 31.6 33.1 26.1 23.3 26.7 25.5 27.8 27.2 26.6 26.6 27.4 25.7 25.3 27.2 26.3 43.8 44.0 44.5 42.4 44.8 44.0 42.7 41.6 40.1 37.2 25.2 25.2 26.7 25.4 26.1 27.8 25.8 25.9 27.5 43.7 42.9 44.2 44.1 43.8 42.8 41.2 38.0 36.6 34.1 27.6 26.8 27.9 28.1 26.6 24.7 26.2 28.3 28.1 23.9 26.0 27.4 23.9 26.9 44.8 44.8 44.9 44.3 43.5 44.2 42.8 42.1 40.8 37.7 25.7 24.8 24.4 25.4 26.0 27.7 26.2 27.2 28.2 43.3 43.8 44.0 43.3 44.2 42.1 41.4 38.3 36.1 34.4 25.2 28.5 23.4 27.3 24.0 27.5 25.0 27.1 27.0 44.4 44.2 44.4 43.6 43.5 41.3 40.6 36.9 33.7 33.5 26.5 24.6 26.2 25.8 30.6 27.4 23.7 26.5 28.3 27.5 26.4 26.1 25.9 40.8 43.9 43.8 43.9 43.5 43.1 44.7 42.9 40.7 39.7 
Direction:  {46 134} {45 135} {44 136} {45 135} {43 137} {46 134} {43 137} {43 137} {42 138} {42 138} n n n n n n n n n n n n n n {44 136} {44 136} {44 136} {45 135} {44 136} {45 135} {45 135} {46 134} {46 134} {44 136} n n n n n n n n n {43 137} {45 135} {44 136} {45 135} {44 136} {44 136} {46 134} {44 136} {42 138} {44 136} n n n n n n n n n {46 134} {45 135} {46 134} {46 134} {46 134} {45 135} {44 136} {45 135} {44 136} {42 138} n n n n n n n n n n n n n n {45 135} {45 135} {45 135} {44 136} {43 137} {45 135} {46 134} {46 134} {43 137} {46 134} n n n n n n n n n {44 136} {45 135} {46 134} {44 136} {46 134} {45 135} {45 135} {46 134} {44 136} {46 134} n n n n n n n n n n n n n n {44 136} {44 136} {45 135} {46 134} {46 134} {44 136} {44 136} {44 136} {43 137} {44 136} n n n n n n n n n {44 136} {45 135} {44 136} {44 136} {44 136} {45 135} {46 134} {43 137} {47 133} {42 138} n n n n n n n n n {44 136} {45 135} {45 135} {46 134} {46 134} {45 135} {44 136} {45 135} {44 136} n n n n n n n n n n n n n n n {43 137} {44 136} {44 136} {45 135} {46 134} {45 135} {45 135} {44 136} {45 135}

55.2: Count:   4.5 (  4.6) A:  22.1 [16-61] B:  42.0 [16-110] Phase: 100% 140 (15.7) Direction:  {45 135}
Phase: {0,0,0,0,0,0,0,0,0,0,0,0,0,0,0,0,0,0,1,0,0,0,0,0,0,1,0,2,0,0,1,3,0,0,0,0,0,0,0,1,8,0,1,2,2,2,2,1,2,0,2,6,3,6,11,10,7,10,5,12,16,3,10,7,16,11,11,21,28,19,14,15,17,39,19,26,24,47,31,43,52,34,54,54,86,85,64,112,132,118,170,129,168,197,198,239,297,355,299,363,409,466,530,556,625,671,733,854,1011,899,1079,1297,1441,1493,1717,1898,1854,2379,2431,2651,2751,3131,3473,3540,3702,4051,4447,4590,4981,5097,5460,5647,5585,6106,6053,6160,6027,6334,6233,6487,6629,6415,6632,6306,6375,6135,5861,5644,5574,5356,5111,4871,4846,4584,3938,4040,3765,3447,3265,3170,2739,2554,2551,2260,2077,1810,1632,1581,1388,1277,1150,1130,824,877,702,686,623,609,496,371,456,317,322,303,244,205,208,183,148,151,141,79,94,80,90,66,77,43,61,33,42,39,37,22,26,22,26,23,9,13,17,14,13,1,2,13,5,3,5,2,5,3,0,5,1,3,3,6,0,2,2,0,2,6,0,0,0,0,0,0,0,0,0,0,3,0,0,2,0,0,0,0,0,0,0,0,0,0,0,0,0,0,0,0,0,0,0,0,0,0,0,0,0,0,0,0,0,0,2,0,0,0,0,0,0,0,0,0,0,0,0,0,0,0,0,0,0,0,0,0,0,0,0,0,0,0,0,0,0,0,0,0,0,0,0,0,0,0,0,0,0,0,0,0,0,0,0,0,0,0,0,0,0,0,0,0,0,0,0,0,0,0,0,0,0,0,0,0,0,0,0,0,0,0,0,0,0,0,0,0}
Count:   2.8  11.5  10.5  10.7  10.2   9.4   8.5   8.0   7.1   4.7   1.1   0.3   0.2   0.2   0.2   0.1   0.1   0.2   0.2   0.2   0.2   0.2   0.2   0.2   5.6  11.7  11.6  10.9  11.4  10.0   9.9   8.5   8.3   7.0   0.3   0.2   0.2   0.1   0.2   0.3   0.2   0.2   0.2   4.9  11.5  11.8  11.3  10.6   9.8   9.0   8.2   7.8   6.3   0.7   0.3   0.3   0.2   0.2   0.2   0.2   0.2   0.2   5.1  11.8   9.9  10.5   8.9   9.1   7.6   7.2   5.3   4.2   0.3   0.2   0.2   0.2   0.2   0.2   0.2   0.2   0.2   0.2   0.2   0.2   0.2   0.1   7.8  10.9  10.8   9.8  10.5   9.7   9.8   8.9   8.0   5.5   0.2   0.2   0.3   0.2   0.2   0.2   0.2   0.2   0.2   8.0  11.5  10.7  10.6   9.8   9.2   8.2   7.3   7.1   4.1   0.3   0.2   0.2   0.2   0.2   0.2   0.2   0.2   0.2   0.2   0.1   0.2   0.2   0.2  10.5  10.9  11.1  10.5  10.5   9.9   9.3   9.0   7.8   3.9   0.3   0.2   0.2   0.3   0.2   0.2   0.3   0.2   0.2  10.1  11.1  11.1   9.6  10.1   8.7   8.9   7.1   6.5   3.2   0.2   0.2   0.2   0.2   0.2   0.2   0.2   0.2   0.2  10.2  11.1  10.8   9.6   9.7   8.5   7.7   6.5   5.3   2.4   0.2   0.3   0.2   0.2   0.2   0.2   0.2   0.2   0.2   0.2   0.2   0.2   0.2   1.5  11.9  11.3  11.3  10.5  10.7   9.9   9.4   8.4   7.4 
A: 22.3 22.9 22.4 22.5 22.6 22.4 21.7 21.0 20.1 19.3 18.7 18.3 18.0 17.0 17.6 17.2 17.7 17.7 17.2 17.6 17.4 18.0 17.7 17.8 23.2 22.9 22.7 22.9 22.6 22.3 22.9 21.7 21.7 20.8 19.8 17.3 17.5 18.3 17.5 18.0 17.6 17.6 17.5 21.6 23.0 22.6 22.8 22.9 22.4 22.2 21.4 20.9 20.3 21.0 17.7 17.4 18.6 17.6 18.4 17.1 17.4 18.0 23.5 23.0 22.5 22.7 22.5 21.9 21.1 20.7 19.6 19.0 19.3 18.0 17.9 17.8 17.2 17.2 17.2 17.8 17.8 17.2 18.0 17.3 17.9 17.6 22.9 23.1 22.9 22.0 22.9 22.9 22.4 22.0 21.1 20.6 17.6 17.5 18.1 17.2 17.5 17.7 17.6 17.6 17.0 22.5 22.4 22.7 22.5 22.7 22.3 22.0 20.9 20.5 19.4 17.8 17.7 17.3 17.5 17.6 18.3 17.4 17.9 17.5 17.1 17.4 17.9 17.6 18.2 22.7 22.8 22.8 22.6 22.1 22.8 22.2 22.0 21.6 20.7 17.8 18.1 17.5 17.9 17.4 17.8 17.7 17.6 17.4 22.8 23.0 22.7 22.8 22.7 22.2 21.9 21.0 20.4 19.9 17.4 17.3 17.5 17.4 17.5 17.6 17.4 18.1 18.5 22.8 23.0 22.8 22.5 22.5 22.0 21.3 20.5 19.6 18.7 17.4 17.3 17.7 17.8 17.4 18.4 18.1 17.3 17.4 18.0 17.8 17.2 17.9 22.9 22.5 22.6 23.1 22.4 22.2 22.9 22.3 21.7 21.3 
B: 42.9 43.9 43.1 43.2 43.9 43.1 41.1 39.7 36.4 33.1 31.3 26.4 22.7 25.1 23.7 22.9 23.2 23.8 24.0 25.7 24.4 24.8 23.8 25.7 44.9 43.9 43.5 43.6 43.2 42.7 43.6 41.4 40.7 38.5 33.3 24.5 25.0 26.0 23.2 25.0 23.2 23.2 24.1 39.5 43.4 43.4 43.5 44.4 43.1 42.3 40.2 38.8 36.8 38.1 23.9 23.5 27.0 23.4 27.7 21.9 21.7 25.6 45.3 44.2 43.1 43.5 43.3 42.1 39.9 38.6 33.2 30.9 30.1 25.3 25.9 27.4 24.6 24.6 24.1 25.5 25.7 27.1 23.1 23.9 25.2 22.0 44.3 44.8 44.4 41.8 44.6 44.3 43.1 42.5 40.0 37.5 23.0 24.4 23.4 26.8 23.9 23.5 23.4 25.4 24.8 43.8 43.3 44.0 43.1 43.6 43.2 41.9 38.2 36.8 33.0 27.0 24.5 24.1 28.6 26.7 27.3 23.6 27.0 29.8 24.8 25.0 26.1 22.6 25.1 44.1 43.7 44.4 44.2 43.1 44.6 43.3 43.2 41.4 38.0 23.7 23.6 24.1 23.7 26.6 24.9 22.2 23.7 25.3 43.8 44.3 43.9 43.5 43.8 42.4 42.0 39.0 36.3 34.8 25.8 25.8 25.2 25.2 23.2 23.8 22.8 25.8 24.6 43.7 44.1 44.3 43.0 44.4 42.1 40.0 37.4 33.3 30.4 25.8 23.4 25.1 25.2 23.8 24.8 25.9 25.5 28.0 27.0 24.4 23.4 24.5 43.6 43.3 43.4 45.0 42.9 42.6 44.6 43.3 41.1 39.7 
Direction:  {46 134} {46 134} {44 136} {46 134} {45 135} {43 137} {42 138} {41 139} {41 139} {44 136} n n n n n n n n n n n n n n {46 134} {45 135} {43 137} {46 134} {43 137} {47 133} {44 136} {44 136} {43 137} {46 134} n n n n n n n n n {44 136} {45 135} {42 138} {43 137} {42 138} {42 138} {44 136} {42 138} {40 140} {45 135} n n n n n n n n n {45 135} {46 134} {44 136} {46 134} {45 135} {44 136} {43 137} {44 136} {44 136} {43 137} n n n n n n n n n n n n n n {43 137} {46 134} {45 135} {44 136} {45 135} {46 134} {46 134} {46 134} {43 137} {44 136} n n n n n n n n n {43 137} {46 134} {45 135} {45 135} {45 135} {44 136} {46 134} {45 135} {42 138} {45 135} n n n n n n n n n n n n n n {44 136} {45 135} {45 135} {43 137} {45 135} {43 137} {44 136} {43 137} {47 133} {43 137} n n n n n n n n n {46 134} {45 135} {46 134} {44 136} {45 135} {44 136} {44 136} {43 137} {46 134} n n n n n n n n n n {43 137} {46 134} {47 133} {47 133} {46 134} {43 137} {44 136} {45 135} {45 135} n n n n n n n n n n n n n n n {44 136} {44 136} {46 134} {46 134} {43 137} {43 137} {44 136} {45 135} {47 133}

55.3: Count:   4.6 (  4.8) A:  22.4 [16-62] B:  42.2 [16-111] Phase: 100% 139 (17.9) Direction:  {44 136}
Phase: {0,0,0,0,0,0,0,0,0,0,0,0,0,0,0,0,0,0,0,0,0,0,0,0,0,0,0,0,0,0,0,1,0,0,0,0,0,0,0,0,0,1,0,0,0,0,1,0,1,1,0,0,0,0,1,5,2,3,0,0,4,1,7,5,1,7,9,3,12,6,6,10,17,6,11,18,4,24,20,25,29,33,44,39,60,45,58,76,75,114,149,113,164,221,187,239,248,332,361,414,402,483,576,609,731,792,866,1024,1155,1154,1387,1481,1666,1665,2104,2361,2306,2930,3225,3200,3325,3630,4099,4115,4373,4700,4689,4836,5337,5114,5360,5525,5324,5717,5277,5771,5549,5859,5905,6036,6052,5914,5855,5954,5861,5461,5361,5168,5129,4974,4739,4624,4539,4654,3959,4255,3887,3828,3680,3533,3094,2952,3038,2711,2443,2229,2096,1995,1652,1619,1470,1273,1185,1037,892,765,750,600,490,489,499,332,347,321,230,222,230,188,143,143,119,85,83,73,56,53,56,37,42,33,15,28,16,17,22,5,17,19,6,4,2,12,2,2,6,5,4,0,3,0,0,0,0,3,2,1,0,0,0,2,0,0,0,0,0,0,0,0,0,0,0,0,0,0,0,1,0,0,0,0,0,0,0,0,0,0,0,0,0,0,0,0,0,0,0,0,0,0,0,0,0,0,0,0,0,0,0,0,0,0,0,0,0,0,0,0,0,0,0,0,0,0,0,0,0,0,0,0,0,0,0,0,0,0,0,0,0,0,0,0,0,0,0,0,0,0,0,0,0,0,0,0,0,0,0,0,0,0,0,0,0,0,0,0,0,0,0,0,0,0,0,0,0,0,0,0,0,0,0,0,0,0,0,0,0,0,0,0,0,0}
Count:   3.0  11.8  11.4  11.5  10.4   9.7   8.7   8.0   6.6   4.4   1.0   0.2   0.2   0.2   0.3   0.2   0.2   0.2   0.2   0.2   0.2   0.2   0.2   0.2   6.0  12.2  12.1  11.7  11.9  10.2  10.0   8.5   8.1   6.9   0.3   0.3   0.2   0.2   0.2   0.2   0.2   0.2   0.2   5.1  12.0  11.8  11.7  10.6  10.0   8.7   8.0   7.8   5.8   0.5   0.3   0.2   0.2   0.2   0.2   0.2   0.2   0.2   5.4  12.5  10.7  10.6   9.1   8.9   7.3   6.5   5.0   4.0   0.3   0.2   0.2   0.2   0.2   0.2   0.2   0.2   0.2   0.2   0.2   0.2   0.3   0.2   8.5  11.3  11.7  10.5  10.7   9.9  10.3   8.6   7.9   5.2   0.2   0.3   0.3   0.2   0.2   0.2   0.2   0.2   0.2   8.5  12.1  11.0  10.3  10.2   9.5   8.5   7.3   6.8   3.6   0.3   0.2   0.2   0.2   0.2   0.1   0.2   0.2   0.2   0.2   0.1   0.2   0.2   0.2  10.9  11.4  11.6  10.6  10.5   9.9   9.5   8.9   7.8   3.9   0.2   0.2   0.2   0.2   0.2   0.3   0.2   0.2   0.2  10.5  11.9  11.6  10.0  10.0   8.5   8.8   6.7   6.4   2.9   0.2   0.2   0.2   0.2   0.2   0.2   0.2   0.2   0.2  10.9  11.4  10.8  10.1   9.6   8.8   7.8   6.5   5.4   2.1   0.3   0.3   0.2   0.2   0.3   0.3   0.2   0.2   0.2   0.2   0.2   0.2   0.2   1.6  12.9  11.4  11.7  10.7  11.0   9.7   9.8   8.1   7.6 
A: 22.8 23.3 22.7 22.9 23.2 22.8 21.8 21.7 20.7 19.3 18.5 17.9 17.8 17.2 18.0 17.7 17.6 17.4 17.1 17.3 17.6 18.0 17.5 17.8 23.4 22.9 22.8 22.9 22.9 22.7 22.6 22.4 21.9 21.3 19.6 17.5 17.5 17.3 18.0 18.1 17.8 17.0 17.2 21.5 22.8 23.0 22.7 23.2 22.6 22.3 21.9 21.5 20.4 21.5 17.6 18.3 17.7 17.7 18.5 17.5 17.1 17.9 23.3 22.9 22.8 22.7 22.8 22.1 21.5 21.2 19.9 19.0 19.0 18.0 18.5 17.2 17.9 17.7 18.3 17.7 17.6 17.7 17.4 17.5 17.7 17.4 23.3 23.1 23.1 22.3 23.0 23.5 22.9 22.4 21.6 20.9 17.9 17.3 17.7 18.0 17.2 17.2 17.6 16.8 17.7 22.8 22.9 22.8 22.7 22.9 22.5 22.0 21.2 20.5 19.4 17.7 17.7 18.0 18.1 17.7 16.9 16.8 17.2 17.2 18.0 17.5 17.6 17.5 18.3 23.2 23.1 22.9 22.8 22.6 22.7 22.6 22.4 21.8 21.3 17.8 17.5 17.3 18.2 16.9 17.6 17.9 17.5 18.1 23.1 23.3 22.9 22.9 23.1 23.0 22.1 21.3 20.6 20.2 18.4 17.4 17.4 17.4 17.9 17.8 17.6 17.3 17.9 23.0 23.3 23.1 22.8 22.8 22.1 21.7 20.6 19.7 19.4 17.7 17.3 17.3 18.0 17.4 17.4 17.8 17.5 17.8 17.6 17.4 17.4 17.3 23.9 22.9 22.7 23.3 22.5 22.9 23.3 22.4 21.9 21.4 
B: 43.9 44.8 43.4 43.4 44.8 43.9 40.9 40.4 36.7 31.5 30.6 25.2 22.1 25.7 23.5 23.1 23.7 21.8 21.8 22.6 23.1 23.5 26.8 24.9 45.3 43.2 43.3 43.4 43.6 42.9 43.2 42.6 40.6 38.1 30.9 22.7 24.2 23.3 22.7 24.3 24.2 23.5 22.9 39.0 42.8 43.5 43.7 44.4 43.5 41.7 40.9 39.3 35.8 36.7 22.3 24.1 25.0 22.7 27.0 22.5 22.8 24.3 44.1 44.0 43.7 43.1 43.8 41.9 39.9 38.4 33.4 30.1 29.0 25.0 24.6 23.3 24.1 23.2 24.8 23.6 21.9 24.4 22.9 25.1 24.6 25.2 45.0 44.2 44.6 42.1 44.6 44.9 44.4 42.7 41.0 37.4 24.9 23.5 24.5 23.9 22.8 25.9 21.7 22.2 24.2 44.4 44.4 43.5 43.4 44.1 43.1 41.3 39.0 36.3 33.0 25.5 25.7 25.1 23.4 23.9 24.9 20.4 24.9 23.8 24.5 23.6 23.5 23.9 25.5 44.7 43.9 44.4 44.2 42.9 44.0 43.9 43.5 40.6 38.6 22.9 25.3 23.8 24.5 23.0 25.5 25.9 22.9 24.0 43.8 44.8 43.9 43.4 44.6 43.8 42.2 40.1 36.0 34.2 25.3 24.7 22.9 24.3 25.4 24.2 23.8 23.2 24.5 44.4 44.7 44.6 43.7 44.3 42.4 40.3 36.6 32.9 30.5 25.7 24.6 23.1 23.4 24.8 22.9 24.9 25.4 26.9 24.4 23.7 24.7 25.1 44.1 44.2 43.3 45.7 42.9 43.9 45.0 43.2 41.4 38.9 
Direction:  n {44 136} {41 139} {45 135} {45 135} {44 136} {44 136} {40 140} {42 138} {43 137} n n n n n n n n n n n n n n {44 136} {43 137} {45 135} {44 136} {43 137} {43 137} {44 136} {44 136} {44 136} {42 138} n n n n n n n n n {46 134} {44 136} {43 137} {44 136} {43 137} {44 136} {46 134} {45 135} {44 136} {41 139} n n n n n n n n n {44 136} {45 135} {47 133} {44 136} {44 136} {43 137} {43 137} {44 136} {40 140} {43 137} n n n n n n n n n n n n n n {45 135} {44 136} {44 136} {42 138} {46 134} {44 136} {47 133} {47 133} {46 134} {44 136} n n n n n n n n n {44 136} {44 136} {46 134} {44 136} {46 134} {41 139} {47 133} {45 135} {43 137} n n n n n n n n n n n n n n n {45 135} {46 134} {41 139} {44 136} {46 134} {45 135} {44 136} {44 136} {46 134} {47 133} n n n n n n n n n {46 134} {41 139} {45 135} {47 133} {44 136} {46 134} {44 136} {44 136} {44 136} n n n n n n n n n n {46 134} {45 135} {43 137} {45 135} {45 135} {44 136} {44 136} {44 136} {37 143} n n n n n n n n n n n n n n n {44 136} {45 135} {44 136} {45 135} {45 135} {44 136} {43 137} {45 135} {43 137}

55.4: Count:   4.3 (  4.6) A:  22.3 [16-59] B:  43.2 [16-116] Phase: 100% 140 (15.4) Direction:  {44 136}
Phase: {0,0,0,0,0,0,0,0,0,0,0,0,0,0,0,0,0,0,0,0,0,0,0,0,0,0,0,0,0,0,0,0,0,0,0,0,0,0,0,0,0,0,0,0,0,0,0,0,0,0,0,1,0,0,2,0,0,1,2,3,0,2,0,3,2,3,0,1,6,3,6,1,5,4,9,16,5,12,27,10,16,18,14,21,28,34,38,45,63,61,85,60,76,99,101,106,138,166,153,203,244,276,264,381,452,435,440,543,704,673,831,939,1139,1209,1400,1674,1723,2038,2383,2400,2790,3074,3362,3601,3842,4045,4489,4693,5280,5271,5687,5719,5988,6215,6005,6542,6201,6865,6221,6404,6374,6464,6294,6217,6169,5888,5918,5866,5686,5591,5415,4989,4899,4769,4076,4137,3813,3546,3319,3095,2784,2470,2442,2072,1934,1707,1532,1492,1091,1114,926,833,708,673,588,503,423,382,292,229,315,199,194,175,144,97,108,77,58,84,37,57,37,24,35,26,17,22,19,16,16,13,7,5,4,9,5,2,4,6,0,4,3,0,0,2,0,2,1,0,0,1,0,0,0,0,0,0,0,0,0,0,0,1,0,1,0,0,0,0,0,0,0,0,0,0,0,0,0,0,0,0,0,0,0,0,0,0,0,0,0,0,0,0,0,0,0,0,0,0,0,0,0,0,0,0,0,0,0,0,0,0,0,0,0,0,0,0,0,0,0,0,0,0,0,0,0,0,0,0,0,0,0,0,0,0,0,0,0,0,0,0,0,0,0,0,0,0,0,0,0,0,0,0,0,0,0,0,0,0,0,0,0,0,0,0,0,0,0,0,0,0,0,0,0,0,0,0,0,0,0,0,0,0,0,0,0,0,0,0}
Count:   3.0  11.9  10.7  11.0   9.9   9.2   8.1   7.0   5.6   3.5   0.7   0.2   0.2   0.1   0.2   0.1   0.1   0.1   0.1   0.1   0.1   0.1   0.1   0.1   5.9  11.8  11.4  11.2  11.4   9.8   9.6   8.3   7.4   6.1   0.2   0.2   0.1   0.1   0.1   0.1   0.1   0.1   0.1   5.1  12.0  11.3  11.2   9.8   9.8   7.7   7.8   7.1   5.2   0.4   0.1   0.1   0.1   0.2   0.1   0.1   0.2   0.1   5.5  11.9  10.3   9.7   8.7   8.5   6.4   5.8   4.4   3.1   0.2   0.2   0.2   0.2   0.1   0.1   0.1   0.1   0.1   0.2   0.1   0.1   0.1   0.1   8.5  11.0  11.4  10.3  10.3   9.6   9.3   8.5   7.8   4.6   0.1   0.1   0.1   0.1   0.2   0.1   0.1   0.1   0.1   8.7  11.9  10.6   9.9   9.5   9.0   7.7   6.8   6.0   3.2   0.2   0.2   0.1   0.1   0.1   0.1   0.1   0.1   0.1   0.1   0.1   0.1   0.2   0.1  11.0  11.4  11.6  10.2  10.4   9.3   9.2   8.3   7.4   3.5   0.2   0.1   0.1   0.1   0.1   0.1   0.1   0.1   0.1  10.2  11.3  11.4   9.6   9.6   8.5   7.9   6.1   5.6   2.4   0.2   0.1   0.1   0.1   0.1   0.2   0.2   0.1   0.1  10.6  11.2  10.4  10.0   8.9   8.4   7.1   6.1   4.5   1.7   0.2   0.2   0.1   0.1   0.1   0.2   0.1   0.1   0.2   0.2   0.1   0.1   0.2   1.8  12.5  10.9  11.6  10.3  11.1   9.3   9.3   7.5   7.0 
A: 23.1 22.9 22.3 22.6 23.2 22.2 21.6 21.4 20.2 18.9 18.0 17.5 17.0 17.8 17.5 17.2 17.0 16.9 17.2 17.8 17.1 16.9 17.3 17.6 23.2 22.3 22.3 22.7 22.4 22.3 22.2 22.3 21.7 20.6 19.8 18.0 17.1 17.3 17.8 17.9 17.5 17.1 17.4 21.6 22.5 22.5 22.5 23.0 22.8 21.8 21.9 20.9 19.9 20.8 17.4 17.7 17.4 18.1 18.4 17.6 17.5 17.7 22.9 22.9 22.6 22.5 22.4 21.8 21.2 20.7 19.3 18.6 18.2 18.2 18.0 17.0 17.6 17.6 17.6 17.8 17.9 17.6 18.0 18.0 18.0 17.4 23.3 22.8 23.0 22.5 23.0 23.0 22.9 22.0 21.5 20.7 18.3 17.0 17.9 17.9 17.3 17.0 17.4 18.0 17.0 22.8 23.4 22.6 23.0 23.0 22.5 21.5 21.2 20.4 19.3 17.5 18.0 17.5 17.2 17.1 17.4 17.4 17.9 17.6 18.7 17.0 17.6 17.1 17.6 22.7 22.5 23.1 22.9 22.5 22.6 22.6 22.0 21.2 20.9 17.7 16.7 17.2 17.9 17.5 17.2 17.5 17.2 18.3 22.9 23.0 23.0 22.5 22.6 22.6 21.7 21.1 19.9 19.4 17.8 17.4 17.0 17.4 17.4 17.3 17.2 17.1 17.0 22.7 23.2 22.9 22.8 22.7 22.0 21.3 20.3 19.3 18.9 17.1 17.3 17.7 17.3 17.7 17.5 17.4 17.1 17.7 17.7 17.2 17.3 17.4 24.1 22.7 22.8 22.9 22.5 22.8 23.0 22.4 21.5 21.2 
B: 45.5 45.0 43.5 44.0 45.9 43.6 42.0 41.1 37.1 31.8 30.9 24.4 23.2 27.7 25.3 22.7 25.5 23.7 20.7 22.9 23.5 26.3 26.2 25.7 46.1 43.5 43.3 44.3 43.8 43.1 43.3 43.4 41.2 38.2 31.3 24.4 25.8 25.2 25.4 22.3 25.4 25.1 26.6 40.2 43.9 43.9 44.0 45.0 44.7 41.9 42.2 39.1 36.3 36.2 23.5 25.5 23.8 24.0 26.8 22.8 23.5 23.8 43.9 45.2 44.2 43.9 43.9 42.7 40.2 38.3 34.0 31.5 29.3 29.8 25.6 23.1 25.4 26.0 23.5 22.8 24.3 25.4 24.5 27.4 26.3 25.3 45.7 44.5 45.2 44.1 45.6 45.3 45.8 43.0 41.6 38.6 24.9 24.5 25.4 25.2 23.5 23.6 21.5 24.0 24.0 45.3 46.2 44.7 45.1 45.5 44.4 41.4 40.2 37.6 33.7 27.0 26.5 25.3 23.5 23.1 25.8 24.6 24.2 25.5 26.9 22.6 26.0 27.0 24.0 45.6 44.2 46.1 45.5 44.5 44.9 44.9 43.2 40.4 39.4 24.4 23.9 26.2 25.0 24.1 24.7 25.8 22.8 26.8 45.0 45.5 45.3 44.1 44.5 44.5 42.0 40.5 36.2 33.6 26.4 23.7 23.0 25.0 25.7 25.2 23.9 23.6 22.9 45.0 45.6 45.6 45.0 44.7 43.0 40.5 37.3 33.9 31.5 25.7 24.5 22.8 23.7 28.5 23.7 25.1 26.3 25.6 25.1 25.1 28.8 25.4 46.9 45.3 44.6 45.9 44.3 44.6 45.4 44.2 41.8 40.6 
Direction:  {45 135} {42 138} {43 137} {44 136} {43 137} {44 136} {44 136} {44 136} {42 138} {40 140} n n n n n n n n n n n n n n {46 134} {43 137} {45 135} {45 135} {44 136} {47 133} {44 136} {46 134} {44 136} {42 138} n n n n n n n n n {44 136} {43 137} {45 135} {46 134} {47 133} {46 134} {41 139} {43 137} {43 137} {42 138} n n n n n n n n n {43 137} {46 134} {46 134} {44 136} {44 136} {43 137} {43 137} {45 135} {41 139} {44 136} n n n n n n n n n n n n n n {45 135} {43 137} {44 136} {44 136} {44 136} {43 137} {44 136} {44 136} {43 137} {44 136} n n n n n n n n n {44 136} {43 137} {42 138} {43 137} {44 136} {42 138} {42 138} {42 138} {45 135} n n n n n n n n n n n n n n n {43 137} {42 138} {44 136} {44 136} {46 134} {42 138} {44 136} {44 136} {42 138} {42 138} n n n n n n n n n {44 136} {44 136} {44 136} {43 137} {46 134} {43 137} {46 134} {47 133} {45 135} n n n n n n n n n n {44 136} {45 135} {46 134} {42 138} {45 135} {45 135} {41 139} {43 137} {42 138} n n n n n n n n n n n n n n n {44 136} {43 137} {44 136} {45 135} {42 138} {44 136} {43 137} {42 138} {46 134}

55.5: Count:   3.9 (  4.3) A:  21.8 [16-55] B:  44.0 [16-114] Phase: 100% 140 (11.5) Direction:  {44 136}
Phase: {0,0,0,0,0,0,0,0,0,0,0,0,0,0,0,0,0,0,0,0,0,0,0,0,0,0,0,0,0,0,0,0,0,0,0,0,0,0,0,0,0,0,0,0,0,0,0,0,0,0,0,0,0,0,0,0,0,0,0,0,0,0,0,0,0,0,0,0,0,0,0,0,0,0,0,0,0,0,1,0,0,2,5,5,1,7,7,6,13,4,16,12,11,18,18,31,29,36,66,59,62,77,87,120,117,133,159,187,244,266,314,406,442,527,651,815,782,1156,1178,1461,1578,1961,2196,2368,2738,3240,3849,3955,4476,4758,5126,5622,5998,6644,6605,7167,6883,7721,7613,7946,7999,7735,7771,7543,7564,7148,6719,6527,6226,5696,5354,4981,4741,4363,3755,3776,3169,2720,2547,2221,1895,1469,1480,1233,1117,933,835,717,529,434,406,325,263,255,166,172,152,132,88,69,72,77,36,41,28,34,13,13,10,8,13,11,9,0,5,4,3,6,6,2,0,0,1,0,0,0,0,0,0,0,0,0,2,0,0,0,0,0,0,0,0,0,0,0,0,0,0,0,0,0,0,0,0,0,0,0,0,0,0,0,0,0,0,0,0,0,0,0,0,0,0,0,0,0,0,0,0,0,0,0,0,0,0,0,0,0,0,0,0,0,0,0,0,0,0,0,0,0,0,0,0,0,0,0,0,0,0,0,0,0,0,0,0,0,0,0,0,0,0,0,0,0,0,0,0,0,0,0,0,0,0,0,0,0,0,0,0,0,0,0,0,0,0,0,0,0,0,0,0,0,0,0,0,0,0,0,0,0,0,0,0,0,0,0,0,0,0,0,0,0,0,0,0,0,0,0,0,0,0,0}
Count:   3.0  10.9   9.9  10.1   9.1   8.0   6.9   6.4   4.9   2.6   0.4   0.1   0.1   0.0   0.1   0.0   0.0   0.0   0.0   0.1   0.1   0.0   0.1   0.1   5.7  11.2  10.6  10.5  10.3   9.3   8.5   7.9   6.8   4.9   0.1   0.1   0.1   0.1   0.1   0.0   0.1   0.0   0.1   4.6  11.5  10.3  10.1   9.0   8.8   6.9   7.6   6.4   4.0   0.2   0.1   0.1   0.1   0.0   0.1   0.1   0.1   0.1   5.3  10.9   9.6   9.0   7.8   8.0   5.5   4.9   3.2   1.9   0.1   0.1   0.1   0.0   0.1   0.1   0.0   0.1   0.1   0.1   0.1   0.1   0.0   0.1   8.2  10.4  10.9   9.7   9.5   8.9   8.5   7.9   6.9   4.3   0.1   0.0   0.1   0.1   0.0   0.1   0.1   0.1   0.1   8.6  11.1   9.6   9.2   8.6   8.7   6.8   6.0   5.1   2.3   0.1   0.1   0.1   0.0   0.1   0.1   0.0   0.1   0.1   0.1   0.1   0.1   0.1   0.0  10.8  10.5  10.7   9.6   9.7   8.7   8.3   8.0   6.4   3.0   0.1   0.1   0.1   0.1   0.1   0.1   0.1   0.0   0.1  10.3  10.6  10.5   8.9   8.9   7.8   7.0   5.5   4.6   1.8   0.1   0.1   0.1   0.1   0.0   0.1   0.1   0.1   0.1   9.8  10.5   9.8   9.5   8.2   7.7   6.5   5.0   3.6   1.0   0.1   0.1   0.1   0.1   0.1   0.1   0.0   0.1   0.1   0.1   0.0   0.1   0.1   1.8  11.6  10.5  10.7   9.5  10.0   8.6   8.7   7.0   6.2 
A: 22.5 22.2 21.8 21.9 22.5 21.8 21.1 20.4 19.3 18.5 17.6 17.7 16.4 17.3 17.2 17.8 17.0 16.9 17.0 17.0 17.7 17.2 17.7 17.7 23.2 21.8 21.9 22.3 22.1 21.7 21.6 21.8 21.0 19.5 18.6 17.2 17.5 16.6 17.2 16.8 16.6 16.8 17.3 20.8 22.2 22.3 21.7 22.4 22.3 21.5 21.3 20.0 19.1 19.9 17.3 17.8 17.3 17.1 16.9 16.7 17.0 17.0 21.9 22.5 22.3 21.7 22.1 21.8 20.5 19.9 18.6 17.8 17.5 17.2 17.5 16.8 17.4 17.0 17.5 17.4 17.4 17.5 16.8 17.2 17.3 17.0 22.9 22.3 22.5 22.0 22.3 22.5 22.0 21.5 21.1 19.7 17.2 16.9 17.0 16.6 17.2 16.7 16.4 17.3 17.0 23.2 22.8 21.9 22.5 22.6 22.1 21.2 20.6 19.9 18.4 16.8 17.1 17.4 16.6 17.3 17.2 18.0 17.8 17.5 17.6 16.6 17.0 16.7 17.5 22.2 21.9 22.9 22.6 21.9 22.1 21.9 21.9 20.6 20.6 17.1 17.3 16.6 18.0 17.6 16.8 16.7 16.5 17.3 22.6 22.4 22.5 22.1 22.1 22.1 21.4 20.7 19.5 19.0 16.9 16.9 16.7 16.9 17.1 17.4 16.9 17.4 16.9 22.0 22.3 22.5 22.3 21.7 21.3 20.9 19.8 18.5 18.5 17.1 17.1 17.2 16.7 17.0 17.7 17.2 18.1 17.3 17.0 17.3 17.2 17.3 24.0 22.5 22.2 22.6 22.7 22.4 22.4 22.1 21.3 20.6 
B: 46.2 44.8 43.8 44.2 46.1 44.4 42.2 40.7 37.0 33.3 32.7 26.2 27.3 29.1 29.6 26.9 23.7 26.5 31.4 25.0 26.9 20.1 25.8 27.3 47.8 43.9 44.1 44.8 44.5 43.9 43.1 44.4 41.7 37.4 32.0 26.9 28.7 26.6 28.7 27.7 23.2 32.7 25.8 40.9 44.7 44.8 43.5 45.4 45.3 42.9 42.5 38.7 36.1 36.7 28.0 27.2 28.7 21.7 28.7 26.5 28.3 26.6 43.6 45.9 45.4 43.8 44.6 44.2 40.2 38.2 34.9 31.4 30.4 28.5 27.0 23.5 28.9 31.4 25.5 29.6 29.8 25.7 26.5 25.8 28.7 25.0 46.6 45.3 45.9 44.5 45.6 45.7 45.3 43.5 42.2 38.6 26.5 30.3 27.6 27.4 23.8 25.1 22.3 27.8 24.7 47.8 46.4 44.3 45.8 45.9 45.6 42.7 40.5 38.5 35.4 29.1 28.3 28.5 24.4 24.2 29.9 27.5 26.3 23.9 25.3 28.6 27.6 24.4 29.2 45.6 44.3 46.9 46.3 44.8 45.8 44.7 44.6 41.0 40.3 26.5 27.0 28.5 29.2 28.9 26.2 22.7 24.7 26.7 46.2 45.2 45.7 45.1 45.4 44.4 43.0 40.8 37.8 35.4 25.5 27.0 25.1 24.5 28.1 28.7 26.1 24.6 27.3 45.0 45.8 46.1 45.5 44.6 43.1 41.3 37.3 34.1 31.8 26.8 25.5 25.5 25.8 29.3 25.6 26.4 26.6 27.9 26.9 25.3 26.7 26.5 49.2 45.8 45.3 46.5 46.4 45.4 45.3 45.1 43.3 41.5 
Direction:  {46 134} {46 134} {44 136} {44 136} {45 135} {44 136} {43 137} {43 137} {44 136} n n n n n n n n n n n n n n n {44 136} {44 136} {43 137} {44 136} {43 137} {44 136} {45 135} {44 136} {44 136} {45 135} n n n n n n n n n {45 135} {46 134} {44 136} {44 136} {44 136} {46 134} {45 135} {45 135} {42 138} {46 134} n n n n n n n n n {44 136} {45 135} {46 134} {45 135} {44 136} {42 138} {45 135} {42 138} {45 135} n n n n n n n n n n n n n n n {46 134} {45 135} {45 135} {44 136} {46 134} {44 136} {44 136} {44 136} {46 134} {44 136} n n n n n n n n n {44 136} {45 135} {44 136} {45 135} {45 135} {43 137} {46 134} {43 137} {44 136} n n n n n n n n n n n n n n n {44 136} {45 135} {46 134} {44 136} {44 136} {45 135} {43 137} {45 135} {43 137} {42 138} n n n n n n n n n {44 136} {44 136} {44 136} {44 136} {46 134} {45 135} {45 135} {45 135} {44 136} n n n n n n n n n n {44 136} {45 135} {46 134} {45 135} {45 135} {46 134} {45 135} {44 136} {44 136} n n n n n n n n n n n n n n n {44 136} {44 136} {44 136} {45 135} {44 136} {44 136} {46 134} {45 135} {43 137}

55.6: Count:   3.6 (  4.0) A:  21.4 [16-53] B:  43.4 [16-108] Phase: 100% 140 (11.3) Direction:  {44 136}
Phase: {0,0,0,0,0,0,0,0,0,0,0,0,0,0,0,0,0,0,0,0,0,0,0,0,0,0,0,0,0,0,0,0,0,0,0,0,0,0,0,0,0,0,0,0,0,0,0,0,0,0,0,0,0,0,0,0,0,0,0,0,0,0,0,0,0,0,0,0,0,0,0,0,0,0,1,0,0,0,1,0,0,3,0,0,3,7,3,1,7,3,2,9,11,7,26,18,13,34,17,30,32,46,54,64,83,99,118,145,195,146,197,257,321,361,470,568,643,894,949,1107,1365,1597,1879,2155,2509,2726,3404,3716,4392,4726,5022,5747,5917,6601,6658,6899,6980,7308,7010,7477,7544,7270,7111,6912,6739,6692,6235,6024,5857,5488,4965,4658,4481,4134,3375,3156,2846,2579,2214,1825,1550,1344,1198,1040,871,742,630,489,376,326,275,221,189,156,129,96,71,79,71,34,44,36,38,11,13,9,7,7,5,8,0,6,1,1,0,1,0,1,0,0,0,0,0,0,0,0,2,0,0,0,0,0,0,0,0,0,0,0,0,0,0,0,0,0,0,0,0,0,0,0,0,0,0,0,0,0,0,0,0,0,0,0,0,0,0,0,0,0,0,0,0,0,0,0,0,0,0,0,0,0,0,0,0,0,0,0,0,0,0,0,0,0,0,0,0,0,0,0,0,0,0,0,0,0,0,0,0,0,0,0,0,0,0,0,0,0,0,0,0,0,0,0,0,0,0,0,0,0,0,0,0,0,0,0,0,0,0,0,0,0,0,0,0,0,0,0,0,0,0,0,0,0,0,0,0,0,0,0,0,0,0,0,0,0,0,0,0,0,0,0,0,0,0,0,0,0,0,0,0,0}
Count:   3.0  10.2   9.2   9.4   8.4   8.0   5.9   5.5   4.1   1.9   0.3   0.0   0.0   0.1   0.0   0.1   0.0   0.0   0.0   0.1   0.0   0.0   0.1   0.1   5.4  10.5  10.0   9.9   9.6   8.8   8.1   7.6   5.6   4.5   0.0   0.1   0.0   0.0   0.0   0.0   0.0   0.0   0.0   4.4  10.6   9.4   9.3   8.5   8.0   6.8   7.1   5.1   3.3   0.1   0.0   0.1   0.0   0.0   0.1   0.1   0.0   0.0   5.5  10.3   8.8   8.5   7.4   7.1   4.7   4.4   2.6   1.4   0.1   0.1   0.1   0.1   0.0   0.0   0.0   0.0   0.1   0.0   0.0   0.0   0.0   0.0   7.8  10.0   9.7   9.2   8.4   8.1   7.8   7.3   6.0   3.8   0.1   0.1   0.1   0.0   0.0   0.0   0.1   0.1   0.0   7.7  10.5   8.5   8.4   7.7   7.7   6.1   5.4   4.0   1.8   0.1   0.1   0.1   0.1   0.1   0.1   0.0   0.1   0.0   0.1   0.1   0.0   0.0   0.0  10.4   9.8  10.1   8.6   8.9   7.9   7.6   7.0   5.5   2.7   0.1   0.0   0.0   0.0   0.0   0.1   0.0   0.1   0.1   9.5  10.4   9.6   8.6   7.9   7.3   6.5   4.9   4.0   1.3   0.1   0.0   0.0   0.0   0.1   0.1   0.1   0.1   0.0   9.0  10.0   8.9   9.3   7.0   7.0   6.0   4.3   2.7   0.6   0.1   0.1   0.1   0.0   0.0   0.1   0.0   0.0   0.0   0.0   0.0   0.1   0.0   1.6  10.9   9.7  10.3   9.0   9.7   8.0   8.1   6.5   5.1 
A: 22.4 22.1 21.4 21.4 21.5 22.0 20.7 20.0 19.0 17.9 17.5 17.2 17.2 17.6 16.8 16.5 17.5 16.9 17.6 17.2 16.7 16.9 17.0 17.0 23.3 21.4 21.6 21.8 21.5 21.5 21.4 21.4 20.2 19.0 18.3 17.4 17.9 17.1 17.3 17.3 16.5 17.2 17.3 21.3 21.9 21.5 21.3 21.6 21.8 20.9 20.5 19.4 18.6 20.7 16.2 17.4 17.4 17.1 18.2 16.4 16.6 16.8 20.9 21.9 21.7 21.7 21.4 21.1 20.1 19.1 18.5 17.7 17.5 17.2 17.1 17.3 17.1 16.6 16.9 16.3 16.5 17.3 17.2 16.5 18.0 17.4 22.5 21.7 21.9 21.7 21.7 21.6 21.7 21.3 20.4 19.4 17.5 17.1 16.9 16.5 18.6 17.3 16.4 17.0 18.3 22.5 22.2 21.3 21.4 21.5 21.5 20.7 20.3 19.1 18.2 17.5 18.3 18.2 17.0 16.7 17.1 16.5 18.1 17.0 17.3 16.6 17.7 16.8 16.7 21.8 21.8 22.3 22.2 21.2 21.4 21.7 21.4 20.2 19.5 16.2 17.2 16.2 17.3 16.6 16.9 16.8 17.5 16.7 21.7 21.9 22.2 21.6 21.6 21.6 21.1 20.1 19.4 19.4 17.2 16.6 17.2 16.7 17.4 18.2 16.4 16.8 16.5 22.0 21.9 22.2 21.8 21.4 20.8 20.5 19.1 18.1 17.6 16.9 16.6 17.4 16.5 17.0 16.3 18.5 17.2 16.6 17.8 17.1 17.7 16.0 24.2 22.2 21.9 22.1 22.1 21.6 21.8 21.7 20.9 20.4 
B: 46.1 45.4 43.8 43.4 44.7 45.2 41.6 39.5 36.3 32.0 30.7 29.9 29.2 27.2 25.3 24.6 27.3 26.7 30.1 24.4 30.7 25.9 29.4 29.4 48.1 43.6 43.5 44.1 43.8 43.7 43.6 43.3 40.5 36.7 32.7 30.8 27.2 29.1 24.0 28.8 23.0 31.2 26.6 42.3 44.1 43.4 43.4 44.6 44.1 42.8 41.1 38.2 34.8 37.7 21.4 28.3 27.7 25.6 30.4 28.4 29.7 34.4 42.8 44.7 44.1 44.1 43.8 42.4 39.3 36.7 34.9 31.1 29.7 29.3 25.7 26.6 32.1 27.7 27.4 26.2 27.1 21.9 30.9 24.2 30.2 27.6 46.4 45.0 45.0 44.6 44.1 44.4 44.4 43.4 41.0 37.8 31.6 30.1 27.0 26.5 32.0 29.6 30.6 28.1 28.0 46.6 45.6 43.5 44.3 44.0 44.2 41.8 40.3 37.4 33.5 28.7 25.4 29.5 27.8 24.1 27.9 24.0 27.4 25.6 28.3 25.6 26.7 28.2 25.1 45.5 44.9 46.4 45.9 44.0 44.2 44.9 43.7 40.4 38.2 25.2 21.9 26.1 27.0 28.9 26.1 26.2 31.8 26.6 44.2 44.4 45.8 44.2 44.3 44.1 42.6 40.4 37.6 35.3 29.7 23.1 27.6 26.2 28.1 27.7 26.6 24.3 23.6 45.4 45.0 45.6 45.1 43.7 42.5 40.8 36.5 33.9 30.9 24.8 27.1 28.6 27.4 30.4 25.6 29.5 28.6 32.7 31.8 32.6 31.1 26.4 50.4 45.6 45.1 45.4 45.3 44.2 44.4 45.1 42.7 40.7 
Direction:  {43 137} {44 136} {44 136} {45 135} {45 135} {42 138} {44 136} {43 137} {44 136} n n n n n n n n n n n n n n n {43 137} {44 136} {43 137} {44 136} {44 136} {45 135} {43 137} {47 133} {46 134} {45 135} n n n n n n n n n {44 136} {44 136} {44 136} {43 137} {43 137} {45 135} {44 136} {43 137} {43 137} {45 135} n n n n n n n n n {42 138} {45 135} {45 135} {43 137} {44 136} {44 136} {44 136} {43 137} {43 137} n n n n n n n n n n n n n n n {43 137} {45 135} {43 137} {44 136} {43 137} {43 137} {43 137} {44 136} {45 135} {44 136} n n n n n n n n n {44 136} {44 136} {45 135} {44 136} {45 135} {42 138} {47 133} {43 137} {44 136} n n n n n n n n n n n n n n n {44 136} {44 136} {46 134} {45 135} {45 135} {44 136} {43 137} {45 135} {43 137} {42 138} n n n n n n n n n {45 135} {42 138} {45 135} {46 134} {45 135} {45 135} {44 136} {42 138} {44 136} n n n n n n n n n n {43 137} {46 134} {44 136} {44 136} {43 137} {45 135} {45 135} {43 137} {42 138} n n n n n n n n n n n n n n n {45 135} {44 136} {44 136} {43 137} {43 137} {44 136} {45 135} {44 136} {45 135}

55.7: Count:   3.3 (  3.7) A:  21.0 [16-49] B:  42.0 [16-108] Phase: 100% 140 (11.6) Direction:  {44 136}
Phase: {0,0,0,0,0,0,0,0,0,0,0,0,0,0,0,0,0,0,0,0,0,0,0,0,0,0,0,0,0,0,0,0,0,0,0,0,0,0,0,0,0,0,0,0,0,0,0,0,0,0,0,0,0,0,0,0,0,0,2,0,0,0,0,1,0,0,0,0,0,0,0,0,0,0,2,2,4,2,2,6,3,5,3,14,14,10,10,25,15,13,48,29,31,45,34,59,60,57,83,90,94,123,142,160,202,237,242,300,360,310,442,501,572,632,784,922,832,1148,1296,1300,1470,1765,2013,2066,2361,2642,2901,3239,3519,4020,4293,4779,4924,5495,5607,6124,6001,6711,6270,6676,6366,6500,6771,6198,6205,6112,5697,5360,5115,4826,4388,3763,3624,3346,2849,2708,2365,2051,1877,1631,1506,1259,1216,1080,884,758,717,653,601,481,463,400,293,295,247,222,222,164,148,115,127,66,74,68,64,45,42,49,29,14,13,9,6,9,14,8,6,4,5,2,1,2,0,3,3,0,5,2,0,1,1,0,0,0,0,0,0,0,0,0,0,0,0,0,0,0,0,0,0,0,0,0,0,0,0,0,0,0,0,0,0,0,0,0,0,0,0,0,0,0,0,0,0,0,0,0,0,0,0,0,0,0,0,0,0,0,0,0,0,0,0,0,0,0,0,0,0,0,0,0,0,0,0,0,0,0,0,0,0,0,0,0,0,0,0,0,0,0,0,0,0,0,0,0,0,0,0,0,0,0,0,0,0,0,0,0,0,0,0,0,0,0,0,0,0,0,0,0,0,0,0,0,0,0,0,0,0,0,0,0,0,0,0,0,0,0,0,0,0,0,0,0,0,0,0,0,0,0,0,0}
Count:   2.8   9.7   9.3   9.1   7.8   7.6   5.4   5.0   3.5   1.7   0.3   0.0   0.0   0.1   0.0   0.1   0.0   0.0   0.0   0.1   0.0   0.0   0.0   0.1   5.1   9.8   9.0   9.0   8.7   8.3   7.4   6.8   5.0   3.9   0.1   0.1   0.0   0.1   0.0   0.1   0.1   0.1   0.1   4.3   9.8   8.6   8.9   7.9   7.3   6.3   6.4   4.5   2.8   0.2   0.0   0.1   0.1   0.0   0.1   0.1   0.0   0.1   5.4   9.4   8.0   7.8   6.9   6.4   4.2   3.6   2.6   1.0   0.1   0.1   0.0   0.0   0.0   0.1   0.0   0.0   0.0   0.0   0.1   0.0   0.1   0.1   7.5   9.3   8.7   8.6   7.5   7.6   6.9   6.4   5.0   3.6   0.0   0.1   0.1   0.1   0.1   0.0   0.0   0.0   0.0   7.1   9.5   7.9   7.7   7.0   7.1   5.5   4.6   3.2   1.4   0.1   0.1   0.1   0.0   0.0   0.0   0.0   0.0   0.0   0.0   0.0   0.0   0.1   0.0  10.1   8.9   9.5   8.4   8.3   7.5   7.0   6.4   5.2   2.3   0.1   0.0   0.0   0.1   0.0   0.1   0.0   0.0   0.1   9.1   9.5   8.7   8.1   7.2   6.7   5.7   4.4   3.5   1.1   0.1   0.0   0.1   0.0   0.0   0.1   0.1   0.1   0.0   8.7   8.9   8.4   8.3   6.5   6.8   5.0   3.8   2.3   0.6   0.1   0.1   0.1   0.0   0.0   0.1   0.0   0.0   0.0   0.0   0.0   0.0   0.0   1.5  10.5   9.2   9.7   8.7   8.4   6.9   7.4   5.8   4.5 
B: 47.3 43.8 42.3 43.2 42.4 43.5 40.2 38.8 35.3 30.6 29.5 29.2 32.2 26.7 24.6 28.6 25.5 29.5 28.3 22.7 22.3 25.6 26.2 24.9 45.0 41.6 41.4 42.0 42.6 41.3 42.2 41.9 39.0 35.2 28.8 25.3 26.7 28.2 24.3 25.6 25.5 27.3 28.1 42.6 42.4 42.6 42.1 42.4 42.6 41.5 39.1 37.5 33.2 35.1 29.1 26.7 28.8 26.6 28.9 25.6 29.9 24.3 42.5 43.0 43.2 41.8 43.1 41.1 38.6 35.9 32.4 29.6 27.6 24.8 28.8 24.8 26.5 22.1 29.6 26.6 21.7 25.6 25.7 27.0 24.8 27.4 45.5 43.6 42.0 43.3 42.4 43.1 42.5 41.2 39.4 37.1 26.4 28.8 26.6 27.6 28.5 27.6 23.5 23.0 24.5 45.6 45.2 43.6 42.4 42.5 42.1 40.3 38.1 34.7 32.9 28.3 26.2 31.0 20.3 26.0 24.3 26.5 21.1 24.2 27.3 23.3 24.9 24.3 27.5 44.1 43.8 44.3 45.4 42.5 41.6 42.9 41.4 38.2 38.2 25.3 26.2 24.9 28.3 32.0 27.6 27.6 29.4 26.1 43.8 44.4 43.4 42.9 41.7 42.4 40.0 38.2 34.7 35.2 24.8 25.8 24.7 25.6 29.5 24.1 24.1 28.5 24.2 43.6 43.0 43.9 43.3 42.4 41.2 39.3 34.7 33.6 29.5 27.0 24.8 29.5 25.6 28.0 25.6 26.4 25.7 25.6 27.6 20.3 21.2 24.3 49.2 44.8 43.3 43.9 43.9 42.7 42.4 43.1 40.7 39.7 
Direction:  {43 137} {43 137} {43 137} {43 137} {42 138} {44 136} {44 136} {43 137} {44 136} n n n n n n n n n n n n n n n {43 137} {44 136} {44 136} {43 137} {45 135} {44 136} {44 136} {45 135} {44 136} {43 137} n n n n n n n n n {44 136} {43 137} {45 135} {46 134} {43 137} {45 135} {46 134} {44 136} {46 134} {44 136} n n n n n n n n n {45 135} {44 136} {45 135} {45 135} {43 137} {44 136} {45 135} {44 136} n n n n n n n n n n n n n n n n {45 135} {44 136} {44 136} {45 135} {43 137} {43 137} {44 136} {44 136} {43 137} {43 137} n n n n n n n n n {44 136} {43 137} {44 136} {44 136} {44 136} {43 137} {43 137} {43 137} {45 135} n n n n n n n n n n n n n n n {45 135} {44 136} {43 137} {44 136} {46 134} {45 135} {43 137} {44 136} {44 136} {44 136} n n n n n n n n n {44 136} {45 135} {44 136} {43 137} {42 138} {43 137} {44 136} {44 136} {44 136} n n n n n n n n n n {45 135} {44 136} {44 136} {45 135} {46 134} {43 137} {44 136} {42 138} n n n n n n n n n n n n n n n n {45 135} {44 136} {46 134} {43 137} {44 136} {44 136} {44 136} {44 136} {43 137}

55.8: Count:   3.1 (  3.4) A:  20.6 [16-48] B:  39.9 [16-108] Phase: 100% 139 (13.9) Direction:  {44 136}
Phase: {0,0,0,0,0,0,0,0,0,0,0,0,0,0,0,0,0,0,0,0,0,0,0,0,0,0,0,0,0,0,0,0,0,0,0,0,0,3,0,3,2,1,0,0,2,3,0,2,3,3,2,4,9,1,7,4,12,8,8,6,8,8,5,13,8,19,5,15,12,16,27,15,25,26,14,32,32,35,33,33,21,41,55,52,59,52,91,102,78,77,125,89,140,154,159,172,221,178,194,294,248,329,311,374,390,408,486,555,682,595,698,803,956,960,1010,1160,1220,1552,1614,1702,1906,2113,2300,2534,2534,2939,3071,3115,3510,3723,3855,4328,4034,4531,4433,4799,4858,5145,4928,5168,4947,4993,4907,4869,4825,4604,4356,4143,4037,3732,3510,3379,3179,3070,2489,2393,2347,2161,1922,1750,1683,1444,1394,1204,1056,1018,886,793,752,651,569,464,435,455,328,330,330,257,257,201,208,149,148,141,144,119,74,110,80,49,66,74,65,48,63,38,24,29,41,32,24,15,14,16,20,5,12,13,10,10,3,4,6,5,6,2,5,2,2,0,3,0,0,3,1,0,0,0,0,0,0,0,0,0,0,0,0,0,0,0,0,0,0,3,0,0,0,0,0,0,0,0,0,0,0,0,0,0,0,0,0,0,0,0,0,0,0,0,0,0,0,0,0,0,0,0,0,0,0,0,0,0,0,0,0,0,0,0,0,0,0,0,0,0,0,0,0,0,0,0,0,0,0,0,0,0,0,0,0,0,0,0,0,0,0,0,0,0,0,0,0,0,0,0,0,0,0,0,0,0,0,0,0,0,0,0,0,0,0,0,0,0,0,0,0,0,0,0,0,0,0,0,0,0,0,0,0,0,0,0}
Count:   3.0   8.7   8.1   8.2   7.3   6.9   5.4   4.4   3.0   1.4   0.2   0.1   0.1   0.0   0.1   0.1   0.1   0.1   0.1   0.1   0.0   0.1   0.0   0.0   4.6   9.1   8.1   8.5   8.1   7.2   7.0   6.2   5.0   3.8   0.1   0.0   0.0   0.0   0.1   0.1   0.1   0.0   0.1   4.3   9.3   7.9   8.4   7.2   6.4   6.3   5.5   3.8   2.6   0.2   0.1   0.1   0.1   0.0   0.1   0.1   0.1   0.1   4.9   8.9   7.5   7.1   6.4   6.2   3.7   3.2   2.3   1.0   0.1   0.1   0.1   0.1   0.1   0.0   0.0   0.1   0.1   0.1   0.1   0.1   0.0   0.1   6.7   8.8   8.0   8.3   6.7   7.1   6.4   5.7   4.3   2.6   0.1   0.1   0.1   0.0   0.1   0.1   0.0   0.0   0.1   7.1   9.2   7.9   7.4   6.4   6.1   5.0   4.6   2.8   1.4   0.1   0.1   0.1   0.1   0.1   0.0   0.1   0.1   0.0   0.1   0.1   0.0   0.1   0.1   9.2   8.1   8.5   8.0   7.6   6.7   6.4   5.9   4.8   2.1   0.1   0.1   0.0   0.1   0.1   0.1   0.1   0.1   0.1   8.5   9.0   8.0   7.8   6.8   6.1   5.4   4.1   2.9   1.1   0.1   0.1   0.1   0.1   0.1   0.1   0.0   0.0   0.0   8.5   8.3   7.6   8.0   6.1   5.9   4.8   3.4   2.2   0.9   0.1   0.1   0.1   0.1   0.0   0.1   0.1   0.1   0.1   0.1   0.0   0.1   0.0   1.7   9.6   8.6   8.4   7.6   8.2   5.9   6.9   5.4   4.1 
B: 46.1 40.7 40.1 40.4 40.9 40.5 38.6 36.3 32.8 28.4 26.4 26.0 22.0 24.0 23.9 25.3 24.9 21.7 24.8 24.0 27.1 27.2 25.4 22.6 43.2 40.5 40.2 40.5 39.3 39.0 40.0 39.5 37.8 34.2 29.9 19.4 25.5 25.4 23.6 23.2 29.2 19.5 23.2 40.1 40.7 40.9 39.6 38.9 40.0 40.0 37.3 35.1 32.1 30.4 24.8 23.8 23.1 27.5 22.6 23.7 22.1 22.8 40.5 41.7 41.0 40.8 41.1 39.4 35.4 33.4 31.1 28.0 25.0 26.6 25.2 26.6 23.4 27.3 22.6 21.2 24.4 26.6 25.0 22.4 25.2 25.8 42.3 41.2 41.1 40.4 40.3 40.9 40.1 38.5 37.4 34.7 25.5 22.2 24.2 21.1 21.6 22.9 22.7 24.2 23.3 43.2 43.2 42.5 40.3 40.0 39.8 38.6 36.5 34.4 30.8 22.9 23.7 22.3 20.6 26.0 24.3 23.2 24.0 27.2 23.6 23.0 23.0 21.5 23.8 42.5 40.9 42.7 41.5 40.4 40.3 41.0 40.4 37.2 36.9 22.6 24.6 21.8 23.1 27.1 26.1 23.7 24.4 22.4 41.4 41.9 41.8 40.5 40.3 40.8 39.3 36.2 33.6 31.0 23.7 25.1 21.3 23.3 25.3 21.2 24.5 23.6 22.0 41.1 40.8 42.0 41.7 39.8 38.6 37.4 33.0 30.5 26.3 24.2 23.1 24.4 23.6 31.3 26.3 23.5 23.2 24.8 24.1 22.9 23.4 25.9 48.2 42.0 40.7 40.7 41.4 41.9 39.0 40.5 38.7 36.4 
Direction:  {42 138} {42 138} {43 137} {45 135} {44 136} {43 137} {42 138} {44 136} {42 138} n n n n n n n n n n n n n n n {44 136} {44 136} {45 135} {44 136} {44 136} {45 135} {44 136} {44 136} {45 135} {46 134} n n n n n n n n n {46 134} {44 136} {44 136} {46 134} {42 138} {43 137} {44 136} {45 135} {44 136} n n n n n n n n n n {43 137} {42 138} {43 137} {43 137} {43 137} {43 137} {42 138} {41 139} n n n n n n n n n n n n n n n n {42 138} {45 135} {44 136} {41 139} {42 138} {45 135} {44 136} {43 137} {46 134} n n n n n n n n n n {43 137} {44 136} {44 136} {43 137} {42 138} {43 137} {46 134} {43 137} {41 139} n n n n n n n n n n n n n n n {43 137} {43 137} {44 136} {44 136} {44 136} {46 134} {43 137} {45 135} {45 135} n n n n n n n n n n {44 136} {44 136} {45 135} {45 135} {44 136} {44 136} {44 136} {43 137} {45 135} n n n n n n n n n n {45 135} {45 135} {43 137} {44 136} {45 135} {42 138} {44 136} {39 141} n n n n n n n n n n n n n n n n {42 138} {44 136} {44 136} {45 135} {44 136} {46 134} {45 135} {46 134} {44 136}

55.9: Count:   2.8 (  3.1) A:  20.4 [16-47] B:  37.6 [16-99] Phase: 100% 138 (16.2) Direction:  {43 137}
Phase: {0,0,0,0,0,0,1,0,0,0,0,0,0,0,0,2,0,0,0,1,1,0,0,2,1,1,1,0,0,4,1,0,2,4,2,5,11,6,4,2,12,12,15,13,8,18,11,31,15,11,11,19,15,22,14,26,27,21,35,23,37,40,47,32,53,43,31,45,63,47,48,56,59,65,108,88,90,111,71,146,125,146,141,165,175,154,228,246,222,230,336,337,346,337,384,426,440,466,486,652,587,670,631,748,773,857,846,930,1036,953,1041,1208,1189,1192,1300,1371,1339,1543,1580,1662,1745,1973,2083,2139,2343,2599,2748,2891,3025,3277,3395,3688,3558,3989,3854,4049,3858,3922,3746,3746,3859,3726,3700,3640,3616,3510,3281,3321,3226,3030,2932,2700,2736,2504,2087,2186,1959,1758,1605,1406,1324,1200,1237,1084,943,898,796,859,675,669,690,566,506,471,508,465,485,379,385,340,386,302,336,348,261,254,233,191,174,195,168,143,132,157,113,131,78,87,101,74,91,48,54,40,26,40,27,24,35,29,22,14,18,14,9,10,7,7,7,9,11,8,2,1,0,1,4,5,5,3,0,5,10,1,3,0,2,0,1,0,1,0,0,1,0,0,0,1,0,0,0,2,0,1,0,0,0,0,0,0,0,0,0,0,0,0,0,0,0,0,0,0,1,0,0,0,0,0,0,0,0,0,0,0,0,0,0,0,0,0,0,0,0,0,0,0,0,0,0,0,0,0,0,0,0,0,0,0,0,0,0,0,0,0,0,0,0,0,0,0,0,0,0,0,0,0,0,0,0,0,0,0,0,0,0,0,0,0,0,0,0,0,0,0,0,0,0,0,0,0,0,0,0,0,0,0,0,0,0,0}
Count:   2.9   7.5   7.4   7.1   6.5   6.0   5.2   4.0   3.0   1.5   0.2   0.1   0.1   0.1   0.1   0.1   0.1   0.1   0.1   0.1   0.1   0.1   0.1   0.1   4.2   8.5   7.8   7.9   7.4   6.8   6.7   5.9   4.6   3.3   0.1   0.1   0.1   0.1   0.1   0.1   0.1   0.1   0.1   4.0   8.4   7.7   7.6   6.4   5.9   5.9   4.8   3.7   2.6   0.1   0.1   0.1   0.1   0.1   0.1   0.1   0.0   0.1   4.7   7.7   7.0   6.5   6.2   5.6   3.6   3.1   2.1   0.8   0.1   0.1   0.1   0.1   0.1   0.1   0.1   0.1   0.0   0.1   0.1   0.1   0.1   0.1   6.0   7.8   7.3   7.5   6.3   6.6   6.0   5.5   3.7   2.4   0.1   0.1   0.1   0.1   0.1   0.0   0.1   0.1   0.1   6.0   8.5   7.4   6.9   5.7   5.7   4.7   4.1   2.5   1.2   0.1   0.2   0.1   0.1   0.1   0.1   0.1   0.1   0.1   0.1   0.1   0.1   0.1   0.1   8.5   7.4   7.6   7.3   7.2   5.9   6.0   5.5   4.5   1.8   0.1   0.1   0.1   0.1   0.1   0.1   0.1   0.1   0.1   7.9   8.4   7.5   7.6   5.8   5.7   5.0   3.9   2.9   1.2   0.2   0.1   0.1   0.1   0.1   0.1   0.1   0.1   0.1   7.6   7.4   7.2   7.0   5.8   5.5   4.2   3.7   1.9   0.7   0.1   0.0   0.1   0.0   0.1   0.1   0.1   0.1   0.1   0.1   0.1   0.1   0.1   1.9   8.4   8.1   7.7   7.3   7.4   6.0   6.2   5.0   4.0 
B: 48.2 38.0 38.5 37.7 37.6 37.3 35.2 33.9 32.0 26.9 24.0 24.0 21.4 19.6 21.0 22.7 21.6 20.1 21.6 21.6 21.1 21.3 26.0 21.8 42.1 39.3 39.0 38.6 37.7 37.0 37.6 37.3 35.5 32.4 25.8 20.4 23.9 20.3 24.0 24.0 23.6 21.6 20.9 37.7 37.9 38.9 38.6 36.1 38.4 38.1 35.6 33.5 30.3 29.2 23.9 22.5 24.2 22.8 23.3 21.6 19.9 22.5 37.7 38.1 38.9 37.9 38.6 37.4 34.1 32.1 29.6 28.2 24.6 25.0 23.0 23.2 19.3 21.4 21.3 20.9 24.7 20.7 20.5 20.0 21.8 22.2 39.4 39.6 39.5 38.8 38.8 37.6 38.2 36.9 35.7 32.3 25.5 19.5 21.1 26.2 21.6 18.8 22.5 20.0 25.6 40.5 39.2 40.2 38.2 37.0 37.9 36.3 34.5 31.3 28.6 22.6 23.0 18.8 22.0 23.1 20.9 26.4 23.8 23.0 22.5 21.8 21.3 21.5 22.1 41.3 38.6 39.1 39.5 38.9 37.2 37.8 38.3 35.1 32.5 20.7 21.4 21.7 21.7 20.9 23.3 21.8 21.0 20.6 39.3 38.7 40.2 39.7 37.5 38.3 36.5 34.1 31.6 30.4 25.4 21.2 21.6 21.8 23.2 20.1 22.4 22.5 22.4 39.1 39.0 39.4 38.2 37.8 36.9 35.5 31.4 29.2 25.8 22.2 27.0 24.3 22.1 22.2 20.6 21.6 21.7 24.3 21.9 23.1 21.8 24.7 45.9 39.9 39.0 38.9 39.8 38.8 36.6 38.0 36.5 35.2 
Direction:  {47 133} {42 138} {42 138} {44 136} {43 137} {43 137} {45 135} {45 135} {42 138} n n n n n n n n n n n n n n n {43 137} {44 136} {43 137} {42 138} {42 138} {45 135} {41 139} {41 139} {42 138} n n n n n n n n n n {45 135} {41 139} {45 135} {44 136} {43 137} {41 139} {45 135} {43 137} {42 138} n n n n n n n n n n {45 135} {43 137} {45 135} {45 135} {41 139} {40 140} {42 138} n n n n n n n n n n n n n n n n n {42 138} {44 136} {43 137} {43 137} {45 135} {43 137} {45 135} {43 137} {43 137} n n n n n n n n n n {42 138} {44 136} {42 138} {43 137} {41 139} {43 137} {42 138} {43 137} n n n n n n n n n n n n n n n n {43 137} {44 136} {42 138} {42 138} {43 137} {42 138} {42 138} {42 138} {42 138} n n n n n n n n n n {43 137} {42 138} {42 138} {44 136} {42 138} {42 138} {44 136} {41 139} n n n n n n n n n n n {42 138} {42 138} {44 136} {43 137} {42 138} {40 140} {42 138} {42 138} n n n n n n n n n n n n n n n n {42 138} {42 138} {42 138} {43 137} {47 133} {41 139} {43 137} {41 139} {42 138}

56.0: Count:   2.6 (  2.9) A:  20.0 [16-48] B:  36.0 [16-97] Phase: 100% 136 (19.1) Direction:  {42 138}
Phase: {0,0,0,0,0,0,0,0,0,0,0,0,0,0,0,0,0,0,0,0,0,0,0,0,0,0,1,1,0,0,2,0,1,2,0,0,2,1,0,0,3,4,3,2,2,3,2,5,5,3,6,1,9,9,12,1,15,21,17,7,17,18,12,20,24,21,26,19,33,30,45,32,42,36,46,57,45,91,87,82,92,96,101,127,120,126,158,166,201,207,346,232,293,330,314,359,453,463,486,554,596,641,709,838,813,962,1002,1127,1156,1188,1251,1428,1517,1429,1729,1780,1551,1965,1942,1990,2116,2191,2297,2353,2491,2603,2729,2655,2717,2977,2955,3090,3006,3216,2998,3342,3023,3279,3086,3210,3037,3083,3026,2943,2847,2734,2635,2602,2556,2531,2397,2107,2159,2030,1739,1955,1662,1621,1645,1441,1417,1274,1258,1182,1083,1036,931,853,822,732,704,696,625,610,578,482,503,435,444,376,415,294,299,228,223,225,198,214,180,157,174,124,104,118,94,106,71,82,85,44,68,45,52,29,35,30,34,22,23,9,13,12,11,10,12,4,3,6,3,1,2,5,1,5,2,1,4,0,1,1,2,0,0,1,0,0,0,0,0,1,0,0,0,0,0,0,0,0,0,0,0,0,0,0,0,0,0,0,0,0,0,0,0,0,0,0,0,0,0,0,0,0,0,0,0,0,0,0,0,0,0,0,0,0,0,0,0,0,0,0,0,0,0,0,0,0,0,0,0,0,0,0,0,0,0,0,0,0,0,0,0,0,0,0,0,0,0,0,0,0,0,0,0,0,0,0,0,0,0,0,0,0,0,0,0,0,0,0,0,0,0,0,0,0,0,0,0,0,0,0,0,0,0,0,0,0,0,0,0,0}
Count:   2.8   7.0   7.0   6.8   6.0   5.8   4.9   3.8   3.1   1.4   0.2   0.1   0.1   0.1   0.1   0.0   0.0   0.1   0.1   0.0   0.0   0.0   0.0   0.1   3.9   7.3   7.2   6.9   6.8   6.1   6.0   5.2   4.3   3.4   0.1   0.0   0.1   0.1   0.1   0.0   0.0   0.1   0.1   3.7   7.6   7.4   6.6   6.0   5.6   5.3   4.4   3.4   2.4   0.1   0.1   0.1   0.0   0.1   0.1   0.1   0.1   0.1   4.3   6.8   6.5   5.7   5.9   4.9   3.4   2.9   2.1   0.8   0.1   0.1   0.1   0.1   0.1   0.1   0.1   0.1   0.0   0.1   0.1   0.1   0.1   0.1   5.7   7.3   7.0   7.1   6.2   5.6   5.0   4.9   3.5   2.2   0.1   0.0   0.1   0.1   0.1   0.1   0.1   0.1   0.1   5.3   7.4   7.2   6.4   5.7   5.1   4.5   4.1   2.5   1.3   0.1   0.1   0.1   0.1   0.1   0.1   0.1   0.0   0.1   0.1   0.1   0.1   0.1   0.1   7.7   7.0   6.8   6.6   7.0   5.6   5.7   5.1   4.3   1.9   0.1   0.1   0.0   0.1   0.1   0.1   0.1   0.0   0.1   7.3   7.4   7.1   6.7   5.4   5.1   4.9   3.6   2.9   1.0   0.1   0.1   0.1   0.1   0.1   0.0   0.1   0.1   0.0   7.0   6.9   7.0   6.6   5.6   5.1   4.0   3.3   1.9   0.7   0.1   0.1   0.1   0.0   0.1   0.1   0.1   0.1   0.0   0.1   0.1   0.1   0.0   1.8   7.6   7.4   7.3   7.0   6.7   5.1   5.8   4.7   3.9 
B: 47.2 35.5 37.6 36.6 35.9 36.4 36.0 32.5 30.6 26.6 23.3 21.6 20.4 21.1 22.0 22.8 22.2 21.1 23.8 22.5 17.6 19.0 26.5 20.1 40.7 36.5 36.9 35.9 35.7 36.4 36.2 35.6 34.7 31.8 27.0 20.2 22.6 22.5 25.1 23.3 21.3 22.3 20.9 38.6 36.6 36.5 36.0 35.2 36.4 36.6 33.9 32.0 28.7 31.3 22.0 23.3 23.3 22.6 21.2 22.8 21.3 21.1 35.9 35.9 36.5 35.7 37.0 35.7 32.7 31.0 28.0 25.0 27.8 23.0 17.6 21.4 19.5 22.4 21.8 20.7 20.2 24.3 21.3 20.1 23.5 21.8 39.6 37.6 37.7 37.9 36.5 35.7 35.5 35.0 33.7 31.1 23.2 22.7 23.8 20.8 23.5 22.3 23.2 23.0 24.6 37.5 37.1 39.0 36.3 36.8 35.3 34.5 32.7 29.1 27.2 21.9 22.6 19.5 21.8 21.1 20.9 23.0 19.8 22.0 22.7 22.6 23.9 20.2 21.5 40.1 36.5 37.1 37.2 39.1 36.0 36.2 36.5 34.2 33.7 30.6 21.4 18.4 27.2 21.2 24.7 24.2 21.0 23.2 37.7 37.0 37.6 36.8 36.9 36.2 34.8 32.7 30.5 29.4 21.5 19.5 20.7 23.2 19.5 21.2 19.7 22.4 24.8 36.6 37.0 37.9 37.2 36.2 35.8 34.7 30.6 28.2 24.8 24.5 23.3 23.4 22.5 27.0 24.0 23.5 21.1 24.1 22.5 22.5 24.2 20.1 43.2 37.6 37.2 36.4 39.0 38.1 34.6 36.9 35.9 33.3 
Direction:  {43 137} {43 137} {42 138} {43 137} {42 138} {42 138} {41 139} n n n n n n n n n n n n n n n n n {43 137} {43 137} {42 138} {42 138} {41 139} {42 138} {42 138} {43 137} {42 138} n n n n n n n n n n {44 136} {44 136} {43 137} {40 140} {41 139} {44 136} {39 141} {40 140} n n n n n n n n n n n {44 136} {41 139} {43 137} {42 138} {42 138} {42 138} {41 139} n n n n n n n n n n n n n n n n n {43 137} {43 137} {43 137} {45 135} {41 139} {42 138} {42 138} {44 136} n n n n n n n n n n n {42 138} {42 138} {42 138} {41 139} {41 139} {47 133} {40 140} {41 139} n n n n n n n n n n n n n n n n {40 140} {44 136} {42 138} {43 137} {39 141} {43 137} {45 135} {43 137} {43 137} n n n n n n n n n n {42 138} {41 139} {44 136} {43 137} {42 138} {41 139} {41 139} {44 136} n n n n n n n n n n n {41 139} {43 137} {44 136} {42 138} {42 138} {43 137} {43 137} n n n n n n n n n n n n n n n n n {41 139} {45 135} {43 137} {44 136} {41 139} {39 141} {42 138} {42 138} {46 134}

