54.0: Count:   3.2 (  0.6) A:  14.8 [13-36] B:  30.0 [13-122] Phase: 99% 280 (31.3) Direction:  {307 233}  33% 67 (30.8) Direction:  {42 138}
Phase: {414,240,315,299,341,330,289,296,316,344,333,273,323,326,304,327,321,296,343,275,339,291,350,369,297,357,276,356,297,336,329,316,368,337,315,340,351,335,351,353,304,310,372,350,338,392,307,388,389,379,365,396,356,339,428,404,380,337,412,393,432,394,405,442,367,429,410,410,404,411,411,412,441,436,393,444,373,458,406,413,405,411,430,388,388,404,417,402,408,344,510,370,392,393,448,350,383,355,386,398,333,327,315,349,325,352,314,316,363,280,279,305,295,291,262,277,219,333,249,272,246,228,281,219,210,228,230,199,190,238,170,205,210,170,157,218,153,167,185,146,147,172,161,133,138,151,145,111,161,143,130,136,147,155,131,133,92,140,137,108,122,97,142,129,128,129,137,136,115,102,105,136,160,133,129,116,159,118,131,99,189,104,125,130,169,120,124,129,141,123,131,133,157,156,145,182,177,185,202,143,186,173,199,215,211,223,172,228,234,229,279,275,321,270,292,298,315,336,345,369,400,401,401,462,420,465,403,465,527,484,502,582,483,615,636,606,640,570,773,708,766,807,709,836,683,831,783,871,932,922,983,919,1084,1081,1039,1081,1184,1238,1104,1166,1182,1334,1333,1207,1370,1289,1555,1287,1308,1278,1869,1289,1397,1475,1703,1418,1544,1377,1559,1547,1374,1483,1443,1603,1420,1466,1449,1562,1647,1329,1418,1431,1382,1380,1238,1433,1184,1481,1235,1318,1226,1075,1328,1062,1175,1062,1037,965,966,1066,910,999,936,809,761,878,769,747,791,708,648,693,575,644,588,573,490,457,553,454,516,465,450,468,345,420,389,425,409,381,359,290,406,364,318,348,310,351,307,358,320,320,304,272,304,315,343,356,315,282}
Count:   2.8   2.5   2.7   2.4   2.3   2.5   2.5   2.8   2.5   2.6   2.7   2.8   4.7   4.4   4.0   4.1   4.0   3.7   3.7   3.5   3.7   3.5   3.5   3.4   3.5   3.1   3.3   3.2   3.2   3.3   3.1   2.6   2.6   2.6   2.6   2.8   2.6   2.5   2.7   2.7   2.4   2.6   2.7   2.6   2.5   4.2   4.2   4.2   4.1   4.0   4.0   3.9   3.9   3.9   3.5   3.5   3.9   3.4   3.8   3.4   3.4   3.3   3.3   3.2   2.8   2.6   2.5   2.6   2.5   4.2   4.2   3.8   3.7   3.7   3.6   3.6   3.3   3.3   3.4   3.3   3.0   3.1   3.1   2.7   2.7   2.7   2.6   2.7   2.6   2.6   2.6   2.6   2.7   2.4   2.5   2.8   2.6   3.7   4.3   4.3   4.2   3.8   4.0   3.7   4.0   3.7   3.7   3.5   3.4   3.5   3.4   3.3   3.1   3.0   3.0   3.2   2.6   2.7   2.6   2.9   2.5   2.6   2.6   2.5   2.4   2.5   4.3   4.0   3.9   4.0   3.9   3.8   3.7   3.6   3.3   3.2   3.4   3.4   3.5   3.4   3.1   3.2   3.3   3.1   3.1   2.8   2.6   2.7   2.5   2.6   2.6   2.6   2.4   2.5   3.4   4.1   3.9   4.0   3.7   3.8   3.6   3.5   3.3   3.4   3.2   3.4   3.4   3.4   3.1   3.1   3.1   3.1   3.0   2.8   2.7   2.6   2.6   2.6   2.7   2.4   2.5   2.4   2.6   3.7   4.0   3.8   3.9   3.7   3.8   3.5   3.4   3.3   3.4   3.1   3.5   3.3   3.1   3.3   3.2   3.0 
Direction:  n n n n n n n n n n n n n n n n n n n n n n n n n n n n n n n n n n n n n n n n n n n n n n n n n n n n n n n n n n n n n n n n n n n n n n n n n n n n n n n n n n n n n n n n n n n n n n n n n n n n n n n n n n n n n n n n n n n n n n n n n n n n n n n n n n n n n n n n n n n n n n n n n n n n n n n n n n n n n n n n n n n n n n n n n n n n n n n n n n n n n n n n n n n n n n n n n n n n n n n n

54.1: Count:   3.8 (  0.7) A:  14.8 [13-33] B:  29.2 [13-115] Phase: 96% 280 (30.6) Direction:  {307 233}  33% 65 (27.7) Direction:  {40 140}
Phase: {455,334,369,346,410,343,378,351,372,404,373,388,353,402,400,385,399,420,454,320,396,382,403,407,388,419,326,420,430,415,444,422,444,372,397,425,451,454,432,434,406,438,438,512,412,551,450,474,422,479,447,547,442,457,514,493,528,489,542,464,507,537,539,553,432,538,473,492,492,527,493,450,574,507,517,469,509,535,491,454,495,516,492,491,482,438,559,477,439,436,637,424,462,443,522,428,385,427,443,434,411,393,367,440,382,417,403,430,422,297,358,385,375,331,366,344,284,356,318,338,296,289,304,253,280,288,309,278,229,274,239,252,229,230,210,274,230,220,213,203,200,186,203,181,193,189,214,180,223,165,167,175,204,199,130,179,170,175,176,154,160,151,188,154,159,142,168,180,153,143,156,152,134,131,142,122,158,156,142,118,201,115,122,139,184,138,133,135,148,159,158,186,139,178,136,150,180,151,189,150,175,173,190,199,175,202,187,235,235,247,258,237,267,242,281,279,324,326,284,386,373,363,421,398,393,492,429,467,521,494,529,617,545,589,645,636,673,689,841,752,776,912,844,924,737,983,893,1054,1108,1041,1091,1054,1343,1256,1223,1343,1315,1487,1347,1423,1429,1564,1591,1530,1543,1514,1948,1671,1652,1555,2351,1613,1780,1730,2161,1729,1844,1791,1938,1962,1864,1869,1793,1980,1880,1859,1803,1829,1955,1579,1754,1684,1718,1645,1634,1715,1366,1738,1568,1586,1574,1393,1538,1215,1266,1265,1278,1183,1065,1244,1026,1095,1027,917,889,1086,822,813,784,761,676,824,612,630,677,619,572,567,612,518,543,513,492,570,366,462,458,445,393,394,391,355,451,373,394,434,393,425,347,364,360,381,366,348,380,295,395,357,348,339}
Count:   3.3   3.2   3.3   2.8   2.8   3.1   2.8   3.1   2.9   3.3   3.1   3.2   5.4   5.0   5.0   4.8   4.9   4.5   4.3   4.4   4.5   4.3   4.2   3.9   3.8   3.7   3.9   3.7   3.7   3.6   3.6   2.8   2.9   3.0   3.1   3.0   2.9   3.1   3.0   3.0   2.8   3.0   2.9   3.1   2.9   4.8   5.2   5.2   5.0   4.9   4.8   4.7   4.7   4.4   4.5   4.3   4.2   4.3   4.3   4.0   3.9   3.8   4.0   3.9   3.2   2.7   3.1   3.0   3.0   4.7   4.7   4.5   4.6   4.3   4.4   4.3   3.8   3.9   3.8   3.9   3.7   3.6   3.6   3.2   2.7   3.0   2.9   3.1   2.9   3.1   2.9   3.0   2.9   2.8   2.8   2.9   3.1   4.2   5.2   5.0   4.7   4.6   4.4   4.5   4.9   4.2   4.2   4.1   4.3   4.1   4.0   4.0   3.8   3.8   3.7   3.6   3.2   2.9   2.9   3.1   2.8   2.9   2.9   2.8   2.9   2.9   4.7   5.0   4.7   4.9   4.3   4.6   4.3   4.3   4.3   3.7   4.0   4.0   4.0   3.7   3.8   3.7   3.9   3.7   3.7   3.0   3.1   3.1   2.9   2.9   2.9   2.9   2.9   2.9   4.2   5.0   4.7   5.0   4.5   4.6   4.4   4.4   4.1   4.2   3.9   4.1   3.9   3.8   3.8   3.7   3.6   3.8   3.5   3.2   3.0   3.0   2.8   3.0   3.1   2.9   2.8   2.9   2.8   5.0   4.8   4.7   4.7   4.5   4.5   4.2   4.1   4.0   4.4   3.9   4.0   3.8   3.7   3.9   3.8   3.5 
Direction:  n n n n n n n n n n n n n n n n n n n n n n n n n n n n n n n n n n n n n n n n n n n n n n n n n n n n n n n n n n n n n n n n n n n n n n n n n n n n n n n n n n n n n n n n n n n n n n n n n n n n n n n n n n n n n n n n n n n n n n n n n n n n n n n n n n n n n n n n n n n n n n n n n n n n n n n n n n n n n n n n n n n n n n n n n n n n n n n n n n n n n n n n n n n n n n n n n n n n n n n n

54.2: Count:   3.1 (  0.8) A:  14.6 [13-33] B:  30.1 [13-108] Phase: 96% 277 (23.8) Direction:  {304 236}  46% 68 (21.3) Direction:  {42 138}
Phase: {346,250,295,277,321,319,315,299,324,328,331,329,324,382,343,327,383,391,410,335,361,362,373,443,386,454,388,462,456,438,448,428,479,409,463,448,498,499,507,560,495,511,588,505,535,588,512,555,592,541,545,576,559,538,555,542,597,534,553,545,624,607,614,637,543,592,554,642,580,593,612,520,667,603,532,574,537,608,557,544,570,580,576,523,515,483,656,491,525,498,752,453,538,500,553,426,500,499,533,494,444,486,493,497,451,440,438,486,501,380,468,442,419,440,394,402,349,424,362,400,402,371,386,324,387,311,360,284,306,336,279,297,291,319,220,302,227,223,259,263,218,279,251,198,214,205,213,210,217,171,171,175,190,175,146,172,155,150,135,138,172,95,144,127,130,103,114,107,124,93,93,122,105,97,92,86,114,115,93,72,145,100,82,80,93,86,91,91,88,80,75,101,74,86,91,88,86,97,100,85,83,84,89,98,102,114,97,141,124,105,108,110,148,110,141,119,142,149,149,180,160,174,195,173,169,238,215,238,263,289,283,337,322,320,374,367,410,375,484,467,470,512,533,653,495,655,633,740,728,760,819,803,1040,1042,964,1015,1021,1145,1117,1099,1222,1297,1312,1260,1400,1349,1644,1404,1583,1390,1920,1420,1549,1535,1768,1512,1691,1543,1632,1678,1501,1528,1529,1633,1443,1496,1332,1493,1498,1222,1330,1299,1314,1249,1086,1216,945,1208,995,1002,897,933,922,781,782,719,757,733,638,693,604,636,597,570,496,529,455,461,437,459,401,403,351,372,347,313,283,303,363,306,308,318,297,342,255,293,230,240,268,266,261,241,329,300,260,286,267,290,265,296,251,283,272,273,294,246,337,261,290,262}
Count:   2.6   2.3   2.6   2.1   2.1   2.1   2.1   2.1   2.3   2.2   2.3   2.5   5.0   4.7   4.3   4.5   4.3   4.0   3.9   4.0   3.5   3.5   3.6   3.4   3.3   3.1   3.3   3.1   3.1   2.8   3.1   2.2   2.2   2.1   2.1   2.1   2.2   2.2   2.1   2.2   2.1   2.3   2.1   2.1   2.1   4.1   4.5   4.6   4.5   4.3   4.1   4.2   4.0   4.2   3.8   3.9   3.6   3.6   3.5   3.1   3.3   3.4   3.3   3.2   2.3   2.0   2.3   2.1   2.2   4.1   4.4   4.0   3.8   3.8   3.8   3.7   3.5   3.4   3.1   3.3   3.0   3.1   2.9   2.5   2.0   2.1   2.0   2.1   2.1   2.1   2.0   2.2   2.2   2.0   2.0   2.0   2.3   3.4   4.6   4.7   4.3   4.1   4.1   4.2   4.1   3.5   4.0   3.4   3.9   3.7   3.6   3.3   3.4   3.2   3.1   3.1   2.3   2.0   2.1   2.3   2.1   2.2   2.1   1.9   2.0   2.2   4.2   4.2   4.1   4.3   4.0   3.9   3.7   3.9   3.6   3.2   3.4   3.4   3.2   3.1   3.3   3.0   3.1   2.8   2.9   2.2   2.3   2.3   2.1   2.0   2.2   2.1   2.1   2.0   3.4   4.6   4.4   4.4   4.0   3.9   3.8   3.8   3.5   3.5   3.4   3.5   3.3   3.1   2.9   3.1   3.0   3.2   3.0   2.6   2.2   2.1   1.9   2.2   2.2   2.2   2.0   2.0   2.1   4.3   4.3   4.3   4.1   4.3   3.9   3.9   3.6   3.7   3.7   3.2   3.4   3.2   3.1   3.0   3.2   2.9 
Direction:  n n n n n n n n n n n n n n n n n n n n n n n n n n n n n n n n n n n n n n n n n n n n n n n n n n n n n n n n n n n n n n n n n n n n n n n n n n n n n n n n n n n n n n n n n n n n n n n n n n n n n n n n n n n n n n n n n n n n n n n n n n n n n n n n n n n n n n n n n n n n n n n n n n n n n n n n n n n n n n n n n n n n n n n n n n n n n n n n n n n n n n n n n n n n n n n n n n n n n n n n

54.3: Count:   1.9 (  0.8) A:  14.4 [13-32] B:  29.9 [13-112] Phase: 61% 74 (45.9) Direction:  {47 133}  83% 278 (20.9) Direction:  {306 234}  13% 299 (44.1) Direction:  {323 217}  11% 74 (37.1) Direction:  {47 133}
Phase: {243,196,203,191,279,200,196,195,252,253,239,246,196,234,190,186,243,233,262,205,254,218,267,273,232,279,245,314,281,283,316,279,354,269,325,341,358,336,375,375,356,394,386,428,440,494,424,497,477,457,461,465,463,454,539,553,605,446,607,549,578,588,606,649,487,632,567,676,582,604,602,577,762,627,586,664,606,679,571,567,598,647,613,628,542,563,622,555,583,481,744,522,542,537,600,561,515,516,519,533,463,503,419,505,443,407,390,440,472,376,397,412,421,336,342,326,253,329,346,302,281,265,301,225,240,241,277,222,197,216,177,201,195,197,156,181,130,132,154,148,152,129,111,118,114,128,118,90,137,99,79,110,81,98,83,89,72,93,75,82,81,56,66,83,72,86,67,73,61,67,55,70,66,56,55,56,73,41,44,40,61,54,44,49,61,49,34,34,48,64,53,54,38,48,40,42,38,38,58,48,57,35,37,42,43,45,34,47,54,59,42,48,58,42,48,52,55,57,58,61,43,40,71,60,72,69,53,54,78,76,90,104,92,94,136,110,130,134,130,149,145,177,167,213,185,202,185,262,240,274,295,259,319,345,367,408,427,519,430,466,458,542,569,571,551,572,691,576,724,617,862,630,809,663,849,686,826,758,764,835,739,763,747,820,772,725,720,721,757,637,654,670,604,647,513,548,487,613,513,477,484,468,479,388,355,371,352,320,323,308,277,320,266,247,206,295,189,209,224,203,171,212,184,172,174,181,171,137,162,176,184,179,156,189,154,161,132,169,190,129,187,145,181,189,170,177,176,187,176,186,201,218,203,205,163,200,202,187,204,198}
Count:   1.4   1.4   1.3   1.0   0.8   1.0   0.9   1.0   1.1   1.0   1.0   1.1   3.5   3.6   3.1   3.1   2.8   2.7   2.4   2.6   2.3   2.3   2.0   2.0   2.0   2.1   1.9   1.9   1.8   1.8   1.8   1.1   1.0   1.0   1.0   1.1   0.9   1.0   1.0   1.1   1.0   1.1   1.0   1.0   1.1   2.8   3.2   3.2   3.1   3.0   2.8   2.9   2.6   2.8   2.3   2.7   2.4   2.2   2.1   2.2   2.0   2.0   1.7   1.8   1.1   1.0   1.1   1.1   1.0   3.2   3.1   2.7   2.5   2.4   2.2   2.2   2.2   2.0   2.0   1.8   1.8   1.8   1.7   1.2   1.0   1.1   1.0   1.1   1.0   0.9   1.1   1.0   1.0   1.0   1.0   0.9   0.9   2.5   3.5   3.3   3.3   3.2   3.2   2.8   3.1   2.7   2.8   2.5   2.6   2.3   2.1   1.8   2.1   1.9   1.9   1.8   1.5   0.9   1.1   1.0   1.0   1.0   1.0   1.0   0.9   1.0   3.2   3.2   2.9   3.2   2.7   2.7   2.5   2.5   2.4   2.4   2.2   2.1   1.8   1.7   1.9   1.8   1.7   1.9   1.7   1.2   1.1   1.1   1.2   0.9   1.0   0.9   1.0   0.9   2.2   3.0   3.2   3.0   2.9   2.7   2.6   2.5   2.3   2.2   2.3   2.1   1.8   1.9   1.8   1.8   1.9   1.8   1.7   1.4   1.0   1.0   0.9   1.0   1.1   1.1   0.9   1.1   0.9   3.0   3.1   3.2   2.9   3.0   2.7   2.9   2.5   2.5   2.2   2.1   2.1   1.9   2.0   1.9   1.6   1.6 
B: 28.0 27.0 29.8 30.7 33.1 31.7 31.9 32.1 31.7 31.1 33.1 32.1 37.3 35.3 34.0 32.9 32.5 33.6 31.0 31.5 30.4 30.0 29.5 29.4 28.8 29.1 28.5 28.7 29.4 28.3 30.1 32.2 31.4 32.0 31.7 31.5 31.8 29.7 32.3 31.8 32.0 31.8 32.2 30.7 31.2 37.1 35.3 35.0 34.4 33.5 33.5 32.6 33.0 32.2 31.6 30.9 30.5 29.7 29.4 28.6 29.7 28.4 28.6 28.7 31.0 31.3 31.2 31.3 31.4 34.5 33.8 31.4 29.3 29.8 28.6 28.2 27.5 27.8 26.2 27.3 27.0 27.3 25.7 30.4 29.5 29.6 28.9 29.5 30.0 29.4 29.4 29.1 29.0 30.1 30.0 30.0 29.9 35.5 31.6 31.2 31.8 30.3 30.5 29.4 30.0 29.2 28.7 28.3 27.9 27.9 27.6 26.9 27.6 27.3 26.9 25.8 26.8 29.2 29.2 28.7 29.7 29.7 28.2 30.0 28.5 28.8 33.1 31.7 31.0 30.1 30.2 29.1 28.9 28.1 27.2 27.5 27.1 26.5 26.4 26.3 26.6 27.8 25.9 25.3 26.3 29.1 29.4 29.1 29.1 29.2 29.3 29.1 28.4 29.6 33.1 31.0 31.2 30.6 29.4 29.8 29.1 28.6 27.4 28.2 27.1 27.7 27.1 26.5 26.9 26.5 26.7 25.8 26.0 26.9 30.0 29.1 29.3 30.2 29.8 30.1 28.5 28.8 28.4 32.0 31.0 31.0 29.9 28.5 29.2 28.9 28.3 27.8 27.1 27.1 26.6 26.7 25.7 26.3 26.0 27.1 
Direction:  n n n n n n n n n n n n n n n n n n n n n n n n n n n n n n n n n n n n n n n n n n n n n n n n n n n n n n n n n n n n n n n n n n n n n n n n n n n n n n n n n n n n n n n n n n n n n n n n n n n n n n n n n n n n n n n n n n n n n n n n n n n n n n n n n n n n n n n n n n n n n n n n n n n n n n n n n n n n n n n n n n n n n n n n n n n n n n n n n n n n n n n n n n n n n n n n n n n n n n n n

54.4: Count:   1.6 (  0.8) A:  14.4 [13-28] B:  30.4 [13-116] Phase: 107% 76 (24.2) Direction:  {48 132}  44% 292 (31.0) Direction:  {317 223}
Phase: {235,156,193,223,214,173,206,200,183,172,178,197,199,214,200,239,225,238,239,175,195,240,209,238,229,244,174,255,232,257,295,283,292,249,310,281,333,347,337,365,354,374,403,397,379,475,443,494,493,540,544,629,578,585,604,621,662,635,788,686,691,681,659,791,626,726,762,779,737,801,793,721,838,843,767,761,786,809,808,747,724,817,772,732,769,804,902,706,695,696,886,698,665,655,784,622,708,622,631,623,565,529,485,591,491,483,436,451,493,386,415,379,339,346,327,297,265,344,283,221,263,237,263,162,191,161,179,159,142,171,114,138,130,109,107,129,90,99,99,105,87,87,59,78,81,64,86,64,65,66,81,73,48,83,40,59,50,60,56,63,43,47,69,64,49,54,42,37,45,41,32,51,42,31,42,31,41,44,31,30,50,33,23,27,40,32,31,30,33,40,22,28,27,36,20,26,31,26,29,12,26,25,30,19,19,29,23,31,25,27,35,48,26,21,29,37,46,27,32,41,24,43,38,50,28,40,35,50,40,45,50,63,47,41,64,79,41,50,80,83,88,99,82,94,100,94,102,147,99,117,134,131,179,150,163,194,144,245,150,182,207,180,247,236,290,205,307,261,322,253,445,275,340,293,378,313,345,346,377,370,379,402,380,398,369,375,400,360,403,328,368,397,409,425,383,366,333,426,355,339,367,320,371,287,306,302,332,242,257,240,231,218,228,219,216,228,190,198,203,190,153,208,142,165,172,119,130,132,162,122,151,143,146,130,118,153,128,107,161,139,146,120,167,121,145,130,132,174,171,154,136,194,192,155,178,163,222,195,194,166}
Count:   1.2   1.2   1.0   0.6   0.6   0.7   0.7   0.6   0.7   0.7   0.6   0.7   3.3   3.2   2.9   2.6   2.6   2.6   2.2   2.4   2.1   2.2   1.9   1.9   1.7   1.6   1.6   1.6   1.5   1.5   1.5   0.6   0.7   0.7   0.7   0.6   0.7   0.6   0.6   0.7   0.6   0.6   0.6   0.6   0.7   2.4   3.1   3.0   2.9   2.8   2.6   2.6   2.6   2.3   2.2   2.3   2.0   1.9   1.8   1.7   1.8   1.7   1.4   1.5   0.9   0.6   0.6   0.7   0.6   2.7   2.6   2.4   2.3   2.3   2.3   2.0   1.9   1.9   1.8   1.7   1.6   1.7   1.4   0.7   0.4   0.6   0.7   0.8   0.6   0.6   0.7   0.6   0.6   0.7   0.7   0.6   0.5   2.1   3.2   3.2   2.9   2.8   2.8   2.9   2.7   2.5   2.4   2.3   2.4   2.0   2.0   1.9   1.9   1.5   1.7   1.6   1.2   0.6   0.5   0.6   0.6   0.6   0.7   0.7   0.6   0.7   3.4   2.9   2.7   2.9   2.5   2.7   2.1   2.3   2.1   2.1   1.9   1.7   1.7   1.5   1.5   1.5   1.4   1.6   1.4   0.6   0.7   0.5   0.7   0.6   0.8   0.6   0.7   0.6   1.7   2.8   3.0   2.8   2.7   2.4   2.5   2.2   2.3   2.1   2.2   1.9   1.6   1.8   1.5   1.6   1.5   1.5   1.6   1.0   0.6   0.7   0.7   0.7   0.7   0.6   0.7   0.6   0.6   2.8   2.9   3.1   2.6   2.6   2.6   2.5   2.2   2.3   2.0   1.8   1.8   1.9   1.7   1.5   1.5   1.4 
B: 27.0 25.9 27.4 26.9 29.5 29.0 29.1 29.6 31.4 28.8 27.9 28.7 40.4 38.1 36.0 35.1 34.8 33.4 33.3 31.8 32.4 31.2 30.4 30.0 30.0 28.0 28.1 27.6 27.8 27.7 28.0 28.7 29.1 29.6 29.5 28.7 27.4 29.2 30.0 28.3 28.4 29.3 28.2 31.0 28.5 38.4 38.0 36.0 37.5 34.6 34.2 35.1 34.8 33.5 32.4 32.5 31.0 30.8 29.9 30.4 29.2 29.2 28.2 27.3 29.6 28.6 29.3 28.5 29.3 37.0 35.5 33.8 30.8 30.4 29.3 28.1 28.0 27.7 26.0 27.2 26.5 26.3 25.8 28.6 27.2 26.8 28.1 26.8 27.5 27.5 28.8 27.4 26.1 27.6 28.1 27.7 26.2 36.6 34.0 32.8 32.9 33.1 32.0 31.6 31.3 30.4 30.2 28.8 28.7 28.8 27.2 27.6 28.2 26.8 26.6 25.7 26.3 26.8 26.8 25.9 28.3 27.7 27.0 27.7 27.2 27.8 33.8 33.4 32.3 31.5 30.8 30.6 30.6 31.3 27.9 29.4 27.2 27.0 25.9 25.2 25.7 26.1 26.5 25.4 25.4 27.3 27.7 27.4 26.8 27.2 27.2 27.3 27.2 28.0 33.9 32.5 32.6 32.2 30.7 30.7 30.2 28.9 29.0 28.0 28.3 27.7 27.5 26.6 26.6 26.5 26.3 26.5 25.5 25.5 26.9 28.0 27.1 26.3 28.4 26.8 27.4 27.3 27.8 33.6 32.7 32.7 32.0 31.0 30.3 30.0 29.6 28.4 28.3 26.9 27.1 26.4 26.4 25.9 25.8 25.0 
Direction:  n n n n n n n n n n n n n n n n n n n n n n n n n n n n n n n n n n n n n n n n n n n n n n n n n n n n n n n n n n n n n n n n n n n n n n n n n n n n n n n n n n n n n n n n n n n n n n n n n n n n n n n n n n n n n n n n n n n n n n n n n n n n n n n n n n n n n n n n n n n n n n n n n n n n n n n n n n n n n n n n n n n n n n n n n n n n n n n n n n n n n n n n n n n n n n n n n n n n n n n n

54.5: Count:   1.8 (  1.0) A:  14.6 [13-34] B:  30.9 [13-104] Phase: 95% 74 (29.5) Direction:  {47 133}  36% 293 (21.8) Direction:  {318 222}
Phase: {230,156,213,203,226,175,227,184,205,246,205,174,198,263,228,246,233,224,274,210,251,261,260,281,308,295,257,309,332,313,361,322,365,356,361,356,409,392,404,446,442,495,500,524,462,628,547,612,615,616,603,778,601,813,784,728,839,765,904,931,942,960,929,1075,850,951,991,1020,997,976,966,907,1097,1043,1042,971,1008,1033,936,1009,993,1009,1002,1043,939,928,1018,908,911,855,1103,783,886,779,880,749,801,738,807,744,695,677,637,629,595,564,552,544,570,437,473,436,444,414,345,376,257,328,315,287,266,242,249,225,197,170,165,173,164,189,170,138,124,139,130,158,107,117,129,93,110,93,95,95,83,77,79,74,90,71,70,73,66,63,63,76,68,57,45,37,48,48,52,39,39,37,41,48,41,34,28,38,40,26,38,31,40,38,53,35,44,8,19,29,18,29,24,23,20,25,33,24,24,28,34,17,18,22,34,21,29,24,39,17,35,24,23,28,28,21,23,14,30,19,30,37,25,42,22,31,28,32,35,41,34,63,33,47,49,37,38,57,51,67,46,45,60,62,66,84,69,75,73,90,62,93,106,114,118,117,125,92,138,127,132,119,175,186,145,157,158,197,176,199,192,167,216,205,205,209,300,214,283,228,299,229,279,295,315,330,323,308,324,306,314,318,276,394,383,325,366,329,367,377,326,370,329,388,353,361,336,311,367,303,321,302,336,327,291,333,252,287,263,209,236,274,198,232,228,188,151,213,167,155,161,161,160,112,192,157,157,166,124,140,107,171,143,158,136,132,134,124,151,129,170,139,114,178,117,174,169,158,187,152,194,194,213,168,160,175}
Count:   1.4   1.4   1.1   0.6   0.6   0.5   0.6   0.7   0.7   0.7   0.6   0.6   4.0   3.6   3.5   3.0   3.0   3.1   2.6   2.5   2.4   2.6   2.1   2.4   2.1   2.0   1.9   1.8   1.7   1.6   1.6   0.6   0.6   0.6   0.7   0.7   0.7   0.6   0.7   0.6   0.8   0.6   0.7   0.6   0.6   2.5   3.6   3.4   3.3   3.0   3.0   2.9   2.9   2.7   2.6   2.6   2.4   2.5   2.0   2.0   1.9   1.9   1.7   1.9   0.9   0.6   0.8   0.6   0.7   3.0   2.9   2.8   2.7   2.3   2.4   2.3   2.4   2.1   2.0   1.8   1.9   1.8   1.8   0.8   0.5   0.5   0.5   0.6   0.6   0.7   0.6   0.6   0.6   0.6   0.5   0.7   0.6   2.3   3.5   3.5   3.4   3.3   3.1   3.4   3.0   3.0   2.7   2.8   2.6   2.5   2.3   2.2   2.1   1.9   2.1   1.7   1.4   0.6   0.7   0.6   0.5   0.7   0.6   0.8   0.6   0.6   3.8   3.3   3.1   3.1   3.1   3.0   2.8   2.6   2.2   2.4   2.3   2.1   2.0   2.0   2.0   1.9   1.7   1.7   1.5   0.7   0.6   0.6   0.8   0.7   0.6   0.6   0.7   0.6   1.9   3.3   3.3   3.2   2.9   2.8   3.1   2.5   2.7   2.3   2.6   2.1   2.1   2.1   1.9   1.8   1.7   1.7   1.6   1.3   0.6   0.6   0.7   0.7   0.6   0.6   0.6   0.6   0.7   3.2   3.1   3.4   3.1   3.1   2.7   3.0   2.6   2.6   2.4   2.2   1.9   2.1   2.0   1.8   1.6   1.7 
B: 27.1 26.7 26.9 26.4 27.3 26.3 27.1 28.1 28.4 26.9 28.1 28.4 42.2 38.6 36.6 35.7 36.1 35.2 34.3 33.4 32.8 30.6 31.8 29.6 30.2 27.8 29.7 27.6 26.9 27.6 28.5 27.1 28.2 27.2 28.0 26.3 26.6 27.6 26.0 26.1 27.5 27.8 27.7 27.1 26.0 37.4 38.8 37.8 36.9 35.9 36.6 35.7 34.7 33.4 34.6 33.1 31.1 31.5 30.5 30.3 30.4 29.8 28.2 27.7 26.6 26.9 27.5 28.5 27.2 38.0 36.3 34.4 31.8 30.5 30.1 27.8 28.6 27.5 27.2 26.9 27.3 26.5 25.3 25.5 24.7 25.6 26.7 25.9 26.1 23.9 24.2 26.4 27.2 25.5 25.7 25.2 26.0 36.1 34.7 33.6 34.1 34.4 33.4 33.3 32.2 31.7 31.3 30.4 30.1 29.5 28.2 28.2 27.8 27.0 27.2 25.8 26.2 24.8 26.8 26.1 26.9 26.8 25.8 26.4 25.1 27.1 35.0 33.9 32.9 32.2 32.9 31.5 30.8 31.1 29.9 29.1 27.1 27.7 27.1 26.3 25.6 26.4 25.7 25.3 25.5 25.6 25.4 24.4 25.3 24.9 25.5 25.9 24.8 24.7 34.9 33.7 33.5 33.7 32.6 32.2 31.3 30.3 29.9 29.0 28.5 27.8 27.2 26.8 27.0 27.4 26.4 26.2 26.2 26.4 26.0 26.4 24.9 25.8 26.7 26.1 25.7 25.6 25.5 34.7 34.3 32.6 33.2 32.8 31.1 31.1 29.7 29.2 29.6 28.1 27.0 26.7 27.0 25.9 25.4 25.5 
Direction:  n n n n n n n n n n n n n n n n n n n n n n n n n n n n n n n n n n n n n n n n n n n n n n n n n n n n n n n n n n n n n n n n n n n n n n n n n n n n n n n n n n n n n n n n n n n n n n n n n n n n n n n n n n n n n n n n n n n n n n n n n n n n n n n n n n n n n n n n n n n n n n n n n n n n n n n n n n n n n n n n n n n n n n n n n n n n n n n n n n n n n n n n n n n n n n n n n n n n n n n n

54.6: Count:   1.9 (  1.1) A:  14.7 [13-30] B:  30.9 [13-114] Phase: 97% 75 (26.6) Direction:  {47 133}  29% 295 (27.0) Direction:  {320 220}
Phase: {214,171,215,213,191,187,195,207,191,206,186,248,198,228,241,247,230,239,306,241,265,278,310,331,307,339,304,403,349,391,349,356,429,380,438,414,474,436,491,551,559,562,604,607,547,675,567,682,735,729,714,774,733,738,760,889,854,839,1024,900,992,925,1000,1119,883,1006,1056,1127,1001,1111,1082,991,1286,1133,1140,1157,1085,1163,1083,1126,1047,1054,1087,1077,1119,1011,1189,1052,1025,902,1248,863,1001,892,1000,863,898,870,805,778,770,756,749,723,640,664,593,575,631,451,506,516,456,452,407,405,320,490,357,361,311,303,359,255,282,253,276,258,225,215,223,211,173,182,117,183,118,142,161,108,116,140,95,90,94,78,73,87,97,68,86,75,43,72,48,52,57,65,44,59,57,46,65,42,58,37,31,29,39,29,32,32,30,30,23,18,33,33,19,20,21,19,30,21,22,24,18,18,24,16,24,26,16,23,20,22,29,13,19,7,26,17,14,22,19,14,28,32,16,18,22,17,21,24,20,24,14,12,16,16,30,20,26,23,22,39,28,35,24,34,23,53,33,43,51,32,39,52,46,64,61,60,73,70,59,74,75,91,83,80,105,75,102,100,123,125,147,133,125,166,140,175,177,179,151,191,252,226,258,182,318,235,228,246,365,248,291,287,318,332,289,302,277,362,300,362,314,334,381,330,354,364,353,361,343,311,271,389,345,352,331,300,322,273,324,297,318,294,293,329,201,260,275,222,207,281,205,188,214,180,172,183,133,154,158,177,159,142,162,154,120,142,135,167,126,144,118,146,132,135,117,106,166,129,144,136,120,143,101,139,132,154,146,117,174,125,167,161,161,151}
Count:   1.6   1.5   1.1   0.5   0.6   0.5   0.6   0.6   0.7   0.7   0.6   0.8   4.4   3.7   4.0   3.1   3.4   3.1   2.9   2.7   2.6   2.8   2.4   2.5   2.2   2.0   2.0   2.1   1.8   1.7   1.9   0.5   0.6   0.6   0.7   0.6   0.7   0.5   0.6   0.7   0.7   0.6   0.6   0.6   0.5   2.8   3.8   3.6   3.6   3.2   3.2   3.1   3.2   3.1   2.9   3.0   2.6   2.5   2.3   2.2   2.1   2.3   1.9   1.9   0.8   0.6   0.7   0.5   0.7   3.3   3.2   3.0   2.6   2.6   2.5   2.5   2.5   2.3   2.1   2.0   2.0   1.8   1.8   0.8   0.7   0.6   0.5   0.6   0.4   0.7   0.5   0.5   0.5   0.7   0.6   0.5   0.6   2.4   3.6   3.9   3.7   3.6   3.1   3.8   3.2   3.5   3.1   2.9   2.8   2.7   2.5   2.3   2.3   2.1   2.1   1.8   1.3   0.6   0.6   0.6   0.4   0.5   0.5   0.7   0.7   0.6   3.8   3.6   3.3   3.4   3.3   3.3   3.0   2.8   2.4   2.6   2.4   2.4   1.9   2.2   2.1   1.9   1.7   1.5   1.6   0.7   0.5   0.5   0.8   0.6   0.6   0.5   0.6   0.6   1.8   3.9   3.8   3.6   3.2   3.1   3.1   2.9   3.0   2.5   2.7   2.2   2.1   2.2   2.2   1.9   1.9   1.7   1.8   1.3   0.5   0.6   0.6   0.7   0.5   0.7   0.5   0.7   0.6   3.5   3.5   3.7   3.5   3.4   2.9   3.2   2.8   2.9   2.5   2.5   2.2   2.5   2.1   1.9   1.9   1.8 
B: 26.5 25.8 26.9 25.5 26.1 26.7 26.3 27.1 27.3 25.8 26.1 28.0 41.6 39.1 37.3 36.0 35.6 35.7 34.3 32.7 32.0 31.0 30.8 29.3 29.4 28.9 27.8 27.4 27.4 26.8 27.2 27.4 26.9 25.6 27.0 26.2 25.9 25.5 26.0 26.2 26.9 27.3 26.5 26.8 26.6 37.2 38.0 38.5 37.9 36.9 36.3 35.0 35.8 33.6 35.1 32.9 31.6 31.5 31.0 29.0 29.7 29.4 27.9 27.8 27.2 26.2 26.3 26.0 27.4 37.5 37.0 35.6 31.9 30.1 29.6 29.2 27.7 27.8 28.4 25.9 26.1 25.7 24.5 28.1 25.5 25.8 23.7 25.3 24.4 24.5 24.2 25.1 24.0 25.6 24.8 24.5 25.5 37.1 35.4 34.4 34.4 34.9 33.1 32.7 31.9 32.0 31.5 30.9 30.0 29.4 28.9 28.8 27.2 26.3 26.6 25.3 25.8 25.0 26.0 24.7 25.4 26.9 24.2 25.9 24.9 25.9 34.8 34.5 33.1 33.4 32.5 31.8 31.0 30.0 29.4 29.5 28.2 27.9 26.5 25.5 25.2 25.4 25.3 25.4 25.2 25.7 24.7 25.7 24.4 24.2 25.2 25.0 26.2 24.4 34.4 34.1 33.9 33.4 32.3 32.3 30.5 30.4 30.1 29.2 28.8 27.4 26.6 26.3 27.0 24.8 24.8 25.3 26.0 26.8 23.6 24.4 24.4 25.7 24.8 26.4 26.2 25.5 25.5 33.9 34.4 33.2 32.8 33.2 32.2 32.6 29.9 28.4 28.9 27.6 26.4 26.8 26.1 25.0 24.5 25.4 
Direction:  n n n n n n n n n n n n {44 136} n n n n n n n n n n n n n n n n n n n n n n n n n n n n n n n n n n n n n n n n n n n n n n n n n n n n n n n n n n n n n n n n n n n n n n n n n n n n n n n n n n n n n n n n n n n n n n n n n n n n n n n n n n n n n n n n n n n n n n n n n n n n n n n n n n n n n n n n n n n n n n n n n n n n n n n n n n n n n n n n n n n n n n n n n n n n n n n n n n n n n n n n n n n

54.7: Count:   2.2 (  1.3) A:  14.8 [13-32] B:  30.2 [13-111] Phase: 97% 75 (31.8) Direction:  {47 133}  28% 290 (22.5) Direction:  {316 224}
Phase: {221,197,216,155,268,182,194,223,230,227,206,258,229,267,259,288,267,307,313,320,327,298,345,405,317,373,351,444,433,393,429,465,546,482,466,545,520,546,535,680,629,610,675,739,702,764,725,769,869,829,876,985,924,949,1001,1025,1018,1057,1126,1034,1178,1138,1193,1307,1034,1205,1219,1279,1219,1164,1221,1128,1306,1225,1260,1219,1144,1202,1219,1196,1151,1248,1182,1176,1229,1056,1185,1024,1155,995,1422,950,1147,1003,1153,994,970,1017,1005,941,907,948,878,934,821,821,829,776,810,573,694,685,664,713,533,500,489,554,448,435,434,411,413,373,345,308,320,325,292,313,246,255,269,234,182,248,170,178,163,188,125,148,119,149,131,112,119,81,117,115,110,113,88,93,69,87,72,67,50,41,59,58,80,58,63,31,49,41,46,44,40,31,38,41,23,50,50,35,42,17,41,17,28,24,27,21,25,10,10,21,15,29,13,11,18,12,14,11,17,23,19,18,10,15,19,14,15,12,16,12,31,15,27,14,15,25,18,26,18,29,27,30,16,28,19,33,17,21,28,27,31,38,32,34,54,34,42,53,47,49,37,75,43,48,64,71,58,68,62,71,90,80,112,108,136,126,105,120,135,152,146,160,181,170,189,182,245,193,251,187,343,210,278,273,322,283,332,250,346,358,289,344,330,429,398,385,351,370,445,296,331,370,358,375,292,334,304,373,325,296,290,296,321,293,249,249,295,267,225,245,192,237,205,181,151,208,150,156,146,152,128,153,122,146,146,135,128,101,126,121,122,129,127,132,99,152,135,156,122,127,141,124,161,114,119,127,119,149,169,138,142,171,151,143,185,156,183,164,156,159}
Count:   1.9   1.9   1.3   0.6   0.6   0.6   0.7   0.6   0.6   0.6   0.6   0.7   4.6   4.2   4.4   3.7   3.9   3.7   3.4   3.0   2.8   3.0   2.6   2.6   2.5   2.6   2.3   2.3   2.1   1.9   1.9   0.5   0.6   0.5   0.6   0.6   0.5   0.5   0.6   0.4   0.5   0.6   0.6   0.6   0.5   2.7   4.2   4.2   4.0   3.8   4.0   3.4   3.9   3.1   3.1   3.3   3.1   3.0   2.5   2.5   2.6   2.5   2.0   2.1   0.9   0.6   0.6   0.6   0.6   3.5   3.6   3.6   3.0   3.0   3.0   2.8   2.8   2.4   2.3   2.4   2.4   2.3   2.2   1.0   0.5   0.6   0.5   0.6   0.5   0.6   0.6   0.6   0.5   0.6   0.7   0.5   0.6   2.7   4.4   4.3   3.9   4.3   3.8   4.0   3.5   4.0   3.4   3.5   3.2   3.1   3.0   2.7   2.6   2.3   2.7   2.4   1.4   0.5   0.6   0.6   0.6   0.5   0.6   0.5   0.6   0.5   4.1   4.2   4.0   4.0   4.0   3.6   3.6   3.6   3.1   2.9   2.6   2.6   2.1   2.4   2.3   2.2   1.8   1.9   1.9   0.6   0.6   0.5   0.6   0.5   0.5   0.4   0.7   0.6   2.3   4.1   4.2   3.9   3.9   3.6   3.5   3.3   3.2   2.7   3.1   2.7   2.6   2.5   2.6   2.0   2.1   1.8   2.1   1.5   0.6   0.6   0.6   0.5   0.4   0.7   0.5   0.6   0.5   4.1   4.0   4.3   3.7   3.8   3.3   3.6   3.3   3.2   2.7   2.9   2.6   2.7   2.3   2.4   1.9   1.9 
B: 26.4 25.4 25.1 25.6 25.6 26.0 26.1 24.3 25.6 26.2 26.9 25.4 40.4 38.7 37.6 35.3 35.4 35.3 33.7 31.7 31.2 32.3 29.7 28.8 29.0 28.3 27.5 26.7 25.5 27.2 27.5 25.6 26.3 26.5 25.8 25.9 25.6 26.8 26.0 26.0 24.5 26.2 26.0 25.0 26.3 37.3 38.0 37.0 36.9 36.1 36.5 35.4 35.0 33.0 33.1 32.4 32.0 30.6 30.9 28.1 28.3 28.0 27.1 27.5 28.1 25.3 27.0 26.3 25.4 36.8 35.9 33.9 32.2 29.7 28.7 27.8 27.9 27.1 26.7 25.7 26.7 24.6 25.1 25.6 26.1 24.7 26.4 25.8 25.9 25.0 24.8 25.9 24.9 22.9 25.2 25.9 24.8 34.7 33.4 33.8 33.8 33.4 32.3 32.2 31.5 31.0 30.6 29.5 29.1 28.1 27.5 26.6 26.1 25.8 25.6 25.2 24.3 24.5 26.5 24.8 24.2 25.1 25.8 23.6 23.7 24.8 35.2 33.8 33.0 32.3 32.4 30.7 29.9 28.9 28.4 28.1 26.8 26.0 26.4 25.9 25.2 24.9 23.2 23.5 23.6 25.4 24.7 25.3 23.3 24.4 24.2 25.2 25.0 23.7 32.8 33.7 33.6 33.0 31.4 31.1 29.8 29.6 28.8 28.8 27.2 27.0 26.5 25.1 25.5 25.4 24.4 24.2 24.2 24.7 25.6 24.9 23.2 25.2 24.7 24.7 26.0 24.8 24.8 34.2 33.6 34.0 32.6 31.9 31.1 30.8 28.9 28.6 28.8 27.9 25.9 26.5 25.2 24.3 24.7 24.4 
Direction:  n n n n n n n n n n n n n n {49 131} n n n n n n n n n n n n n n n n n n n n n n n n n n n n n n n n n n n n n n n n n n n n n n n n n n n n n n n n n n n n n n n n n n n n n n n n n n n n n n n n n n n n n n n n n n n n n n n n n n n n n n n n n n n n n n n n n n n n n n n n n n n n n n n n n n n n n n n n n n n n n n n n n n n n n n n n n n n n n n n n n n n n n n n n n n n n n n n n n n n n n n n n n

54.8: Count:   2.3 (  1.4) A:  14.9 [13-34] B:  30.1 [13-106] Phase: 96% 76 (31.1) Direction:  {48 132}  26% 290 (20.1) Direction:  {316 224}
Phase: {260,188,173,174,205,220,186,209,247,233,247,244,276,235,278,298,313,306,323,291,335,364,331,338,406,374,322,473,472,428,480,500,561,491,519,545,676,562,626,716,660,736,677,794,695,824,743,809,847,832,919,957,957,1098,1063,1049,1099,1101,1222,1135,1276,1239,1304,1388,1133,1237,1226,1305,1314,1217,1312,1190,1454,1367,1332,1343,1245,1375,1195,1230,1156,1366,1356,1249,1320,1269,1340,1098,1242,1041,1475,996,1185,1088,1241,1021,1115,1081,1050,1061,1009,1051,887,1001,886,894,838,821,922,617,739,758,708,688,638,648,500,604,472,483,506,484,448,404,418,348,416,349,333,346,328,284,307,268,231,213,203,237,211,210,192,180,175,159,140,151,131,93,132,100,112,100,96,99,71,102,70,69,75,70,81,48,56,55,51,48,50,32,48,42,43,37,32,36,36,27,40,28,29,17,44,16,13,15,33,15,21,28,21,22,18,20,10,18,8,19,7,26,23,11,17,19,18,21,17,12,11,16,10,19,15,7,14,20,23,18,16,19,21,22,11,23,25,25,20,33,16,36,18,30,29,36,21,39,30,45,30,56,34,41,45,50,55,70,42,58,61,68,67,69,81,77,105,89,86,109,87,117,116,142,121,154,143,153,181,190,254,192,239,186,362,234,284,246,351,301,303,292,339,320,337,326,283,396,322,350,369,305,401,311,365,412,315,330,345,378,278,369,310,314,305,319,348,235,219,258,279,229,234,235,175,229,177,196,184,217,132,175,151,176,132,163,117,134,138,132,149,108,122,114,148,121,106,131,117,113,114,116,137,94,95,98,120,128,118,132,141,149,155,152,145,145,167,126,147,136,189,177,157,177}
Count:   1.9   2.0   1.0   0.6   0.6   0.5   0.6   0.6   0.6   0.6   0.5   0.6   4.8   4.6   4.5   4.0   4.1   3.7   3.6   3.4   3.2   3.2   3.0   2.6   2.7   2.9   2.2   2.1   2.0   2.1   2.0   0.5   0.5   0.6   0.6   0.5   0.6   0.4   0.6   0.6   0.6   0.5   0.6   0.6   0.5   3.0   4.5   4.2   4.4   4.0   4.3   3.8   4.3   3.3   3.3   3.4   3.4   3.0   2.7   2.9   2.6   2.7   2.0   2.3   1.0   0.5   0.6   0.6   0.6   4.0   3.5   3.4   3.6   3.1   3.0   3.1   2.9   2.7   2.7   2.6   2.5   2.3   2.3   1.0   0.5   0.6   0.6   0.5   0.6   0.5   0.5   0.5   0.6   0.6   0.6   0.6   0.6   2.5   4.4   4.6   4.3   4.8   3.9   4.1   3.8   4.4   4.0   4.0   3.5   3.1   3.1   2.8   2.6   2.5   2.6   2.2   1.5   0.6   0.6   0.4   0.5   0.5   0.8   0.6   0.6   0.6   4.6   4.5   4.2   4.1   4.0   3.5   3.7   3.7   3.2   3.0   3.0   2.8   2.2   2.4   2.3   2.3   2.1   2.2   1.9   0.7   0.6   0.5   0.6   0.5   0.5   0.5   0.5   0.5   2.3   4.7   4.4   4.1   4.1   4.1   3.8   3.5   3.5   3.0   3.1   2.6   2.6   2.4   2.8   2.3   2.1   2.0   2.1   1.3   0.5   0.5   0.5   0.5   0.6   0.7   0.6   0.4   0.5   4.4   4.1   4.5   4.4   4.0   3.6   3.8   3.7   3.4   3.0   3.1   2.6   2.7   2.5   2.3   2.1   1.9 
B: 26.8 25.5 26.1 23.5 24.6 24.7 25.5 26.0 25.4 25.3 25.7 27.3 39.8 38.3 37.1 35.9 35.8 34.1 33.9 31.7 30.7 30.6 29.5 28.8 28.0 28.2 27.1 26.8 25.4 26.5 25.3 25.2 24.6 24.1 24.6 24.7 25.5 25.0 26.6 24.9 25.1 25.8 24.0 24.4 25.7 37.1 37.9 36.4 36.1 35.7 35.7 35.2 35.4 33.2 33.3 32.3 31.0 30.9 30.5 29.4 28.1 27.7 27.3 27.0 27.2 24.4 25.2 24.8 24.8 35.3 35.3 35.1 31.8 30.2 28.9 28.6 27.4 27.1 26.0 25.6 26.0 25.2 25.3 26.4 24.4 24.4 24.0 23.8 23.4 23.9 23.6 24.0 23.9 24.2 24.7 24.8 23.1 34.8 33.3 33.6 33.5 33.6 33.6 32.3 31.3 31.5 30.1 29.8 28.5 27.8 27.6 27.2 26.1 25.2 24.5 24.6 24.4 23.4 23.8 24.1 24.0 24.3 24.6 23.6 24.1 23.4 34.6 34.5 32.7 32.4 32.5 30.9 29.2 29.3 28.4 27.5 27.2 26.8 25.3 25.5 26.0 24.9 25.3 23.1 23.9 24.2 24.2 24.9 23.9 23.8 23.3 23.8 23.5 24.2 33.2 34.4 33.0 33.1 31.3 31.4 30.5 30.2 28.6 28.8 26.9 28.0 26.4 25.6 25.5 24.9 25.0 23.3 24.2 23.8 24.2 24.2 22.4 24.1 23.5 25.3 23.2 23.8 23.0 34.0 33.4 33.3 32.9 30.8 30.8 30.1 29.0 28.0 28.5 27.8 26.1 26.3 25.1 24.8 23.8 25.3 
Direction:  n n n n n n n n n n n n n n n n n n n n n n n n n n n n n n n n n n n n n n n n n n n n n n n n n n n n n n n n n n n n n n n n n n n n n n n n n n n n n n n n n n n n n n n n n n n n n n n n n n n n n {45 135} n n n n n n n n n n n n n n n n n n n n n n n n n {46 134} n n n n n n n n n n n n n n n n n n n n n n n n n n n n n n n n n n n n n n n n n n n n n n n n n n n n n n n n n n n n n n n n n n n n n n n n

54.9: Count:   2.1 (  1.4) A:  14.9 [13-30] B:  31.3 [13-99] Phase: 100% 76 (29.8) Direction:  {48 132}
Phase: {215,115,151,133,172,123,153,124,157,167,167,184,188,201,206,212,193,259,238,209,241,244,267,258,304,290,321,354,341,368,366,406,458,404,455,500,516,502,531,578,584,678,689,719,682,826,696,856,886,934,869,1005,1062,1035,1113,1149,1199,1190,1260,1238,1265,1364,1302,1369,1152,1326,1364,1438,1441,1281,1405,1298,1532,1446,1382,1495,1401,1471,1330,1489,1379,1444,1389,1388,1393,1261,1496,1322,1308,1159,1539,1156,1259,1223,1286,1184,1116,1094,1159,1095,1042,982,925,1065,949,881,872,852,810,676,707,670,704,749,636,630,466,621,429,479,438,353,416,275,313,301,316,283,301,249,225,215,191,204,201,194,146,130,129,113,102,117,90,106,109,92,89,88,58,80,79,60,59,67,34,52,42,57,58,37,48,29,45,37,31,38,22,33,25,23,32,24,23,16,25,27,11,10,12,10,25,17,12,14,25,9,6,12,19,16,10,11,16,18,10,12,12,9,18,19,8,16,10,14,11,8,12,14,17,3,10,14,18,16,12,12,13,8,11,10,6,17,10,14,11,26,13,18,13,22,20,19,7,14,21,34,17,23,24,19,22,20,18,43,29,41,38,48,24,26,40,33,43,62,33,54,72,50,57,50,57,97,80,64,112,53,98,93,90,81,156,90,116,104,160,110,141,137,138,162,136,126,133,171,127,171,168,129,214,135,159,161,191,178,171,186,117,192,180,183,209,183,199,148,164,167,154,173,154,189,118,123,160,162,102,174,118,156,130,135,116,131,100,110,104,113,126,69,98,94,106,120,107,82,69,112,68,101,98,104,116,97,105,119,110,103,123,106,111,102,106,111,99,118,121,92,144,137,161,121}
Count:   1.7   1.8   0.9   0.3   0.4   0.4   0.4   0.3   0.3   0.4   0.4   0.6   4.8   4.7   4.4   4.1   4.1   3.4   3.3   3.0   3.1   2.7   3.0   2.2   2.6   2.6   2.1   1.9   1.7   1.8   1.5   0.3   0.4   0.3   0.3   0.4   0.4   0.3   0.4   0.4   0.3   0.4   0.4   0.3   0.4   3.1   4.3   4.0   4.3   3.6   3.8   3.7   3.9   3.2   3.3   3.2   3.4   2.5   2.5   2.4   2.3   2.3   1.8   2.2   0.6   0.4   0.4   0.5   0.4   3.6   3.3   3.6   3.2   2.7   2.7   2.8   2.5   2.6   2.2   2.0   2.5   1.8   2.0   0.8   0.3   0.4   0.3   0.3   0.4   0.4   0.4   0.3   0.4   0.4   0.3   0.4   0.3   2.6   4.8   4.5   3.9   4.7   3.8   4.0   3.6   4.1   3.7   3.6   3.2   3.3   2.9   2.8   2.5   2.4   2.3   2.2   1.0   0.3   0.5   0.2   0.3   0.3   0.4   0.3   0.4   0.3   4.6   4.2   4.4   3.8   3.8   3.5   3.4   3.4   3.2   2.8   3.1   2.5   2.1   2.3   1.9   1.9   1.8   1.7   1.5   0.5   0.3   0.3   0.4   0.3   0.3   0.4   0.5   0.3   2.0   4.9   4.1   4.0   3.9   3.7   3.2   3.5   3.4   2.8   2.7   2.8   2.4   2.1   2.8   2.3   2.0   1.7   1.7   1.0   0.5   0.3   0.4   0.4   0.4   0.4   0.4   0.3   0.3   4.3   4.3   3.9   3.9   3.8   3.8   3.8   3.4   3.1   2.9   2.8   2.5   2.4   2.1   2.3   1.6   1.8 
B: 26.2 27.0 26.0 22.4 24.3 22.7 24.2 24.1 24.8 22.5 24.0 29.3 40.9 38.9 38.5 37.2 36.9 35.8 34.3 32.6 32.2 32.3 31.4 30.2 30.6 29.5 28.6 28.3 25.7 26.6 26.4 24.1 23.2 23.5 22.0 24.0 23.2 24.3 23.0 23.1 24.3 24.0 24.1 22.8 23.8 38.9 39.3 38.6 37.4 37.4 36.3 37.2 36.2 33.4 35.8 33.4 32.4 32.3 31.5 30.4 29.9 29.7 28.4 27.5 26.6 22.3 24.5 24.4 24.0 37.9 36.0 35.9 31.9 31.3 30.6 29.9 28.8 28.0 27.1 26.6 25.9 26.8 26.1 25.9 21.9 22.1 21.7 23.9 22.6 24.1 21.0 23.0 22.5 22.2 23.5 23.3 21.6 36.5 35.7 34.1 34.4 34.7 33.9 33.2 31.9 32.9 31.1 31.2 29.0 29.9 29.3 27.8 27.8 26.1 25.1 26.1 25.3 21.5 23.9 23.1 22.9 22.2 21.4 22.8 21.8 23.5 36.0 35.4 33.4 32.1 33.8 31.5 29.9 30.2 30.3 28.2 28.0 27.7 26.5 25.6 27.3 25.0 25.4 24.9 24.5 23.0 22.6 23.2 21.2 21.3 21.9 22.1 22.0 24.4 34.7 34.4 33.6 34.2 32.3 33.2 31.4 31.4 30.0 29.5 28.4 29.1 27.6 26.4 27.3 25.8 25.2 23.8 24.1 24.9 21.5 25.7 22.7 21.9 23.3 23.8 24.4 21.0 22.7 34.0 34.3 34.1 33.6 32.2 31.9 32.1 30.1 28.9 29.3 28.6 27.9 27.2 27.0 26.7 24.7 25.1 
Direction:  n n n n n n n n n n n n {46 134} {51 129} {51 129} n n n n n n n n n n n n n n n n n n n n n n n n n n n n n n n n n n n n n n n n n n n n n n n n n n n n n n n n n n n n n n n n n n n n n n n n n n n n n n n n n n n {58 122} n n {47 133} n n n n n n n n n n n n n n n n n n n n n n n n {63 117} n n n n n n n n n n n n n n n n n n n n n n n n n n n n n n n n n n n n n n n n n n n n n n n n n n n n n n n n {48 132} n n n n n n n n n n n n n n n n

55.0: Count:   1.9 (  1.4) A:  15.0 [13-32] B:  32.5 [13-107] Phase: 100% 77 (25.3) Direction:  {48 132}
Phase: {124,93,82,90,135,82,93,132,103,111,135,157,154,151,162,131,160,153,203,142,194,196,174,236,227,231,240,288,297,298,304,310,372,318,351,404,387,450,458,602,482,560,597,597,645,701,638,758,792,782,845,964,901,977,1046,982,1069,971,1254,1163,1074,1187,1265,1353,1202,1368,1275,1430,1385,1385,1404,1435,1652,1535,1507,1475,1623,1642,1556,1520,1539,1635,1620,1454,1500,1383,1530,1315,1393,1269,1601,1223,1264,1239,1288,1103,1148,1073,1080,1046,984,946,840,930,839,814,703,756,729,555,681,625,563,611,499,528,438,504,410,339,381,363,323,292,284,252,254,228,218,222,158,175,161,125,102,135,86,123,98,79,71,80,71,73,88,57,58,26,63,37,37,47,41,37,29,29,42,27,18,39,19,14,24,25,23,17,19,22,8,21,17,17,15,9,4,9,12,10,14,7,19,8,14,20,16,9,6,6,10,12,13,10,5,2,2,12,11,10,11,5,10,1,7,5,10,5,11,3,11,16,9,9,4,6,4,6,6,7,4,8,6,3,9,5,3,11,11,10,11,4,10,12,7,5,17,8,14,6,15,14,10,6,15,11,11,23,23,21,13,11,16,17,35,21,17,26,23,26,23,23,37,48,40,27,41,28,50,31,35,45,88,38,36,54,69,55,60,62,75,79,61,46,45,93,70,58,66,66,141,45,83,73,77,100,75,104,56,105,106,113,99,86,94,83,84,83,108,80,84,105,121,91,123,123,86,136,84,97,111,90,83,100,87,79,99,92,70,68,74,75,96,68,44,88,59,76,71,79,86,79,72,57,103,83,89,75,60,109,89,75,67,88,109,95,108,94,117,104,91,92}
Count:   1.4   1.5   0.8   0.2   0.3   0.2   0.4   0.3   0.2   0.3   0.3   0.5   4.7   4.4   4.4   3.5   3.7   3.0   3.1   2.5   2.8   2.4   2.4   2.0   2.1   2.1   1.7   1.8   1.2   1.6   1.3   0.3   0.3   0.2   0.2   0.3   0.3   0.2   0.2   0.3   0.2   0.2   0.3   0.2   0.3   3.2   4.2   4.0   4.3   3.3   3.5   3.4   3.8   3.0   3.2   2.9   2.6   2.2   2.3   2.2   2.1   2.0   1.6   1.6   0.7   0.3   0.3   0.4   0.3   3.7   3.2   3.2   2.7   2.6   2.5   2.5   2.2   2.3   2.1   1.7   1.9   1.4   1.5   0.5   0.3   0.3   0.2   0.3   0.3   0.3   0.3   0.2   0.3   0.2   0.2   0.2   0.3   2.7   4.5   4.1   3.5   4.4   3.5   4.0   3.9   3.8   3.6   3.1   2.8   2.8   2.6   2.2   2.1   2.1   1.6   2.0   0.7   0.2   0.3   0.3   0.2   0.3   0.3   0.2   0.3   0.3   4.4   3.9   4.0   3.8   3.4   3.6   3.2   3.1   3.1   2.4   2.7   2.6   2.0   1.9   1.6   1.7   1.5   1.5   1.5   0.2   0.3   0.3   0.3   0.3   0.3   0.2   0.2   0.3   1.9   4.3   3.6   3.9   3.7   3.5   3.1   3.2   3.0   2.5   2.7   2.6   2.2   2.0   2.3   1.7   1.7   1.4   1.5   0.7   0.2   0.2   0.3   0.3   0.3   0.3   0.2   0.2   0.3   4.1   4.0   4.0   4.0   3.5   3.5   3.5   2.9   2.9   2.3   2.5   2.1   2.0   1.7   2.1   1.6   1.5 
B: 27.0 27.7 25.8 22.2 23.0 21.1 24.4 23.3 26.0 24.4 23.6 30.8 41.9 40.5 40.0 37.5 38.1 36.5 34.7 34.0 33.3 33.3 32.6 30.3 31.4 30.2 28.4 27.6 27.3 26.0 26.6 23.0 22.3 22.5 22.8 22.0 22.7 23.9 22.1 25.3 21.9 23.6 23.7 23.5 23.1 39.9 39.3 39.7 38.3 37.9 37.7 37.5 37.1 34.4 36.2 35.6 32.9 33.5 33.5 31.9 30.1 30.1 29.5 29.2 26.1 20.9 23.7 22.5 22.4 39.2 37.7 36.2 33.4 32.0 31.2 30.5 29.1 27.8 28.4 27.5 28.0 26.7 24.4 26.5 21.5 23.9 23.4 24.6 23.7 22.9 22.8 22.0 21.9 21.8 21.2 21.1 21.4 37.8 36.6 35.9 35.0 35.6 35.0 33.4 34.3 33.1 33.5 31.3 30.3 31.2 30.0 29.2 27.5 27.2 26.8 25.7 25.6 21.3 23.7 22.0 22.9 21.3 22.3 20.8 21.2 22.0 36.8 36.1 33.8 33.6 33.5 32.6 31.9 31.5 31.1 30.4 29.0 28.1 27.8 27.3 26.8 25.6 25.4 26.5 24.8 23.2 22.7 21.5 21.4 22.8 21.6 21.5 22.8 22.2 36.9 35.7 35.7 35.2 33.7 32.8 32.3 31.7 30.6 30.6 29.2 28.2 28.8 28.4 27.8 27.1 25.5 25.6 26.2 23.5 21.5 19.8 21.3 22.4 22.0 22.2 21.2 24.4 20.7 36.6 36.1 34.7 33.9 33.4 33.9 33.9 30.8 30.7 29.6 29.4 30.2 27.7 27.0 27.3 25.1 25.3 
Direction:  n n n n n n n n n n n n {50 130} {47 133} {53 127} {46 134} n n n n n n n n n n n n n n n n n n n n n n n n n n n n n n {48 132} n {50 130} n n n n n n n n n n n n n n n n n n n n n n n n n n n n n n n n n n n n n n n n n n n n n n n n n {48 132} {50 130} n {46 134} n n n n n n n n n n n n n n n n n n n n n n n n {45 135} {58 122} {45 135} {50 130} n n n n n n n n n n n n n n n n n n n n n n n n n {57 123} n {48 132} n n n n n n n n n n n n n n n n n n n n n n n n n {44 136} {50 130} n n n n n n n n n n n n n n n

55.1: Count:   1.8 (  1.4) A:  15.0 [13-34] B:  31.4 [13-99] Phase: 87% 76 (26.3) Direction:  {47 133}  11% 86 (16.0) Direction:  {56 124}
Phase: {119,106,107,113,126,116,141,144,147,159,116,153,127,158,184,172,162,186,244,151,228,209,220,216,280,275,265,330,300,341,359,344,393,370,378,428,470,415,439,513,584,566,580,572,557,712,608,671,687,726,794,824,800,803,957,869,965,952,1032,1010,1035,1149,1149,1327,1080,1263,1220,1201,1137,1285,1278,1251,1541,1351,1368,1430,1340,1472,1385,1430,1432,1491,1462,1387,1304,1282,1420,1392,1272,1130,1478,1034,1219,1102,1174,1064,1102,983,1012,1021,914,862,798,880,746,691,667,636,723,573,595,558,511,491,471,483,441,460,449,362,400,358,360,295,331,318,316,244,227,231,211,241,208,193,159,210,159,131,156,134,129,100,92,126,105,82,86,76,74,58,64,60,71,58,35,27,37,47,45,36,30,25,32,37,27,40,26,34,17,15,21,26,20,16,19,11,24,9,18,4,16,14,9,16,23,10,19,14,11,12,9,4,6,9,10,19,13,4,9,5,15,9,7,9,4,7,5,5,4,7,18,5,14,3,14,11,19,13,10,11,26,6,12,14,10,24,5,17,15,20,10,22,12,13,21,16,18,15,23,19,26,20,18,22,22,17,25,30,27,20,29,28,54,18,33,47,31,48,41,28,44,42,46,61,53,57,65,63,62,61,116,58,79,79,104,68,106,96,133,93,97,140,113,134,123,124,109,139,143,130,117,137,136,166,115,188,153,151,138,152,159,144,155,142,145,141,137,155,136,167,102,139,126,111,99,142,101,109,113,109,138,105,91,85,92,106,102,69,95,74,78,97,76,76,64,106,72,72,77,96,61,72,84,110,102,94,88,72,93,82,93,108,87,104,120,78,138,90,109,103}
Count:   1.4   1.3   0.9   0.3   0.4   0.3   0.3   0.4   0.3   0.3   0.3   0.7   4.3   4.5   4.4   3.5   3.7   3.1   3.4   2.7   2.5   2.3   2.4   1.9   1.9   2.1   1.6   1.7   1.3   1.5   1.1   0.3   0.3   0.3   0.3   0.3   0.3   0.3   0.3   0.3   0.4   0.3   0.3   0.3   0.3   3.4   3.8   3.9   3.9   3.4   3.3   3.3   3.4   2.9   3.1   2.7   2.7   1.9   2.6   1.9   1.9   1.9   1.5   1.5   0.5   0.4   0.3   0.3   0.3   3.6   3.1   3.1   2.8   2.6   2.4   2.4   2.1   2.0   2.0   1.8   1.8   1.6   1.4   0.6   0.2   0.3   0.3   0.4   0.3   0.2   0.3   0.2   0.3   0.3   0.3   0.3   0.2   2.8   4.7   4.1   3.8   4.2   3.8   3.7   3.3   3.9   3.6   2.9   2.7   2.8   2.6   2.3   2.1   1.7   1.7   1.7   0.9   0.3   0.3   0.3   0.3   0.3   0.3   0.2   0.3   0.3   4.8   4.1   4.0   3.3   3.9   3.2   3.1   2.9   2.8   2.3   2.6   2.2   2.0   1.9   1.8   1.5   1.4   1.4   1.3   0.4   0.2   0.3   0.3   0.4   0.3   0.2   0.3   0.3   1.9   4.4   3.7   3.9   3.6   3.4   3.1   3.0   2.8   2.6   2.3   2.3   2.1   1.7   2.1   1.5   1.6   1.3   1.3   0.7   0.3   0.3   0.4   0.4   0.3   0.3   0.2   0.3   0.4   4.0   4.1   3.7   3.8   3.6   3.2   3.5   2.8   2.8   2.5   2.4   2.2   1.7   1.9   1.8   1.5   1.4 
B: 26.6 25.1 25.2 23.4 22.0 24.4 23.4 23.1 21.5 22.8 25.1 31.9 40.3 39.1 38.2 36.9 37.0 35.2 34.3 33.3 31.5 31.9 31.1 29.3 29.1 28.8 27.1 26.7 25.4 25.7 26.9 22.7 22.4 22.8 21.9 22.2 22.9 24.8 22.3 22.3 23.0 21.5 22.5 22.4 23.6 39.8 38.1 38.5 37.4 36.9 36.3 36.0 36.0 34.2 34.7 33.7 32.6 31.0 32.5 30.0 28.6 28.0 28.7 27.2 26.8 22.5 23.3 22.3 22.1 38.1 37.4 34.3 31.6 31.3 29.7 29.2 27.6 28.4 26.8 28.0 26.4 25.7 23.8 26.4 21.6 22.4 23.0 21.7 22.9 22.4 21.0 21.1 23.4 19.1 21.5 20.7 23.1 37.1 35.5 34.5 34.6 35.4 33.9 32.3 32.5 31.7 31.7 30.2 30.7 30.3 28.4 28.0 27.8 25.5 25.9 24.7 23.9 22.4 22.0 21.9 20.9 20.8 20.8 21.4 22.5 22.1 36.1 35.0 33.4 31.7 32.0 31.4 29.9 30.7 29.4 29.8 28.7 28.2 25.9 24.9 26.5 24.7 24.0 24.5 24.3 23.2 21.7 19.9 21.0 20.9 20.5 20.9 22.9 22.0 36.5 35.4 33.3 34.6 33.3 31.3 31.5 30.3 30.4 29.6 28.8 28.3 27.3 26.4 26.4 25.0 24.0 23.4 24.5 22.9 22.8 20.8 21.5 22.0 21.0 21.2 22.6 20.5 22.0 34.9 34.6 33.2 33.6 32.6 32.5 32.4 30.1 31.0 29.0 28.8 28.7 25.7 26.7 26.2 25.6 24.0 
Direction:  n n n n n n n n n n n n {49 131} {53 127} {44 136} n n n n n n n n n n n n n n n n n n n n n n n n n n n n n n n n {50 130} {52 128} n n n n n n n n n n n n n n n n n n n n n n n n n n n n n n n n n n n n n n n n n n n n n n n n n {48 132} n n {50 130} n n n n n n n n n n n n n n n n n n n n n n n n {52 128} n n n n n n n n n n n n n n n n n n n n n n n n n n n n {49 131} n n n n n n n n n n n n n n n n n n n n n n n n n n n {50 130} {52 128} n n n n n n n n n n n n n n n

55.2: Count:   2.1 (  1.4) A:  15.1 [13-33] B:  28.6 [13-105] Phase: 100% 76 (36.0) Direction:  {47 133}
Phase: {270,154,194,175,227,156,214,200,222,212,194,232,213,262,228,270,260,263,298,249,297,319,310,339,337,400,291,435,440,425,467,411,489,452,519,534,575,571,593,569,657,647,630,631,660,882,672,719,812,832,709,894,888,890,935,909,933,941,1019,1058,1007,1084,975,1211,944,1086,1029,1102,1032,1104,1087,995,1165,1135,1077,1162,1091,1159,1175,1111,1126,1179,1147,1187,1118,1040,1145,1041,1046,974,1307,946,973,995,1051,913,987,969,980,881,875,925,848,843,853,780,776,766,828,698,683,690,660,665,570,571,535,596,546,518,524,447,499,413,424,433,413,378,385,362,307,295,307,315,219,263,236,268,225,205,186,201,195,160,159,158,149,159,172,116,137,111,93,107,75,96,78,82,97,66,67,62,93,53,76,40,44,72,24,41,36,35,54,30,42,29,41,24,19,34,48,21,28,26,26,32,30,30,11,32,12,17,15,24,21,22,18,22,23,7,19,14,19,19,13,20,21,21,12,31,16,14,19,16,21,11,11,18,14,29,11,15,19,32,21,28,14,23,25,30,11,25,30,28,22,35,31,35,51,50,46,79,52,58,33,76,55,79,91,77,81,99,126,117,115,85,130,133,112,135,155,138,160,117,223,160,306,169,166,159,363,173,244,202,376,175,267,239,263,331,252,274,266,332,289,334,337,312,394,246,320,338,288,350,259,300,262,328,261,319,305,264,316,275,271,192,283,209,195,235,238,157,204,191,163,209,135,159,185,146,147,170,152,131,179,126,135,134,153,156,140,166,136,120,109,125,121,150,116,127,93,113,131,96,118,146,103,166,141,139,94,144,149,130,141,137,160,165,160,149}
Count:   1.5   1.6   1.0   0.5   0.6   0.5   0.6   0.5   0.6   0.5   0.6   1.0   4.8   4.4   4.5   3.8   3.8   3.4   3.4   3.1   2.6   2.6   2.8   2.3   2.3   2.3   1.7   1.9   1.5   1.4   1.4   0.6   0.5   0.5   0.5   0.6   0.6   0.4   0.5   0.5   0.5   0.4   0.7   0.5   0.6   4.0   4.0   3.9   4.2   3.7   3.8   3.5   3.7   3.3   3.1   3.0   2.9   2.3   2.9   2.4   2.4   2.2   2.0   1.7   0.8   0.6   0.6   0.6   0.4   4.1   3.4   3.3   3.0   2.9   2.6   2.8   2.4   2.2   2.2   2.1   2.0   1.6   1.7   0.7   0.5   0.5   0.6   0.4   0.6   0.5   0.4   0.5   0.5   0.5   0.5   0.6   0.5   3.1   5.0   4.2   4.2   4.3   4.1   4.3   3.6   3.9   3.6   3.3   3.0   3.2   2.7   2.6   2.3   2.2   1.9   2.1   1.2   0.5   0.5   0.5   0.5   0.4   0.4   0.5   0.6   0.4   4.9   4.6   4.4   3.7   4.2   3.5   3.4   3.1   3.3   2.5   2.7   2.5   2.2   2.0   1.8   1.9   1.5   1.6   1.5   0.5   0.4   0.5   0.5   0.6   0.5   0.6   0.5   0.6   2.3   4.6   3.9   4.2   3.9   3.8   3.3   3.2   3.0   2.9   2.6   2.5   2.2   2.2   2.3   2.0   1.7   1.7   1.5   0.8   0.5   0.6   0.6   0.6   0.4   0.5   0.5   0.5   0.5   4.5   4.7   4.1   4.1   3.5   3.5   3.5   3.2   3.0   2.6   2.6   2.4   2.2   1.9   2.0   1.6   1.6 
B: 24.2 22.0 22.3 22.0 21.0 21.1 21.6 21.9 21.2 21.8 23.3 32.9 37.7 35.9 36.0 33.9 33.1 31.9 30.8 30.6 28.9 29.0 28.3 26.3 25.5 25.2 23.6 24.3 24.0 22.9 25.7 21.2 21.6 21.0 21.2 21.6 21.3 21.7 22.2 22.4 22.2 20.1 21.3 20.8 21.8 37.0 34.7 35.5 34.7 34.8 33.9 33.5 32.7 31.6 31.3 30.3 29.5 26.8 28.7 27.9 26.6 25.5 24.5 23.9 23.1 22.6 22.1 22.2 21.6 35.5 33.8 32.2 28.7 28.3 27.3 27.4 25.6 25.8 24.1 24.2 23.1 22.8 22.1 24.9 21.0 20.5 21.6 21.4 21.8 19.6 19.8 21.2 21.4 20.7 21.2 20.1 21.0 34.3 32.9 31.7 31.2 32.5 30.6 30.3 28.8 30.2 29.1 28.2 27.6 27.8 25.2 25.5 25.0 24.3 23.4 22.3 21.9 20.8 20.4 21.1 22.2 21.5 20.2 20.2 20.8 22.1 33.0 33.2 31.6 29.7 30.1 29.8 27.9 28.0 27.2 26.0 26.4 26.2 24.4 22.3 23.5 23.6 22.1 23.1 21.6 22.3 21.7 20.4 21.0 20.1 19.5 21.7 21.6 21.0 33.5 33.5 31.2 31.4 31.1 29.4 28.7 27.9 27.0 27.2 26.6 26.0 25.8 23.9 23.2 22.9 22.7 22.4 21.4 21.0 20.1 20.3 20.6 22.2 19.4 21.3 21.6 20.4 21.0 32.9 31.8 31.5 31.8 29.3 29.7 28.8 27.7 27.6 27.1 25.8 25.8 23.5 23.3 22.9 22.5 21.4 
Direction:  n n n n n n n n n n n n n n n n n n n n n n n n n n n n n n n n n n n n n n n n n n n n n n n n n n n n n n n n n n n n n n n n n n n n n n n n n n n n n n n n n n n n n n n n n n n n n n n n n n n n n n n n n n n n n n n n n n n n n n n n n n n n n n n n n n n n n n n n n n n n n n n n n n n n n n n n n n n n n n n n n n n n n n n n n n n n n n n n n n n n n n n n n n n n n n n n n n n n n n n n

55.3: Count:   2.3 (  1.4) A:  15.3 [13-35] B:  26.2 [13-95] Phase: 32% 305 (48.1) Direction:  {328 212}  49% 108 (35.7) Direction:  n  83% 60 (24.6) Direction:  {35 145}
Phase: {339,204,236,235,293,258,252,254,291,349,290,367,300,375,302,370,378,364,444,395,412,472,430,492,454,476,498,595,538,529,595,584,681,517,640,668,745,755,680,782,749,809,869,845,796,976,786,958,878,807,862,905,880,969,992,926,995,781,941,933,996,1027,988,1009,930,965,933,970,936,1082,1026,938,1027,1068,979,1035,937,1090,956,1082,958,1080,1003,915,890,896,1025,852,939,798,1169,822,860,884,991,773,878,812,903,856,795,863,845,776,762,778,807,759,805,662,731,706,619,672,668,687,548,702,684,576,617,570,593,507,524,562,489,435,428,461,373,432,412,456,359,426,317,320,332,325,284,251,249,267,222,245,233,192,245,156,169,168,186,153,120,135,127,134,133,108,99,107,130,108,83,92,76,92,66,45,50,55,58,56,48,46,72,52,46,40,81,30,45,39,54,37,36,29,31,31,30,31,30,36,34,18,19,28,36,25,27,32,15,20,27,19,20,29,13,29,19,22,30,21,27,36,27,26,24,53,20,36,28,28,22,45,25,50,54,42,37,48,49,44,56,33,49,53,57,48,63,70,70,88,78,92,95,120,115,129,121,115,163,127,138,131,157,211,194,183,146,221,227,186,231,191,355,272,240,230,484,312,293,263,471,260,372,327,348,418,311,356,380,447,368,432,439,397,520,371,443,429,426,447,363,443,325,486,455,426,393,402,441,353,363,417,385,353,313,392,282,319,314,315,282,415,236,341,271,254,219,302,246,260,253,239,210,230,297,205,212,211,182,272,139,224,157,203,173,199,182,140,262,186,216,183,201,219,179,205,196,215,246,190,211,223,259,172,193,209}
Count:   2.0   1.7   1.3   0.8   0.9   0.8   0.8   0.9   0.8   0.7   0.8   1.2   4.8   4.7   4.6   3.9   3.8   3.6   3.5   3.3   3.3   3.1   3.1   2.5   2.8   2.4   2.0   2.3   2.0   1.9   1.5   0.8   0.7   0.8   0.7   0.7   0.7   0.7   0.8   0.8   0.7   0.7   0.9   0.8   0.7   4.2   4.4   4.5   4.4   4.1   4.0   3.6   3.9   3.7   3.3   3.3   3.5   2.6   3.2   2.6   2.6   2.3   2.1   2.0   1.1   0.9   0.8   0.8   0.8   4.2   3.7   3.6   3.3   3.3   2.7   3.2   2.8   2.7   2.6   2.4   2.2   2.1   2.0   1.1   0.8   0.7   0.7   0.6   0.8   0.6   0.7   0.6   0.9   0.7   0.8   0.7   0.8   3.1   5.4   4.5   4.4   4.5   4.3   4.2   3.7   4.2   3.8   3.5   3.2   3.2   3.0   2.9   2.8   2.5   2.2   2.2   1.6   0.7   0.7   0.7   0.8   0.8   0.7   0.7   0.8   0.7   5.2   4.9   4.8   4.1   3.9   3.8   3.6   3.3   3.6   3.1   3.1   2.6   2.6   2.4   2.1   2.1   1.9   1.9   1.9   0.6   0.6   0.7   0.8   0.9   0.8   0.9   0.8   0.9   2.5   4.8   4.2   4.3   4.1   4.0   3.9   3.6   3.2   3.2   2.9   2.8   2.6   2.8   2.5   2.3   1.9   2.0   1.7   1.0   0.8   0.8   0.9   0.9   0.9   0.7   0.7   0.9   0.9   4.7   4.6   4.4   4.1   3.7   3.9   3.5   3.6   3.2   2.7   3.0   2.6   2.5   1.9   2.3   2.1   1.8 
B: 21.1 20.8 21.2 20.8 20.0 19.8 21.4 20.9 21.5 19.9 21.0 28.8 34.7 33.1 32.5 32.1 31.0 30.1 27.7 27.6 26.4 26.1 26.3 24.7 24.6 22.7 22.7 22.8 21.6 21.6 21.5 21.1 21.5 20.4 20.5 20.9 20.2 19.9 20.1 21.6 20.6 20.5 21.6 21.2 20.4 34.5 33.5 33.6 33.0 31.3 31.0 29.4 30.0 30.3 27.0 28.5 27.6 25.9 26.8 25.4 24.4 23.4 23.1 22.5 22.8 20.0 19.7 20.5 20.5 32.9 31.3 29.5 27.8 25.9 26.5 24.9 23.4 23.2 22.8 22.5 21.4 21.0 20.0 20.5 20.6 20.4 19.1 20.8 20.6 19.9 20.2 19.8 19.2 20.5 19.9 20.1 19.4 32.4 31.1 29.3 29.3 29.4 28.5 28.8 27.0 27.5 27.4 26.1 24.7 25.3 23.5 23.9 22.5 21.7 22.1 21.3 20.9 20.4 19.8 20.3 19.1 19.9 20.7 19.6 20.1 19.7 30.3 30.4 29.5 28.5 27.6 27.0 26.4 25.8 25.6 23.5 24.0 23.5 22.9 22.4 21.0 21.8 20.0 20.6 20.8 19.6 19.6 19.7 19.9 20.4 19.7 20.5 19.3 19.3 31.0 29.7 29.3 29.7 28.9 27.0 26.5 26.3 25.0 24.4 24.0 24.0 24.3 23.0 21.3 21.4 21.0 21.3 20.4 19.1 20.1 19.6 19.7 19.1 19.4 19.6 19.3 19.7 19.8 30.0 29.5 28.9 29.3 26.5 28.7 26.5 25.8 24.4 24.4 24.1 23.5 22.9 21.3 22.2 21.2 21.1 
Direction:  n n n n n n n n n n n n n n n n n n n n n n n n n n n n n n n n n n n n n n n n n n n n n n n n n n n n n n n n n n n n n n n n n n n n n n n n n n n n n n n n n n n n n n n n n n n n n n n n n n n n n n n n n n n n n n n n n n n n n n n n n n n n n n n n n n n n n n n n n n n n n n n n n n n n n n n n n n n n n n n n n n n n n n n n n n n n n n n n n n n n n n n n n n n n n n n n n n n n n n n n

55.4: Count:   2.2 (  1.2) A:  15.2 [13-36] B:  25.2 [13-88] Phase: 30% 306 (50.8) Direction:  {328 212}  93% 72 (34.9) Direction:  {44 136}  11% 117 (32.2) Direction:  n
Phase: {370,218,238,285,330,248,271,271,350,298,298,310,274,362,309,397,361,322,434,369,342,436,425,477,436,439,442,554,561,483,470,562,634,594,595,659,697,676,614,741,669,753,789,856,674,870,720,913,800,860,839,944,837,904,977,912,895,874,1036,902,926,979,1029,1035,868,1029,910,946,1001,938,954,896,1107,1012,937,984,963,1063,892,1070,933,989,977,945,938,895,1087,915,930,771,1167,839,977,844,891,842,875,790,816,803,761,734,731,849,697,674,718,685,742,616,724,691,617,620,529,594,539,562,511,514,512,478,515,417,432,381,404,395,352,363,310,346,317,318,298,349,256,254,271,256,239,200,201,185,185,181,191,158,154,175,155,138,108,165,107,126,100,99,73,98,78,70,95,90,95,71,68,74,65,57,60,61,54,45,59,42,48,52,44,33,63,42,28,39,51,30,37,35,30,27,27,28,26,37,38,22,30,37,25,19,35,23,22,28,17,24,20,24,23,27,20,28,17,19,23,31,14,25,38,39,31,29,32,42,16,57,39,32,51,34,48,44,43,51,55,42,51,49,84,56,80,112,70,78,67,77,103,104,115,93,84,103,159,123,145,139,146,156,136,163,174,195,195,128,171,162,290,191,178,199,470,195,232,292,435,231,300,257,369,371,313,330,312,387,311,348,368,399,492,281,357,359,381,426,349,433,284,456,369,508,343,395,504,385,353,379,392,378,339,471,331,359,379,380,284,433,334,293,317,289,277,331,322,291,279,325,228,249,318,230,239,284,210,301,205,229,207,230,216,215,219,153,287,232,210,200,231,231,194,227,201,208,236,191,206,202,303,232,235,208}
Count:   2.1   1.8   1.2   0.9   0.8   0.9   0.9   0.9   0.8   0.8   0.8   1.0   4.3   4.0   3.8   3.5   3.5   3.2   3.1   3.1   2.9   2.9   2.9   2.3   2.5   2.4   2.2   2.0   2.2   2.0   1.9   0.8   0.8   0.8   0.8   0.7   0.8   0.8   0.8   0.8   0.8   0.7   0.7   0.8   0.8   4.2   3.9   4.2   4.1   4.0   3.4   3.5   3.7   3.4   3.0   3.3   3.1   2.4   3.0   2.6   2.6   2.5   2.2   2.1   1.1   1.0   0.9   0.7   0.7   3.9   3.7   3.5   3.3   3.3   2.7   3.0   2.3   2.5   2.5   2.5   2.1   2.0   2.0   1.1   0.9   0.6   0.8   0.6   0.8   0.7   0.7   0.6   0.9   0.8   0.8   0.7   0.9   3.1   5.1   4.1   4.0   3.9   4.2   3.7   3.6   3.8   3.3   3.2   2.9   2.9   2.8   2.8   2.5   2.5   2.1   2.3   1.5   0.9   0.7   0.6   0.9   0.8   0.7   0.8   0.9   0.7   4.7   4.6   4.5   3.8   3.7   3.6   3.6   3.0   3.1   2.8   3.0   2.6   2.8   2.5   2.2   2.1   1.8   2.0   1.9   0.9   0.7   0.7   0.8   0.8   0.8   0.8   0.8   0.8   2.3   4.6   3.8   4.0   3.6   3.5   3.5   3.4   3.0   3.1   2.8   2.7   2.5   2.6   2.5   2.2   2.1   1.9   1.8   1.4   0.9   0.7   0.9   0.8   0.8   0.7   0.8   0.8   0.9   4.3   4.4   3.9   4.0   3.3   3.4   3.4   3.6   3.2   2.7   2.8   2.5   2.5   1.9   2.3   2.1   1.7 
B: 21.4 20.7 20.8 20.0 20.4 19.4 19.7 19.3 20.2 20.4 19.3 27.2 34.7 32.4 30.8 30.6 30.5 29.3 28.1 27.2 26.0 26.2 24.9 23.5 23.4 23.0 22.9 22.2 21.7 21.0 21.1 20.3 19.8 19.3 18.8 18.8 19.2 19.9 19.4 19.3 19.8 19.3 18.9 19.9 19.3 33.7 31.9 30.8 31.4 30.5 29.1 28.4 28.5 29.5 27.3 26.8 26.3 24.7 25.2 24.5 23.4 24.4 22.9 21.8 20.8 19.6 19.9 20.2 19.3 31.4 29.2 28.3 27.2 25.6 24.0 24.4 22.8 22.7 22.5 21.7 21.1 20.7 20.1 20.6 19.1 18.7 18.6 19.4 19.3 19.3 19.0 18.3 18.6 19.5 19.4 19.9 19.7 32.6 30.6 27.8 28.8 29.1 27.9 27.4 26.3 26.4 26.3 26.1 25.3 23.3 22.9 22.5 22.3 20.9 21.3 20.9 20.0 18.7 18.4 19.1 18.9 19.6 19.1 18.2 18.6 19.4 29.4 29.2 28.4 28.4 26.6 28.0 25.8 25.9 25.3 23.0 23.3 22.5 22.0 22.5 21.4 21.0 20.6 20.1 20.0 19.8 19.4 19.2 18.4 18.9 18.9 19.1 18.8 19.0 30.6 29.5 27.8 28.0 28.2 26.1 26.0 25.2 24.3 23.0 23.5 23.4 22.3 22.5 21.0 21.1 20.3 20.7 19.6 19.2 19.3 18.5 18.6 18.7 19.2 19.2 19.2 19.0 18.5 28.9 28.5 28.4 27.5 26.1 27.7 25.5 25.6 24.7 23.3 22.8 22.4 22.8 21.0 21.1 21.3 21.0 
Direction:  n n n n n n n n n n n n n n n n n n n n n n n n n n n n n n n n n n n n n n n n n n n n n n n n n n n n n n n n n n n n n n n n n n n n n n n n n n n n n n n n n n n n n n n n n n n n n n n n n n n n n n n n n n n n n n n n n n n n n n n n n n n n n n n n n n n n n n n n n n n n n n n n n n n n n n n n n n n n n n n n n n n n n n n n n n n n n n n n n n n n n n n n n n n n n n n n n n n n n n n n

55.5: Count:   1.3 (  0.9) A:  14.9 [13-31] B:  26.5 [13-94] Phase: 97% 75 (29.4) Direction:  {46 134}  12% 328 (27.1) Direction:  {342 198}
Phase: {169,108,114,114,140,121,160,125,126,138,143,151,178,160,162,212,192,198,214,186,176,210,237,237,228,287,243,271,288,308,328,315,380,331,396,326,387,403,413,452,430,467,523,490,452,679,524,601,570,638,667,662,679,701,714,754,695,679,806,831,823,793,886,941,683,875,804,931,900,901,860,745,939,948,933,918,891,927,858,864,855,914,885,833,862,848,915,799,791,727,1014,660,748,711,802,718,749,668,716,630,576,580,588,652,523,511,510,512,505,313,449,470,402,409,336,431,269,379,326,267,313,275,296,255,240,243,225,174,215,233,152,187,196,156,132,159,123,132,104,108,107,135,81,95,98,92,60,58,62,55,61,57,53,58,52,45,30,33,37,31,27,28,34,29,27,25,19,18,13,19,11,12,19,21,10,9,13,13,10,5,15,1,4,11,9,17,9,19,10,6,10,15,6,18,11,11,9,8,4,4,5,9,3,8,6,14,5,7,7,5,8,5,6,9,10,3,8,8,3,6,4,7,11,1,7,9,1,10,6,11,5,17,9,6,8,5,13,13,8,5,13,16,6,7,9,28,10,35,14,10,20,17,26,21,17,19,25,25,16,27,24,20,21,18,27,15,52,28,31,32,83,42,36,30,64,38,42,27,60,82,58,49,46,68,43,67,58,41,76,41,98,68,63,67,69,63,52,109,83,111,68,93,95,73,57,97,96,74,72,105,82,91,82,76,67,97,62,84,83,90,63,120,78,74,101,100,87,63,124,79,82,100,76,78,72,88,69,78,57,85,95,86,95,85,86,81,109,102,71,90,97,89,94,78,105,118,107,76,124,86}
Count:   1.5   1.4   0.6   0.3   0.3   0.4   0.3   0.3   0.3   0.2   0.2   0.5   3.2   2.8   2.5   2.5   2.2   2.1   2.1   1.9   1.8   1.7   1.6   1.5   1.2   1.2   1.3   1.2   1.1   1.0   0.9   0.3   0.3   0.2   0.2   0.2   0.3   0.3   0.2   0.3   0.2   0.2   0.2   0.3   0.2   3.0   2.7   2.6   2.8   2.8   2.4   2.2   2.4   2.1   2.1   2.1   2.0   1.6   1.9   1.4   1.5   1.4   1.1   1.2   0.5   0.3   0.2   0.3   0.3   2.6   2.4   2.0   2.0   1.9   1.7   1.7   1.6   1.5   1.4   1.3   1.2   1.2   1.1   0.4   0.2   0.2   0.2   0.2   0.2   0.3   0.3   0.2   0.3   0.3   0.2   0.2   0.2   2.2   3.3   2.8   2.9   2.7   3.0   2.8   2.7   2.3   2.4   2.2   2.0   1.8   1.6   1.7   1.5   1.5   1.3   1.3   0.7   0.4   0.2   0.3   0.2   0.2   0.2   0.2   0.3   0.3   3.2   3.3   2.7   2.6   2.5   2.3   2.3   2.2   2.0   1.8   1.9   1.4   1.5   1.3   1.3   1.1   0.9   1.2   1.1   0.3   0.2   0.3   0.2   0.2   0.3   0.2   0.3   0.3   1.5   3.0   2.7   2.8   2.5   2.3   2.2   2.2   1.8   2.1   1.8   1.8   1.4   1.4   1.3   1.3   1.1   1.1   0.9   0.8   0.3   0.3   0.3   0.2   0.2   0.2   0.4   0.2   0.3   2.9   3.1   2.7   2.7   2.1   2.5   2.2   2.3   1.9   1.8   1.6   1.8   1.3   1.1   1.3   1.3   1.1 
B: 22.6 21.2 21.1 20.1 20.7 20.1 20.9 20.7 20.3 20.6 21.4 31.8 36.5 32.5 31.2 31.4 30.9 29.4 28.5 29.1 27.6 27.1 26.5 24.9 24.3 22.7 23.1 21.8 22.7 22.1 21.4 19.8 18.7 21.1 23.3 18.2 20.7 21.1 19.1 19.8 20.5 19.1 21.7 19.4 19.7 36.8 31.8 31.4 31.7 31.8 30.7 29.7 29.7 30.0 28.4 27.8 27.7 25.3 25.8 25.6 22.9 23.4 22.0 22.9 22.0 20.4 20.8 20.1 23.2 33.6 30.8 29.9 27.0 25.7 24.4 24.1 23.2 23.2 23.0 21.8 21.7 20.7 20.9 22.0 19.0 19.3 20.4 20.5 19.7 19.7 20.9 19.3 19.2 19.2 18.6 19.9 18.8 34.1 29.7 30.1 29.1 29.0 28.9 27.6 28.2 26.1 26.5 26.3 25.8 23.6 24.0 23.4 22.7 22.3 21.4 22.0 21.7 20.8 19.2 21.8 20.7 18.5 19.1 18.7 18.5 20.0 29.4 30.0 29.6 28.8 26.9 28.6 26.6 25.7 24.8 23.3 24.1 23.3 23.3 22.1 22.4 21.6 21.0 20.4 20.2 19.1 18.5 18.6 18.6 20.6 20.1 20.0 21.9 18.6 32.2 28.3 29.4 28.5 28.3 27.2 26.8 26.0 25.3 24.2 24.0 23.3 22.8 22.3 22.0 21.8 20.1 21.5 20.4 21.6 20.6 19.5 18.0 20.2 18.9 21.1 20.2 20.5 21.0 29.7 28.4 28.5 28.5 26.6 27.1 26.2 26.0 25.5 24.1 23.5 22.9 23.4 21.9 21.8 21.1 20.8 
Direction:  n n n n n n n n n n n n n n n n n n n n n n n n n n n n n n n n n n n n n n n n n n n n n n n n n n n n n n n n n n n n n n n n n n n n n n n n n n n n n n n n n n n n n n n n n n n n n n n n n n n n n n n n n n n n n n n n n n n n n n n n n n n n n n n n n n n n n n n n n n n n n n n n n n n n n n n n n n n n n n n n n n n n n n n n n n n n n n n n n n n n n n n n n n n n n n n n n n n n n n n n

55.6: Count:   0.8 (  0.6) A:  14.4 [13-29] B:  26.1 [13-78] Phase: 100% 75 (28.1) Direction:  {46 134}
Phase: {75,59,58,46,67,41,73,61,62,73,57,64,61,73,78,83,61,89,106,80,137,106,92,136,147,130,106,169,154,159,172,155,199,169,184,218,217,234,227,281,220,257,289,277,276,391,278,353,382,407,387,443,416,402,453,460,513,462,538,534,499,584,581,667,503,561,533,564,589,576,654,537,696,632,587,599,560,633,530,620,569,621,528,559,539,501,668,509,530,511,705,476,496,499,561,429,514,430,421,473,378,443,381,394,350,379,337,363,410,243,282,267,275,273,218,182,172,198,231,167,146,148,154,109,144,131,118,107,83,88,74,113,82,72,64,82,51,36,56,37,37,42,29,32,45,38,37,37,38,24,14,22,16,23,23,15,6,18,21,3,11,5,4,12,7,8,7,6,3,10,4,3,10,1,4,3,7,3,4,0,7,3,6,3,2,0,1,0,3,7,0,0,0,2,3,0,0,3,3,2,2,2,0,1,3,4,5,0,1,0,2,0,3,1,0,0,2,0,1,0,3,3,2,5,1,1,2,1,4,1,2,4,1,1,0,4,2,2,4,1,0,0,2,4,0,1,0,0,1,0,0,2,8,1,3,5,0,4,3,1,1,0,0,2,2,5,1,1,3,2,10,5,1,5,5,7,4,3,5,4,5,1,1,8,7,10,7,4,15,4,4,5,9,7,9,7,4,7,20,8,22,15,11,12,13,13,13,12,11,26,14,15,13,17,8,32,11,19,18,22,20,20,24,8,29,18,27,22,24,27,26,36,20,30,26,37,31,30,40,48,36,25,56,32,25,28,28,39,44,33,38,38,38,33,45,42,47,31,56,39}
Count:   0.9   0.7   0.2   0.1   0.1   0.1   0.1   0.1   0.1   0.1   0.1   0.3   2.3   1.8   1.6   1.7   1.6   1.2   1.3   1.3   1.3   0.9   1.0   0.7   0.8   0.8   0.7   0.5   0.6   0.5   0.4   0.1   0.1   0.1   0.1   0.1   0.1   0.1   0.1   0.1   0.1   0.1   0.1   0.1   0.1   1.8   1.9   1.6   1.7   2.0   1.5   1.2   1.4   1.4   1.1   1.2   1.0   0.7   1.0   0.7   0.7   0.6   0.6   0.7   0.2   0.1   0.1   0.0   0.1   1.7   1.4   1.1   1.1   1.1   1.0   1.0   0.9   0.9   0.7   0.7   0.6   0.6   0.6   0.3   0.0   0.1   0.1   0.0   0.1   0.1   0.1   0.1   0.1   0.1   0.1   0.1   0.1   1.5   2.1   1.8   1.9   1.5   2.0   1.6   1.8   1.2   1.4   1.4   1.2   1.1   0.9   1.1   1.0   1.0   0.6   0.6   0.4   0.1   0.1   0.0   0.1   0.1   0.1   0.0   0.1   0.1   1.8   2.0   1.8   1.6   1.4   1.5   1.5   1.4   1.0   1.2   0.9   0.8   0.9   0.7   0.7   0.6   0.6   0.5   0.5   0.1   0.1   0.1   0.1   0.1   0.1   0.1   0.1   0.1   1.1   1.9   1.9   1.6   1.6   1.6   1.4   1.4   1.2   1.3   0.9   0.9   0.8   0.8   0.7   0.8   0.6   0.6   0.5   0.4   0.1   0.0   0.1   0.1   0.1   0.1   0.1   0.1   0.1   1.9   1.8   1.8   1.7   1.2   1.6   1.5   1.4   1.1   1.1   0.9   1.0   0.9   0.7   0.6   0.7   0.7 
B: 21.8 22.2 22.0 23.3 20.3 21.9 20.2 23.6 23.9 20.3 19.8 30.7 33.8 31.5 30.1 29.8 27.9 27.9 28.0 26.8 26.3 26.8 24.3 24.3 24.7 22.7 23.7 21.9 21.5 22.1 21.4 23.8 21.8 23.3 20.8 20.1 19.3 22.8 21.2 23.4 20.6 20.2 27.7 21.6 22.2 37.5 30.5 29.3 30.6 31.0 29.1 28.4 28.7 29.1 28.4 27.7 26.6 24.8 25.8 24.2 22.8 23.2 22.8 22.2 25.5 23.1 19.3 19.1 22.5 33.3 29.8 28.0 26.3 24.5 24.3 22.4 23.2 22.7 22.9 21.8 22.7 19.9 21.0 22.4 23.3 25.5 17.8 18.9 21.0 20.6 18.9 20.4 19.2 19.8 19.9 18.4 16.2 32.5 28.1 27.9 28.7 27.2 27.5 26.6 26.4 24.9 25.3 24.4 24.9 23.7 23.2 23.3 21.2 21.5 21.0 20.5 21.1 18.9 20.8 21.3 20.6 22.0 20.6 20.0 21.7 21.5 28.0 27.9 28.5 26.0 25.8 27.1 25.9 25.6 24.1 23.2 24.0 22.7 21.7 21.1 20.9 20.1 21.0 20.1 19.6 22.9 22.5 19.0 21.2 19.9 17.7 22.0 18.1 19.3 29.2 27.6 29.2 27.3 27.2 26.5 26.9 25.7 25.1 24.8 24.5 23.1 22.5 20.3 21.2 21.1 20.8 20.6 21.6 20.8 19.0 22.6 20.0 22.1 23.3 20.0 26.8 22.2 24.5 27.7 26.9 27.8 28.2 26.6 25.8 25.3 25.1 24.6 24.6 24.2 22.4 22.2 21.5 21.4 21.8 20.9 
Direction:  n n n n n n n n n n n n n n n n n n n n n n n n n n n n n n n n n n n n n n n n n n n n n n n n n n n n n n n n n n n n n n n n n n n n n n n n n n n n n n n n n n n n n n n n n n n n n n n n n n n n n n n n n n n n n n n n n n n n n n n n n n n n n n n n n n n n n n n n n n n n n n n n n n n n n n n n n n n n n n n n n n n n n n n n n n n n n n n n n n n n n n n n n n n n n n n n n n n n n n n n

55.7: Count:   0.7 (  0.5) A:  14.4 [13-29] B:  23.8 [13-72] Phase: 100% 73 (34.5) Direction:  {45 135}
Phase: {101,59,63,56,84,91,61,68,92,94,90,84,102,124,93,108,130,133,181,136,153,123,136,158,156,168,146,201,165,208,214,171,227,199,210,202,236,229,207,259,208,253,300,283,257,322,260,259,291,279,295,363,338,320,340,332,364,308,405,354,345,425,413,451,414,392,386,416,382,416,408,406,417,368,417,462,350,437,420,420,454,466,395,344,444,325,403,404,345,345,484,317,386,341,373,299,324,296,287,306,228,250,278,271,268,258,256,248,283,172,225,198,216,187,198,195,159,199,148,169,147,120,157,137,159,134,157,145,112,147,115,114,103,117,87,111,78,71,83,77,60,83,65,74,82,47,43,60,45,28,35,50,45,28,42,32,27,35,33,27,17,21,26,22,15,13,14,18,3,12,10,6,10,9,8,11,14,8,5,3,13,9,3,3,4,4,6,5,5,9,2,4,6,5,3,1,2,4,5,7,7,5,1,1,4,2,0,2,0,1,4,3,5,1,3,4,4,2,3,4,3,2,3,7,0,8,3,2,0,0,1,8,3,10,2,6,10,4,1,6,0,6,5,1,2,5,3,4,11,3,12,4,14,13,5,0,7,7,6,9,9,16,15,7,13,2,19,3,11,15,31,10,14,10,19,14,16,17,32,15,21,16,23,28,24,9,26,24,41,9,32,25,19,41,18,27,19,35,36,38,16,22,37,39,23,19,41,23,40,35,12,23,18,23,36,41,20,29,26,37,35,39,26,29,35,35,31,34,45,34,40,38,42,36,43,43,54,37,23,33,52,32,49,44,35,40,48,56,41,46,43,51,49,45,52,43,74,56,59,54}
Count:   0.7   0.6   0.2   0.1   0.1   0.1   0.1   0.1   0.1   0.1   0.1   0.2   1.9   1.5   1.3   1.3   1.5   0.9   1.0   0.9   1.2   0.8   0.8   0.8   0.6   0.6   0.6   0.7   0.6   0.6   0.5   0.1   0.1   0.1   0.1   0.1   0.1   0.1   0.1   0.1   0.1   0.1   0.1   0.1   0.1   1.7   1.5   1.2   1.2   1.4   1.1   1.1   1.1   1.1   1.0   0.9   1.0   0.7   0.9   0.7   0.7   0.5   0.6   0.7   0.2   0.1   0.1   0.1   0.1   1.3   1.2   0.8   1.1   1.1   0.7   0.7   0.8   0.9   0.7   0.5   0.6   0.7   0.6   0.3   0.1   0.1   0.0   0.1   0.1   0.1   0.1   0.1   0.1   0.1   0.1   0.1   0.1   1.2   1.6   1.4   1.4   1.3   1.6   1.4   1.4   1.1   1.2   1.3   1.2   0.9   0.9   0.9   0.8   0.9   0.5   0.7   0.4   0.1   0.1   0.1   0.1   0.1   0.1   0.1   0.1   0.1   1.4   1.6   1.5   1.4   1.1   1.2   1.1   1.1   0.8   1.0   0.7   0.8   0.7   0.7   0.7   0.5   0.7   0.6   0.5   0.1   0.1   0.1   0.1   0.1   0.1   0.1   0.1   0.1   0.8   1.4   1.6   1.5   1.2   1.1   1.2   1.1   1.0   1.1   0.8   0.9   0.6   0.7   0.7   0.7   0.5   0.6   0.5   0.4   0.1   0.1   0.1   0.1   0.1   0.1   0.1   0.1   0.1   1.2   1.3   1.5   1.5   1.1   1.4   1.2   1.3   1.1   1.0   0.7   0.9   0.8   0.7   0.5   0.7   0.6 
B: 20.6 19.2 20.0 16.8 20.2 18.6 19.7 21.0 20.0 20.1 19.6 27.6 29.6 28.5 26.8 27.0 26.2 25.4 25.6 24.7 25.6 23.6 22.4 22.1 22.6 21.3 20.4 20.9 20.5 21.4 23.3 18.7 20.5 24.8 19.3 22.2 19.1 23.6 22.3 19.6 18.7 20.5 17.8 21.7 18.4 37.9 28.9 26.8 27.2 28.0 27.1 26.5 25.8 25.7 24.8 25.4 24.6 23.4 23.9 21.7 22.8 21.1 22.0 20.7 22.4 22.9 19.9 20.0 29.3 27.9 26.8 24.7 24.6 22.6 21.9 22.6 22.5 21.1 20.8 19.5 20.3 19.8 20.5 22.6 20.7 22.9 17.2 18.8 19.9 18.9 19.1 18.0 21.6 22.7 17.1 20.8 17.6 29.6 25.5 25.2 25.9 24.8 24.5 24.4 24.4 23.9 23.5 22.3 23.7 21.2 21.7 21.0 20.4 19.8 20.7 19.8 20.2 18.7 18.9 21.0 20.4 21.2 17.2 19.5 21.7 19.1 24.8 24.6 25.8 24.8 23.6 24.9 24.1 23.2 22.3 22.7 21.4 20.9 20.5 20.5 20.2 20.8 20.6 19.7 19.4 22.8 22.5 22.2 20.6 22.0 18.8 22.0 20.9 16.4 26.2 24.9 26.0 24.8 23.8 23.3 23.7 23.4 22.2 21.3 22.4 21.3 21.3 20.7 19.8 19.5 20.3 19.5 19.3 19.5 21.5 17.5 19.6 20.4 17.9 18.6 19.7 19.5 19.7 25.1 24.6 24.9 24.9 22.8 23.8 24.7 22.7 23.9 23.0 21.2 20.6 20.8 20.9 19.6 20.7 20.9 
Direction:  n n n n n n n n n n n n n n n n n n n n n n n n n n n n n n n n n n n n n n n n n n n n n n n n n n n n n n n n n n n n n n n n n n n n n n n n n n n n n n n n n n n n n n n n n n n n n n n n n n n n n n n n n n n n n n n n n n n n n n n n n n n n n n n n n n n n n n n n n n n n n n n n n n n n n n n n n n n n n n n n n n n n n n n n n n n n n n n n n n n n n n n n n n n n n n n n n n n n n n n n

55.8: Count:   1.6 (  0.6) A:  14.3 [13-31] B:  20.5 [13-69] Phase: 100% 272 (14.9) Direction:  {302 238}
Phase: {266,134,186,200,216,184,213,178,228,247,165,187,219,186,189,177,218,263,309,204,230,232,239,288,248,303,231,268,288,342,291,311,357,322,300,345,356,358,307,417,368,362,409,414,345,494,366,473,455,407,397,459,411,440,474,423,435,414,461,391,467,516,470,508,414,504,386,470,432,440,424,360,501,462,462,488,387,488,396,444,392,469,435,433,406,376,481,378,403,337,556,322,374,410,450,355,412,380,365,421,318,351,299,377,285,328,308,316,339,238,307,302,276,266,255,264,197,287,235,246,203,214,242,160,176,220,194,183,165,202,163,149,168,154,149,213,117,116,141,141,114,143,124,107,143,121,87,86,138,95,96,98,124,101,76,87,80,84,68,67,86,75,102,82,74,106,65,86,76,66,70,62,65,65,44,41,64,46,54,28,59,28,46,34,42,30,43,41,36,33,25,30,16,30,23,23,28,32,32,12,25,22,35,40,17,16,14,21,20,19,17,26,20,14,21,12,32,22,18,16,18,19,25,38,29,48,27,35,28,45,31,37,38,37,65,48,64,70,106,88,111,183,157,181,107,254,183,234,289,297,345,260,507,386,459,461,505,683,569,585,689,899,844,610,777,685,1321,772,721,664,1755,709,851,742,1436,699,834,571,848,885,747,646,607,814,606,545,565,558,627,370,487,383,373,338,317,351,206,318,223,280,253,213,213,192,204,198,199,185,143,192,148,156,158,172,125,210,118,137,173,132,121,174,128,114,146,134,113,116,178,125,149,145,147,153,95,137,108,128,123,141,140,92,166,156,156,149,134,157,107,179,165,145,139,159,148,170,201,169,145,146}
Count:   2.1   1.5   1.0   0.9   0.9   0.8   0.9   0.9   1.0   0.7   0.7   1.1   2.7   2.4   2.1   2.3   2.5   2.1   1.9   2.0   2.1   1.5   1.9   1.9   2.0   2.0   1.8   1.7   1.8   1.8   1.6   0.9   0.8   0.8   0.8   0.7   0.8   0.9   0.8   0.8   0.9   0.8   0.7   0.7   0.7   2.4   2.2   2.1   2.1   2.6   2.4   1.9   2.2   2.2   2.3   2.1   2.0   1.9   1.7   1.7   1.8   1.6   1.8   1.7   1.0   0.8   0.8   0.8   0.9   2.3   2.1   1.8   2.2   2.2   1.8   1.8   1.9   1.7   1.7   1.7   1.7   1.7   1.5   1.1   0.8   0.9   0.8   0.9   0.8   0.8   0.8   0.9   0.8   0.8   0.8   0.7   0.9   1.9   2.4   2.4   2.6   2.2   2.4   2.2   2.5   2.2   2.3   2.3   2.3   2.0   1.9   1.7   1.9   2.1   1.7   1.6   1.2   0.8   0.7   0.8   0.7   0.9   0.8   0.9   1.0   0.8   2.3   2.3   2.3   2.3   2.2   2.2   2.3   2.5   1.9   2.2   1.8   1.7   1.7   1.8   1.6   1.7   1.6   1.4   1.6   0.6   0.8   0.7   0.8   0.9   0.7   0.8   0.7   0.9   1.8   2.1   2.5   2.4   2.4   2.3   2.0   2.1   1.8   2.1   2.1   1.9   1.7   2.1   1.8   1.6   1.7   1.8   1.6   1.2   0.8   0.8   0.8   0.7   0.7   0.7   0.7   0.7   0.8   2.2   2.2   2.3   2.5   2.1   2.4   2.4   2.3   2.1   1.9   1.8   2.0   1.7   1.6   1.4   1.7   1.7 
B: 19.4 19.6 18.8 17.7 16.7 17.5 17.7 17.5 17.2 17.5 18.2 20.8 25.4 24.4 23.3 24.4 24.0 23.6 21.8 22.4 21.4 20.4 21.2 20.6 20.1 20.1 19.8 19.9 20.6 19.3 19.7 16.9 17.6 17.9 17.7 16.9 17.8 16.7 17.7 16.8 17.2 17.2 17.8 17.8 16.5 31.6 23.7 22.8 22.3 22.9 24.2 23.4 23.1 21.4 21.9 21.9 21.3 21.9 20.7 20.6 20.4 20.4 20.1 19.7 18.1 17.2 17.8 17.4 18.4 23.2 24.2 22.5 21.5 20.9 21.1 20.0 18.9 19.4 19.8 19.0 19.4 19.2 19.7 18.5 17.7 17.1 17.1 16.4 17.4 16.9 17.2 17.3 17.1 18.5 17.1 17.8 16.9 22.8 22.7 23.0 22.4 22.2 22.2 21.7 22.3 21.5 21.1 21.3 20.8 20.0 20.4 19.4 19.3 19.8 19.1 18.9 19.1 17.1 16.4 16.7 17.7 18.1 17.9 16.6 16.9 17.5 21.8 22.1 22.4 22.2 22.0 20.9 22.2 20.9 19.9 19.9 19.9 19.4 19.7 19.6 19.2 18.3 19.2 19.4 18.8 18.4 17.1 17.8 17.4 16.8 17.2 16.8 17.0 17.4 21.4 21.5 21.9 22.1 21.6 21.8 21.1 20.8 20.0 20.4 20.1 19.7 19.6 19.5 19.4 19.2 19.2 18.3 18.1 18.5 17.4 16.9 17.7 17.1 17.3 17.3 16.7 16.9 16.9 21.9 22.5 21.9 22.6 21.5 21.7 21.4 20.7 20.7 20.0 19.8 18.9 19.0 19.7 18.5 19.6 18.8 
Direction:  n n n n n n n n n n n n n n n n n n n n n n n n n n n n n n n n n n n n n n n n n n n n n n n n n n n n n n n n n n n n n n n n n n n n n n n n n n n n n n n n n n n n n n n n n n n n n n n n n n n n n n n n n n n n n n n n n n n n n n n n n n n n n n n n n n n n n n n n n n n n n n n n n n n n n n n n n n n n n n n n n n n n n n n n n n n n n n n n n n n n n n n n n n n n n n n n n n n n n n n n

55.9: Count:   3.8 (  0.7) A:  14.3 [13-30] B:  19.4 [13-80] Phase: 100% 273 (17.1) Direction:  {303 237}
Phase: {551,336,405,393,460,331,376,396,423,512,387,425,388,416,484,476,383,398,455,389,443,426,389,437,330,393,347,428,429,430,373,406,472,365,357,464,429,398,409,458,375,401,428,389,368,479,417,469,480,486,413,461,413,461,511,417,472,403,545,439,474,550,528,505,425,472,494,540,493,517,471,426,593,520,487,463,476,457,466,478,414,498,502,413,415,354,460,419,391,378,619,342,364,345,360,370,374,345,310,362,287,332,297,372,289,268,268,280,342,278,255,310,263,300,248,297,177,289,227,230,269,245,228,257,248,231,240,210,190,218,207,218,193,229,220,260,187,233,246,244,199,230,206,209,234,202,217,187,243,195,230,217,220,264,163,244,185,182,213,182,182,157,219,194,192,189,169,213,155,154,164,155,178,163,140,144,177,117,141,114,193,86,110,136,130,122,111,130,99,106,78,106,69,92,90,96,82,87,91,52,79,56,64,98,77,53,63,68,71,54,54,54,74,54,64,81,67,77,73,89,83,100,142,106,103,186,120,156,175,203,177,296,223,261,300,367,345,372,607,510,547,730,678,970,635,1037,1040,1227,1200,1255,1412,1229,2082,1787,1610,1824,2024,2476,2037,2207,2077,2777,2813,2301,2623,2201,4000,2729,2591,2442,5348,2459,2812,2971,4498,2549,3172,2802,3595,3477,2624,2864,2996,3238,2653,2502,2592,2419,2820,1717,1958,1939,1792,1757,1355,1602,924,1443,1127,1192,962,820,999,762,634,691,740,573,603,649,423,482,462,442,348,517,341,398,419,422,348,416,379,341,402,384,377,327,381,327,349,398,378,352,265,352,362,386,335,323,328,340,357,352,359,330,427,373,366,409,355,412,418,407,343,383,441,409,407,334}
Count:   4.8   4.0   3.1   3.0   2.8   3.0   2.8   3.2   2.9   3.2   3.0   3.4   4.8   4.7   4.5   4.6   4.6   4.4   4.5   4.8   4.4   3.9   4.2   4.2   4.4   4.3   4.5   4.8   4.3   4.1   3.9   2.7   2.6   2.6   2.7   2.7   3.0   2.6   2.9   2.9   2.9   2.7   2.6   2.9   2.7   4.3   5.1   4.4   4.5   4.8   4.8   4.2   4.4   4.5   4.5   4.5   4.5   4.1   4.2   3.9   4.2   4.0   4.3   3.8   3.0   2.8   2.8   3.2   2.9   4.3   4.5   4.3   4.2   4.3   4.1   4.1   4.6   4.3   4.2   3.9   4.0   3.9   3.6   3.4   2.6   3.5   3.0   3.2   3.1   3.3   3.2   3.1   3.2   2.9   2.8   2.7   2.7   4.2   4.5   4.6   4.8   5.0   4.6   4.4   4.4   4.8   4.7   4.7   4.9   4.7   4.2   4.1   4.2   4.2   4.2   3.8   3.1   3.0   2.9   2.9   2.6   3.0   3.2   2.9   2.9   3.0   4.4   4.1   4.4   5.0   4.7   4.6   4.5   4.8   4.6   4.3   4.2   4.1   3.9   3.7   3.8   3.7   4.2   3.9   3.7   2.7   2.9   2.8   2.9   3.0   2.9   2.9   2.8   3.3   4.0   4.8   4.9   5.1   4.8   4.4   4.2   4.1   3.8   4.7   4.6   4.4   3.8   4.4   4.1   3.9   3.9   4.3   4.3   3.7   3.1   2.8   2.9   2.7   2.6   2.6   2.9   2.9   2.9   4.5   4.2   4.3   4.7   4.7   5.2   4.4   4.3   4.2   4.5   4.1   4.4   3.9   4.2   4.0   3.8   4.3 
Direction:  n n n {301 239} n n {305 235} {301 239} n {309 231} n {305 235} n n n n n n n {301 239} n n n n n n n {301 239} n n n n n n n {296 244} n n n n n n n {299 241} {309 231} n n n n n n n n n n n n n n n n n n n n n {300 240} n {303 237} n n n n n n n n n n n n n n {307 233} n {281 259} {307 233} {301 239} {305 235} {305 235} {301 239} {303 237} {299 241} n n n n {301 239} n n n n n n n n n n n n n n n n n n n {305 235} {305 235} n n {305 235} {299 241} n {311 229} n n n n n n n n n n n n n n n n n n n n n n n n {301 239} n n n n n n n n n n n n n n n n n n n n n n n n {296 244} n n n n n n n n n {309 231} n n n n n n n n n n n n n n n

56.0: Count:   3.0 (  1.0) A:  14.4 [13-31] B:  20.1 [13-77] Phase: 78% 273 (18.1) Direction:  {303 237}  31% 301 (19.4) Direction:  {325 215}
Phase: {663,402,451,494,502,428,491,471,532,546,488,562,511,570,482,524,502,601,576,446,562,558,556,600,482,549,493,630,561,607,600,484,651,554,598,583,564,546,536,662,591,647,509,635,552,762,518,637,622,679,533,666,537,604,641,594,544,605,609,569,600,557,609,630,479,562,511,630,553,571,589,483,626,559,591,542,510,588,496,543,525,535,551,480,500,428,572,480,439,418,628,373,521,484,544,365,474,387,464,460,381,459,442,447,408,409,417,414,427,341,361,370,391,404,359,351,307,414,382,328,324,307,386,297,323,302,349,292,305,332,252,284,260,297,257,341,210,293,283,268,237,300,240,218,294,253,227,200,232,203,234,184,221,243,190,221,202,216,203,185,142,118,179,170,164,153,142,150,124,155,115,111,168,117,95,89,124,82,92,81,125,51,79,65,82,68,75,75,66,62,56,51,34,57,71,58,62,41,62,47,34,35,46,33,36,34,25,56,34,41,42,39,57,43,51,58,62,45,57,88,74,73,78,57,75,181,88,170,127,193,151,253,166,220,289,283,308,309,421,314,397,537,445,635,345,625,583,769,721,625,690,608,958,843,802,734,879,1058,840,809,879,1271,1128,806,1012,959,1648,1024,1072,971,2370,1053,1149,1283,2083,1132,1477,1344,1850,1823,1488,1620,1594,1901,1598,1617,1600,1714,2034,1186,1443,1398,1331,1449,1187,1403,829,1245,980,1119,879,725,930,639,636,612,649,547,505,580,433,500,384,415,353,450,287,353,395,345,319,334,324,345,339,273,299,292,363,305,310,338,290,361,267,306,300,331,349,315,353,292,404,337,299,363,321,420,401,337,416,427,389,416,418,360,467,413,433,387}
Count:   3.8   3.3   2.0   1.6   1.5   1.4   1.6   1.7   1.6   1.9   1.9   2.4   3.9   4.2   3.9   4.1   4.1   3.9   4.0   4.1   3.5   3.4   3.5   3.5   3.7   3.4   3.7   3.7   3.2   3.1   3.5   1.5   1.6   1.4   1.6   1.7   1.6   1.6   1.8   1.7   1.6   1.6   1.5   1.7   1.7   3.1   4.2   3.9   3.8   4.0   4.1   3.7   4.0   4.1   3.8   4.0   3.8   4.1   3.8   3.5   3.3   3.2   3.5   3.5   1.9   1.6   1.8   2.0   1.7   3.6   3.9   3.7   3.7   3.5   3.5   3.6   3.5   3.6   3.5   3.4   3.5   3.2   3.0   2.0   1.6   1.9   1.6   1.8   2.0   1.8   1.9   1.9   1.6   1.7   1.3   1.5   1.5   2.8   3.6   4.0   4.0   4.1   3.7   3.5   3.8   4.1   4.0   3.8   3.9   3.9   3.6   3.5   3.6   3.4   3.5   3.4   2.2   1.7   1.8   1.9   1.8   2.0   1.8   1.6   1.6   1.7   3.9   3.7   3.5   4.1   3.9   3.8   3.8   3.9   3.7   3.9   3.5   3.6   3.5   3.2   3.3   3.4   3.5   3.3   3.5   1.8   1.9   1.6   1.6   1.5   1.6   1.4   1.6   1.9   3.0   4.0   3.8   4.3   4.0   3.7   3.7   3.3   3.8   3.7   3.8   3.7   3.6   3.5   3.7   3.3   3.0   3.7   3.7   2.7   1.9   1.6   1.6   1.6   1.6   1.4   1.6   1.5   1.6   3.9   3.7   3.9   4.3   4.2   4.2   4.0   3.6   3.8   4.1   3.9   3.8   3.5   3.9   3.3   3.3   3.5 
Direction:  n n n n n n n n n n n n n n n n n n n n n n n n n n n n n n n n n n n n n n n n n n n n n n n n n n n n n n n n n n n n n n n n n n n n n n n n n n n n n n n n n n n n n n n n n n n n n n n n n n n n n n n n n n n n n n n n n n n n n n n n n n n n n n n n n n n n n n n n n n n n n n n n n n n n n n n n n n n n n n n n n n n n n n n n n n n n n n n n n n n n n n n n n n n n n n n n n n n n n n n n

