54.0: Count:   2.1 (  1.9) A:  22.0 [18-55] B:  39.5 [18-119] Phase: 88% 141 (20.7) Direction:  {46 134}  12% 150 (11.4) Direction:  {50 130}
Phase: {2,0,0,1,0,2,5,2,1,4,3,2,3,2,3,2,1,1,4,1,2,6,3,3,6,5,5,1,6,4,3,6,8,8,10,8,7,12,9,8,12,13,8,13,13,12,19,18,21,23,22,21,19,24,39,36,37,44,31,35,35,43,40,44,55,58,63,78,66,59,58,82,101,74,102,95,86,117,106,118,116,133,119,138,161,161,177,182,187,187,225,187,236,267,253,256,312,290,288,332,359,411,410,419,462,494,569,555,533,640,635,678,671,783,824,857,780,946,990,979,1030,1102,1237,1100,1219,1261,1463,1393,1537,1630,1646,1793,1726,1896,1866,1900,1921,2059,1966,2105,2113,2125,2140,2094,2174,1999,2121,1975,1988,1931,1896,1755,1797,1800,1577,1585,1619,1562,1476,1373,1271,1224,1300,1142,1193,1098,998,1002,892,936,794,825,716,707,704,680,647,616,559,481,604,459,457,424,408,397,420,355,334,305,274,284,257,265,233,229,231,222,235,198,195,163,176,181,162,160,150,144,176,114,95,107,121,113,101,96,97,94,92,87,73,81,61,63,50,53,62,69,44,69,31,39,37,27,42,34,26,20,31,31,27,29,18,18,18,12,10,16,18,9,23,11,14,8,13,11,7,12,12,12,4,5,8,8,8,7,3,4,4,4,8,3,9,8,3,4,5,4,6,7,6,0,3,7,4,9,4,0,3,4,2,3,3,7,1,5,4,5,5,5,2,2,2,3,6,3,4,1,3,4,3,0,2,1,2,3,4,0,3,2,1,3,3,2,2,4,2,2,0,2,1,2,3,2,3,1,2,5,3,0,2,3,4,1,0,0,1,1,0,2,1,0,1,2,1,0,1,2,0,0}
Count:   0.3   0.3   0.4   0.4   0.4   0.4   0.5   0.4   5.2   5.3   5.2   4.0   3.9   2.5   1.8   1.4   1.1   1.4   0.4   0.5   0.4   0.4   0.4   0.5   0.4   0.5   0.4   0.4   0.4   0.4   0.4   0.4   6.0   5.7   5.3   5.3   4.8   4.0   3.1   2.6   1.7   1.0   0.4   0.4   0.5   0.4   0.5   0.4   0.4   0.4   0.4   6.3   5.2   5.1   4.3   4.0   2.9   2.4   1.6   1.4   0.7   0.4   0.4   0.5   0.5   0.4   0.4   0.5   0.6   0.5   0.5   0.4   0.5   0.5   2.0   6.6   5.5   5.7   5.2   4.8   4.3   3.8   3.1   2.1   1.1   0.6   0.6   0.6   0.6   0.5   0.6   0.6   0.6   2.5   6.0   5.8   4.9   4.7   3.9   3.2   2.4   1.7   1.4   0.8   0.6   0.6   0.5   0.5   0.6   0.6   0.6   0.5   1.9   6.1   5.4   4.8   4.1   3.6   2.9   1.9   1.8   1.6   1.0   0.6   0.7   0.6   0.6   0.7   0.7   0.8   0.6   0.7   0.7   0.7   0.7   0.7   3.9   6.0   5.6   5.2   5.1   4.4   4.2   3.1   2.7   1.9   0.8   0.7   0.7   0.7   0.7   0.7   0.7   0.7   0.8   3.4   6.5   5.8   5.2   4.7   4.0   3.1   2.4   1.8   2.0   0.8   0.8   0.7   0.8   0.7   0.7   0.7   0.8   0.8   4.0   5.9   5.8   4.9   4.6   3.4   2.9   2.2   1.7   1.7   0.9   0.9   0.7   0.7   0.6   0.7   0.7   0.7   0.7   0.7   0.7   0.8   0.7   0.8   5.3   6.1 
B: 27.8 27.3 30.9 29.8 28.3 29.2 27.3 30.2 47.5 43.7 43.0 41.6 39.6 37.2 35.3 33.7 35.0 36.7 27.9 29.6 29.7 27.6 28.9 30.4 28.2 30.4 29.3 29.5 28.4 27.3 30.4 28.3 45.6 44.3 43.4 43.5 41.9 40.4 38.3 37.4 35.1 35.0 28.8 29.5 30.2 29.2 27.6 29.2 28.5 27.9 28.7 45.8 44.0 43.1 42.0 40.3 38.5 37.1 33.3 36.2 35.3 29.5 28.4 30.3 29.2 28.9 28.1 29.1 29.2 28.0 29.2 28.2 29.1 28.1 48.2 44.4 43.4 43.3 42.9 41.5 40.2 40.3 36.2 35.5 34.1 29.8 28.2 29.5 30.4 29.1 27.5 28.8 29.4 46.9 44.3 43.4 42.8 41.6 39.3 37.5 36.8 34.0 35.3 32.8 28.5 28.0 29.6 29.4 28.8 28.2 28.8 29.2 40.9 43.8 42.8 41.8 41.1 39.4 37.2 35.5 34.9 34.8 34.7 30.4 30.0 28.7 28.7 29.2 29.5 31.1 29.5 30.2 29.8 30.3 29.5 29.1 44.1 43.7 42.8 42.0 42.2 40.4 39.1 37.2 36.3 33.1 33.0 27.9 30.4 28.3 29.6 30.7 29.0 29.5 28.8 46.7 43.7 42.8 41.7 40.8 38.5 35.7 35.7 33.1 32.8 31.8 30.3 29.7 29.1 29.9 30.6 28.5 28.3 29.0 44.8 44.0 42.6 41.7 40.5 37.8 35.2 35.0 32.8 35.1 31.7 29.9 29.3 28.9 28.1 30.2 29.5 30.0 28.7 29.1 29.0 30.5 29.3 29.4 43.8 43.6 
Direction:  n n n n n n n n {47 133} {43 137} {48 132} {47 133} {43 137} n n n n n n n n n n n n n n n n n n n {46 134} {46 134} {48 132} {44 136} {47 133} {46 134} n n n n n n n n n n n n n {46 134} {44 136} {46 134} {47 133} {48 132} n n n n n n n n n n n n n n n n n n n {46 134} {48 132} {44 136} {45 135} {48 132} {46 134} n n n n n n n n n n n n n {44 136} {49 131} {47 133} {47 133} {48 132} n n n n n n n n n n n n n n {48 132} {48 132} {48 132} {45 135} n n n n n n n n n n n n n n n n n n n {44 136} {47 133} {49 131} {48 132} {46 134} {47 133} {50 130} n n n n n n n n n n n n {47 133} {47 133} {46 134} {49 131} {49 131} n n n n n n n n n n n n n n n {47 133} {47 133} {46 134} {46 134} n n n n n n n n n n n n n n n n n n n {46 134} {47 133}

54.1: Count:   2.2 (  2.0) A:  22.2 [18-53] B:  38.0 [18-122] Phase: 100% 142 (26.4) Direction:  {47 133}
Phase: {3,2,1,0,4,2,0,0,3,2,0,4,5,5,0,0,1,3,8,2,2,3,3,1,7,14,7,1,7,2,6,14,17,4,9,10,13,6,21,12,14,12,18,14,17,18,15,26,21,33,26,24,21,27,22,26,58,33,66,54,54,65,58,68,64,72,78,75,79,87,83,106,118,120,107,126,124,133,150,166,161,163,167,211,205,211,185,240,252,238,306,296,321,329,349,369,382,396,418,469,430,533,549,602,615,593,629,655,749,697,804,888,953,937,986,1087,1009,1173,1215,1323,1357,1339,1449,1408,1494,1539,1634,1638,1668,1756,1686,1824,1725,1902,1668,1733,1726,1858,1715,1898,1771,1832,1823,1747,1785,1810,1755,1670,1780,1761,1760,1813,1661,1770,1596,1657,1653,1567,1520,1476,1447,1325,1457,1287,1297,1164,1103,1169,946,940,947,958,827,768,772,723,655,706,718,570,613,546,525,514,518,435,460,377,377,427,337,347,323,329,296,289,262,229,251,206,205,201,231,186,183,166,136,155,166,136,128,124,137,105,109,100,124,99,97,79,77,79,66,61,48,63,43,58,41,58,31,44,40,39,37,35,24,28,30,28,21,25,32,19,23,18,22,19,8,13,12,11,8,10,6,11,2,5,9,4,8,4,5,11,6,5,4,10,5,3,8,6,5,1,3,3,7,9,2,3,1,1,2,4,0,4,6,1,1,3,1,2,4,1,2,0,2,1,4,2,0,1,3,1,6,1,0,3,3,2,4,3,1,3,6,4,1,2,0,1,1,1,4,0,0,0,5,1,0,0,0,4,2,2,1,3,0,1,1,2,0,1,0,2,4,1,1,1,0,3,3,1,2,1,0,2,0,1,4,1}
Count:   0.4   0.3   0.5   0.5   0.4   0.5   0.5   0.5   5.2   5.4   5.4   4.5   4.2   2.9   1.8   1.6   1.2   1.2   0.5   0.6   0.5   0.5   0.5   0.4   0.5   0.5   0.4   0.5   0.5   0.4   0.4   0.6   6.5   5.8   5.6   5.2   5.0   4.2   3.4   3.1   2.0   1.2   0.5   0.4   0.5   0.6   0.5   0.5   0.5   0.5   0.5   6.4   5.8   5.3   4.6   4.3   3.0   2.8   1.7   1.5   0.8   0.5   0.5   0.5   0.5   0.5   0.5   0.5   0.6   0.6   0.6   0.6   0.6   0.5   2.3   6.5   5.7   6.0   5.1   5.0   4.3   3.8   3.4   2.4   1.1   0.7   0.6   0.6   0.6   0.7   0.7   0.7   0.8   2.5   5.8   6.1   4.9   5.1   4.2   3.5   2.7   1.9   1.4   0.9   0.5   0.6   0.6   0.6   0.6   0.6   0.6   0.6   2.0   6.2   5.4   4.9   4.2   3.7   3.0   2.0   1.7   1.6   1.0   0.7   0.7   0.7   0.7   0.7   0.7   0.9   0.7   0.7   0.8   0.8   0.7   0.7   4.0   6.1   5.6   5.7   5.2   4.8   4.2   3.4   3.0   2.3   0.8   0.8   0.8   0.7   0.9   0.7   0.8   0.8   0.8   3.6   6.3   5.9   5.3   4.9   4.1   3.4   2.8   2.1   2.0   0.8   0.9   0.8   0.9   0.8   0.9   0.8   0.8   0.8   4.2   6.0   5.9   5.2   4.9   3.6   3.0   2.2   1.9   1.8   1.0   0.9   0.8   0.8   0.8   0.7   0.9   0.7   0.8   0.7   0.9   0.8   0.8   0.9   5.5   6.0 
B: 26.5 26.6 28.5 27.8 29.0 27.2 28.2 28.0 46.8 42.7 41.2 40.3 38.9 36.2 34.0 31.6 32.2 33.5 27.8 28.1 27.0 27.5 28.5 28.4 28.2 28.5 27.4 27.9 28.3 27.4 29.2 27.4 44.7 42.5 42.7 42.4 40.9 39.3 37.7 35.3 33.3 34.0 28.1 27.5 28.3 28.0 27.5 26.9 28.1 27.1 27.6 44.2 42.8 41.4 40.3 39.1 37.5 34.8 33.1 33.8 32.6 27.7 26.8 27.7 27.7 28.8 27.6 26.6 27.0 27.7 27.7 26.8 28.1 28.2 45.9 43.1 42.2 42.7 41.8 40.1 39.0 38.5 35.8 33.7 32.9 27.8 27.4 27.8 28.3 27.6 25.9 27.7 27.3 46.8 42.5 42.5 41.1 39.8 38.8 36.1 35.2 33.1 33.5 32.5 28.0 27.1 27.2 27.6 29.0 27.5 27.9 27.5 41.3 42.8 40.9 41.0 40.2 37.6 34.8 33.1 32.8 32.5 34.2 28.0 28.4 28.7 27.7 27.4 28.9 28.6 26.3 27.6 28.2 28.2 27.3 27.9 43.6 42.2 41.6 40.7 40.2 39.1 38.0 35.3 34.4 32.6 30.8 27.8 28.7 27.6 27.1 28.1 26.7 27.8 29.0 44.8 42.6 41.6 40.4 39.8 37.8 35.2 34.1 31.7 31.0 30.8 29.1 27.6 27.8 27.0 26.7 27.7 26.8 28.9 44.0 42.3 41.6 40.7 38.8 36.3 33.7 32.7 30.9 31.6 31.0 27.9 28.1 28.0 28.2 27.5 26.9 28.8 27.7 27.2 27.7 27.9 27.6 27.6 42.6 42.7 
Direction:  n n n n n n n n {52 128} {44 136} {44 136} {44 136} {44 136} n n n n n n n n n n n n n n n n n n n {43 137} {45 135} {42 138} {47 133} {47 133} n n n n n n n n n n n n n n {52 128} {50 130} {45 135} {48 132} {43 137} n n n n n n n n n n n n n n n n n n n {41 139} {47 133} {46 134} {49 131} {40 140} n n n n n n n n n n n n n n {42 138} {48 132} {46 134} {52 128} n n n n n n n n n n n n n n n {49 131} {51 129} {45 135} n n n n n n n n n n n n n n n n n n n n n {47 133} {49 131} {46 134} {43 137} {47 133} n n n n n n n n n n n n n n {44 136} {47 133} {50 130} {48 132} n n n n n n n n n n n n n n {52 128} {45 135} {47 133} {46 134} {50 130} n n n n n n n n n n n n n n n n n n n {46 134} {45 135}

54.2: Count:   2.0 (  2.0) A:  22.4 [18-52] B:  38.1 [18-119] Phase: 100% 141 (26.5) Direction:  {46 134}
Phase: {0,2,0,0,0,0,0,0,0,0,0,0,0,0,0,1,0,0,0,0,0,0,1,0,1,0,3,1,1,0,0,0,0,4,4,3,8,0,3,4,6,5,2,3,7,6,6,8,11,9,6,8,3,4,9,19,18,14,17,22,18,25,34,27,27,25,34,47,33,33,40,52,60,60,60,102,63,87,96,104,100,113,111,122,159,165,183,184,195,195,287,265,281,321,299,365,398,384,392,478,462,514,509,628,652,657,724,686,826,814,815,915,991,1038,1126,1122,1085,1288,1164,1287,1412,1319,1392,1348,1491,1566,1585,1534,1635,1622,1598,1661,1531,1784,1631,1781,1629,1702,1538,1727,1680,1659,1646,1714,1744,1693,1682,1638,1722,1668,1542,1628,1566,1634,1405,1534,1483,1435,1374,1465,1346,1297,1363,1199,1229,1070,1107,1090,964,987,950,913,847,726,826,739,717,687,640,590,644,506,448,439,402,358,372,342,289,327,257,262,242,229,223,183,201,149,180,124,117,103,111,93,82,76,76,74,82,75,56,46,59,39,54,39,39,17,29,36,30,20,38,33,8,17,20,25,8,13,11,15,5,13,4,8,10,6,11,8,5,5,6,2,3,4,2,6,1,1,3,2,2,1,2,0,4,2,0,0,0,0,0,1,1,1,0,1,0,1,0,1,0,0,0,0,2,0,0,0,0,0,0,1,0,0,1,1,0,0,1,0,0,0,0,0,0,0,0,0,0,0,1,2,0,1,0,1,0,1,0,0,0,0,0,0,0,0,0,1,0,0,0,1,0,0,0,0,0,0,0,0,1,0,0,0,0,0,0,0,0,0,0,0,0,0,0,1,1,0,0,0,0,0,0,0,2,0,0,0}
Count:   0.4   0.3   0.4   0.4   0.4   0.3   0.4   0.3   4.8   5.4   5.3   4.2   4.0   2.7   1.6   1.3   1.0   0.9   0.3   0.5   0.4   0.4   0.4   0.4   0.4   0.4   0.3   0.4   0.3   0.4   0.3   0.3   6.4   5.7   5.3   5.0   4.9   4.0   3.2   2.8   1.9   1.0   0.3   0.4   0.4   0.3   0.4   0.4   0.4   0.5   0.5   6.2   5.6   5.2   4.6   4.2   3.1   2.5   1.5   1.3   0.6   0.4   0.4   0.3   0.4   0.4   0.4   0.4   0.4   0.4   0.5   0.4   0.5   0.5   2.3   6.3   5.5   5.7   5.2   4.8   4.1   3.9   2.9   2.2   0.9   0.6   0.5   0.5   0.5   0.6   0.6   0.6   0.5   2.5   5.4   5.8   5.0   5.0   4.0   3.5   2.3   1.8   1.3   0.7   0.5   0.5   0.5   0.5   0.5   0.5   0.6   0.5   2.0   6.0   5.0   4.8   4.1   3.6   3.0   1.9   1.5   1.4   0.8   0.5   0.6   0.5   0.6   0.5   0.6   0.6   0.5   0.6   0.6   0.7   0.6   0.6   3.8   6.2   5.7   5.6   4.7   4.7   3.8   3.0   2.8   1.8   0.5   0.5   0.6   0.6   0.6   0.5   0.6   0.6   0.7   3.7   5.7   5.6   5.0   4.6   4.0   3.3   2.4   1.7   1.5   0.7   0.7   0.6   0.7   0.6   0.6   0.6   0.7   0.6   3.8   5.9   5.7   5.0   4.4   3.4   2.6   2.0   1.7   1.3   0.7   0.7   0.6   0.7   0.7   0.5   0.7   0.6   0.7   0.5   0.7   0.6   0.6   0.6   5.3   6.0 
B: 26.6 27.6 29.7 27.5 27.9 27.8 28.0 27.9 46.6 42.3 40.6 40.3 38.7 35.1 33.9 32.3 32.6 35.6 27.2 27.4 28.1 27.0 27.6 28.2 27.7 29.0 28.0 27.3 28.2 28.0 29.5 28.3 44.6 41.7 41.7 41.3 40.1 39.3 38.5 34.5 32.2 34.9 27.7 28.0 28.7 29.0 27.1 27.1 28.0 26.5 26.6 44.1 41.8 41.1 40.3 38.4 36.7 34.4 31.9 32.3 33.7 29.1 29.3 27.5 27.7 29.0 27.8 26.2 27.3 26.7 28.6 26.5 27.9 28.8 45.5 43.9 41.9 41.6 41.7 41.0 39.0 37.6 34.8 33.3 31.9 27.2 28.7 27.8 27.8 28.2 25.9 26.8 26.7 48.3 41.7 41.7 41.6 39.4 37.8 35.7 34.8 32.3 34.0 30.9 29.5 27.5 28.4 27.9 27.8 26.3 27.7 26.7 42.2 41.6 40.0 41.6 39.1 37.5 33.8 32.1 31.6 30.7 33.8 27.3 28.3 27.4 27.7 27.1 27.6 29.0 26.0 28.0 27.1 28.4 28.5 26.8 43.4 42.0 41.8 41.0 40.1 38.9 37.7 35.3 34.4 31.5 30.4 27.7 27.3 28.0 27.1 27.1 26.2 28.9 27.2 44.9 42.8 41.6 40.6 39.6 36.6 34.9 33.3 31.2 31.3 30.5 28.3 26.9 25.8 27.1 28.1 27.6 27.0 27.9 45.3 42.2 42.0 40.4 38.1 36.4 33.5 32.2 29.7 31.3 28.8 26.7 28.1 26.4 26.8 27.6 26.8 26.9 26.7 26.3 26.9 26.9 29.0 27.0 42.0 42.2 
Direction:  n n n n n n n n {49 131} {48 132} {43 137} {41 139} n n n n n n n n n n n n n n n n n n n n {42 138} {47 133} {43 137} {47 133} {47 133} n n n n n n n n n n n n n n {43 137} {45 135} {47 133} n n n n n n n n n n n n n n n n n n n n n {41 139} {44 136} {43 137} {47 133} {50 130} n n n n n n n n n n n n n n {47 133} {45 135} {52 128} {45 135} n n n n n n n n n n n n n n n {47 133} {44 136} {42 138} n n n n n n n n n n n n n n n n n n n n n {44 136} {48 132} {47 133} {45 135} {48 132} n n n n n n n n n n n n n n {48 132} {42 138} {47 133} n n n n n n n n n n n n n n n n {50 130} {50 130} {44 136} n n n n n n n n n n n n n n n n n n n n {50 130} {49 131}

54.3: Count:   1.6 (  1.9) A:  22.2 [18-53] B:  40.4 [18-119] Phase: 100% 140 (21.0) Direction:  {46 134}
Phase: {0,0,0,0,0,0,0,0,0,0,0,1,0,0,0,0,0,0,0,0,0,0,0,0,0,0,1,0,0,1,0,0,0,0,0,0,0,0,1,0,2,0,3,2,2,1,1,0,2,2,2,1,2,2,0,7,2,4,4,3,1,2,4,2,7,4,4,10,9,15,9,16,12,12,26,13,19,19,23,20,26,44,21,34,48,47,57,66,40,55,103,96,89,109,103,126,138,123,175,228,224,243,250,346,313,340,370,423,472,509,537,625,692,743,710,844,795,1031,1029,1057,1096,1193,1268,1292,1408,1352,1519,1544,1645,1616,1629,1745,1676,1679,1681,1711,1612,1793,1631,1721,1648,1757,1817,1645,1780,1730,1610,1621,1644,1580,1619,1631,1593,1761,1456,1466,1322,1401,1293,1192,1159,1031,1099,1051,949,915,765,746,661,648,620,568,514,453,465,317,350,328,288,256,258,219,236,187,157,130,119,110,110,122,85,79,83,74,71,42,55,51,35,31,33,32,25,39,26,14,22,21,15,19,17,7,6,4,8,5,5,5,6,0,3,11,2,0,1,3,2,1,0,3,0,3,3,1,2,1,2,2,0,0,1,0,1,0,0,0,0,0,0,0,2,0,0,0,0,0,0,0,0,0,0,0,0,0,0,0,0,1,0,0,1,0,0,0,0,0,0,0,0,0,0,0,0,0,0,0,0,0,0,0,0,0,0,0,0,0,0,0,1,0,0,0,0,0,0,0,0,0,0,0,0,0,0,0,0,0,0,0,0,1,0,0,0,0,0,1,0,0,0,0,0,0,0,0,0,0,0,0,0,0,0,0,0,0,0,0,0,0,0,0,0,0,0,0,0,0,0,0,0,0}
Count:   0.2   0.2   0.2   0.2   0.2   0.2   0.2   0.2   4.7   4.8   4.6   3.9   3.5   2.1   1.2   0.7   0.5   0.4   0.2   0.2   0.2   0.2   0.2   0.3   0.2   0.2   0.1   0.2   0.2   0.2   0.1   0.2   6.0   5.3   5.2   4.6   4.3   3.9   2.7   2.1   1.3   0.5   0.2   0.2   0.2   0.2   0.1   0.2   0.2   0.2   0.2   6.0   5.2   4.6   4.0   3.9   2.6   2.0   1.0   0.8   0.3   0.2   0.2   0.2   0.2   0.2   0.2   0.2   0.2   0.2   0.2   0.2   0.2   0.2   1.9   5.7   5.0   5.0   4.4   4.1   3.7   3.2   2.1   1.5   0.6   0.2   0.2   0.2   0.3   0.3   0.2   0.2   0.2   2.2   5.2   5.2   4.4   4.4   3.3   2.8   1.7   1.2   0.8   0.2   0.3   0.3   0.2   0.3   0.2   0.2   0.2   0.2   1.9   5.4   4.5   4.5   3.9   3.1   2.2   1.4   0.9   0.8   0.3   0.3   0.3   0.3   0.2   0.2   0.3   0.2   0.2   0.3   0.3   0.3   0.3   0.3   3.6   5.6   5.1   4.7   4.2   4.1   3.4   2.5   1.7   1.2   0.3   0.3   0.3   0.2   0.2   0.3   0.2   0.3   0.3   3.5   5.2   5.1   4.2   4.1   3.3   2.7   1.7   1.0   0.8   0.3   0.4   0.3   0.3   0.3   0.3   0.3   0.3   0.3   3.3   5.1   5.0   4.5   3.5   2.7   1.7   1.2   0.7   0.6   0.3   0.3   0.3   0.3   0.3   0.3   0.2   0.3   0.3   0.3   0.4   0.3   0.4   0.2   4.8   5.4 
B: 29.9 31.6 33.3 30.5 27.4 28.0 28.9 29.9 47.1 42.7 41.8 40.9 39.5 36.7 35.1 33.5 32.8 37.8 27.1 29.0 33.7 27.8 29.8 29.1 29.1 30.2 30.6 29.7 28.8 29.6 35.8 31.3 45.2 42.9 43.6 42.7 41.2 40.8 38.7 36.9 31.6 34.7 29.2 29.6 30.0 28.8 31.9 30.0 30.6 28.5 31.5 44.7 42.8 42.0 41.1 39.9 38.1 37.0 34.1 34.1 35.9 32.6 29.3 29.1 28.3 30.3 28.9 27.1 30.5 31.8 32.2 29.9 28.4 30.0 52.1 43.8 43.3 42.0 42.2 41.2 40.9 38.0 35.7 33.4 36.2 30.0 31.1 27.6 29.6 28.0 30.2 29.6 29.2 52.7 44.3 43.6 41.8 40.4 39.1 37.3 36.3 32.3 33.9 36.4 32.5 29.7 27.3 29.3 29.2 28.3 26.3 28.5 44.8 44.0 42.1 41.9 40.7 38.1 35.4 33.1 32.3 31.7 36.1 29.5 28.1 26.8 32.6 30.3 29.3 29.1 27.2 29.3 30.6 27.4 30.1 27.0 45.6 42.8 42.8 40.7 41.5 39.2 39.0 35.8 34.7 31.9 35.4 28.8 26.6 29.9 29.2 29.3 29.3 30.2 28.8 48.2 44.2 42.5 41.8 40.0 39.0 36.0 36.2 32.3 32.4 30.7 30.0 30.0 29.2 28.6 28.9 27.9 27.5 27.6 49.5 42.3 42.4 41.5 38.7 37.6 34.6 34.4 31.1 31.7 33.5 27.8 27.1 31.2 29.1 27.4 28.8 28.8 28.0 28.8 29.0 28.4 30.6 29.8 44.2 43.4 
Direction:  n n n n n n n n {45 135} {46 134} {48 132} {42 138} n n n n n n n n n n n n n n n n n n n n {46 134} {48 132} {45 135} {43 137} {45 135} {51 129} n n n n n n n n n n n n n {50 130} {50 130} {49 131} {51 129} {46 134} n n n n n n n n n n n n n n n n n n n {43 137} {43 137} {42 138} {42 138} {44 136} n n n n n n n n n n n n n n {42 138} {51 129} {48 132} {44 136} n n n n n n n n n n n n n n n {46 134} {43 137} {42 138} {45 135} n n n n n n n n n n n n n n n n n n n {43 137} {47 133} {46 134} {45 135} {47 133} {41 139} n n n n n n n n n n n n n {48 132} {49 131} {44 136} {47 133} {42 138} n n n n n n n n n n n n n n n {42 138} {44 136} {41 139} n n n n n n n n n n n n n n n n n n n n {45 135} {48 132}

54.4: Count:   1.4 (  1.8) A:  21.9 [18-52] B:  41.3 [18-120] Phase: 100% 140 (17.3) Direction:  {46 134}
Phase: {0,0,0,0,0,0,0,0,0,0,0,0,0,0,0,0,0,0,0,0,0,0,0,0,0,0,0,0,0,0,0,0,0,0,0,0,0,0,0,0,0,0,0,0,0,0,1,0,0,0,0,0,1,0,0,0,0,1,1,1,0,1,0,1,0,0,0,0,1,1,1,4,3,2,0,8,8,6,7,11,11,7,6,7,14,14,12,22,17,27,23,33,25,41,46,35,54,55,73,82,71,91,137,153,132,163,212,277,278,291,320,419,457,480,556,639,666,707,779,882,1000,987,1129,1169,1235,1266,1381,1451,1567,1590,1554,1813,1743,1793,1729,1889,1799,1924,1667,1821,1853,1761,1859,1748,1877,1695,1762,1747,1709,1661,1569,1593,1513,1505,1265,1351,1338,1141,1201,1086,1050,926,892,802,705,660,608,566,495,367,396,411,292,232,282,214,139,159,134,112,116,84,87,75,61,61,55,40,44,29,17,13,12,23,16,14,9,14,14,2,4,1,4,7,5,2,4,6,1,0,4,0,2,1,0,0,2,1,0,0,0,4,2,2,0,0,0,1,0,1,0,0,0,0,0,0,0,0,0,0,0,0,0,0,0,0,0,0,0,0,0,0,0,0,1,0,0,0,0,0,0,0,0,0,0,0,0,0,0,0,0,0,0,0,0,0,0,0,0,0,0,0,0,0,0,0,0,0,0,0,0,0,0,0,0,0,0,0,0,0,0,0,0,0,0,0,0,0,0,0,0,0,0,0,0,0,0,0,0,0,0,0,0,0,0,0,0,0,0,0,0,0,0,0,0,0,0,0,0,0,0,0,0,0,0,0,0,0,0,0,0,0,0,0,0,0,0,0,0,0}
Count:   0.1   0.1   0.1   0.1   0.1   0.1   0.1   0.1   4.6   4.8   4.2   3.7   3.3   1.8   0.7   0.5   0.3   0.2   0.1   0.1   0.1   0.1   0.1   0.1   0.1   0.1   0.1   0.1   0.1   0.1   0.1   0.1   5.6   5.1   5.0   4.4   4.2   3.2   2.5   1.7   0.9   0.4   0.1   0.1   0.1   0.1   0.1   0.1   0.1   0.2   0.1   5.6   4.9   4.3   3.6   3.4   2.4   1.3   0.9   0.4   0.2   0.1   0.1   0.1   0.1   0.2   0.1   0.1   0.1   0.1   0.2   0.2   0.2   0.1   1.9   5.1   4.8   4.9   3.9   4.0   3.7   2.8   1.7   1.3   0.4   0.1   0.2   0.2   0.2   0.1   0.1   0.1   0.2   2.2   5.0   5.0   3.8   3.7   2.9   2.6   1.4   0.8   0.4   0.1   0.2   0.2   0.1   0.1   0.1   0.1   0.1   0.1   1.6   5.0   4.3   3.9   3.4   2.7   1.7   1.1   0.5   0.3   0.2   0.2   0.2   0.2   0.1   0.1   0.2   0.1   0.1   0.1   0.2   0.1   0.1   0.1   3.1   5.1   4.9   4.3   4.1   3.8   3.2   2.5   1.3   0.9   0.1   0.2   0.2   0.1   0.1   0.2   0.2   0.2   0.1   3.0   4.9   4.8   4.2   3.7   2.7   2.1   1.1   0.6   0.4   0.2   0.2   0.2   0.2   0.2   0.1   0.1   0.2   0.2   3.2   4.9   4.3   4.1   2.9   2.5   1.4   0.9   0.3   0.3   0.2   0.2   0.1   0.1   0.2   0.1   0.2   0.1   0.1   0.1   0.2   0.2   0.1   0.1   4.7   5.1 
B: 32.4 30.6 33.4 32.5 32.1 28.2 31.2 31.1 46.3 43.2 42.0 41.5 40.5 39.0 34.1 34.6 36.2 41.0 32.3 31.0 32.8 30.9 36.1 32.1 32.3 31.8 32.6 28.0 28.8 34.7 35.5 34.1 45.1 43.3 43.6 42.4 41.7 40.5 38.5 36.8 34.1 37.0 31.4 34.8 29.3 34.9 30.8 33.8 38.1 29.6 34.1 44.4 43.4 42.3 41.1 39.8 38.4 36.1 37.2 34.6 38.7 29.3 30.3 29.3 28.4 30.1 34.3 30.5 33.3 33.0 30.1 32.1 31.0 30.4 53.0 44.0 43.4 42.3 42.4 41.0 40.3 38.3 35.2 35.8 37.6 32.6 34.4 31.0 29.7 30.2 33.7 32.1 32.8 54.0 43.3 44.2 41.0 41.0 38.9 38.1 35.3 35.2 33.8 38.4 33.3 30.3 29.4 30.0 33.5 31.6 28.1 32.5 46.2 42.8 42.3 41.4 40.3 37.9 36.2 35.6 33.9 32.5 37.2 33.2 29.6 30.6 28.3 34.5 29.0 33.0 33.9 28.7 30.4 29.4 33.7 30.5 47.0 42.6 43.0 41.1 41.2 40.9 40.1 37.3 34.2 35.5 40.7 28.6 29.5 29.0 29.5 29.8 29.1 28.3 31.0 47.4 44.5 42.2 41.9 39.5 38.5 36.1 37.8 32.8 31.2 40.6 29.1 32.9 31.5 29.0 31.6 29.3 33.5 30.0 50.3 43.2 42.8 41.7 39.4 38.3 35.4 36.0 31.5 32.1 36.8 30.4 32.8 35.5 33.0 34.7 30.8 32.6 28.4 30.7 30.5 28.0 33.3 28.0 46.5 44.4 
Direction:  n n n n n n n n {46 134} {46 134} {46 134} {46 134} {45 135} n n n n n n n n n n n n n n n n n n n {47 133} {42 138} {43 137} {43 137} {47 133} {42 138} n n n n n n n n n n n n n {43 137} {49 131} {44 136} {45 135} {41 139} n n n n n n n n n n n n n n n n n n n {48 132} {47 133} {47 133} {44 136} {46 134} {47 133} n n n n n n n n n n n n n {44 136} {45 135} {49 131} {47 133} n n n n n n n n n n n n n n n {43 137} {42 138} {48 132} {44 136} n n n n n n n n n n n n n n n n n n n {43 137} {42 138} {46 134} {44 136} {46 134} {46 134} {46 134} n n n n n n n n n n n n {46 134} {47 133} {46 134} {43 137} {48 132} n n n n n n n n n n n n n n {44 136} {45 135} {48 132} {44 136} n n n n n n n n n n n n n n n n n n n n {47 133} {46 134}

54.5: Count:   1.3 (  1.8) A:  21.7 [18-52] B:  40.7 [18-114] Phase: 100% 140 (16.6) Direction:  {45 135}
Phase: {0,0,0,0,0,0,0,0,0,0,0,0,0,0,0,0,0,0,0,0,0,0,0,0,0,0,1,0,0,0,0,0,0,0,0,0,0,0,0,0,0,0,0,0,0,0,0,0,1,0,0,0,0,0,0,0,0,1,0,0,0,0,0,0,0,0,0,1,2,0,0,3,2,5,5,2,2,2,2,8,9,9,7,14,14,15,19,11,14,17,36,28,40,24,38,48,59,55,80,91,83,93,103,145,139,199,197,202,208,249,408,368,406,398,467,553,544,742,776,833,862,951,1145,1213,1182,1316,1449,1427,1588,1573,1510,1653,1680,1867,1817,1816,1721,1911,1771,1856,1759,1789,1831,1774,1671,1736,1590,1597,1664,1523,1469,1536,1429,1454,1305,1330,1211,1122,1090,1027,903,806,799,645,664,565,551,489,387,357,312,287,266,195,194,156,140,155,119,105,108,54,52,66,37,52,54,32,39,38,11,22,17,25,6,16,21,6,7,4,1,4,4,0,4,1,6,2,6,4,2,2,2,2,0,2,0,0,1,0,0,0,0,1,0,0,0,0,0,0,0,0,0,0,0,0,0,0,0,0,0,1,0,0,0,0,0,0,0,0,0,0,0,0,0,0,0,0,0,0,0,0,0,0,0,0,0,0,0,0,0,0,0,0,0,0,0,0,0,0,0,0,0,0,0,0,0,0,0,0,0,0,0,0,0,0,0,0,0,0,0,0,0,0,0,0,0,0,0,0,0,0,0,0,0,0,0,0,0,0,0,0,0,0,0,0,0,0,0,0,0,0,0,0,0,0,0,0,0,0,0,0,1,0,0,0,0,0,0,0,0,0,0,0,0,0,0,0,0,0}
Count:   0.1   0.1   0.1   0.1   0.1   0.1   0.1   0.1   4.7   4.6   4.1   3.8   3.2   1.7   0.6   0.4   0.2   0.2   0.1   0.1   0.1   0.1   0.1   0.1   0.1   0.1   0.1   0.1   0.1   0.1   0.1   0.1   5.5   5.0   5.2   4.3   3.9   3.3   2.5   1.5   1.0   0.4   0.1   0.1   0.1   0.1   0.1   0.1   0.1   0.1   0.2   4.9   4.7   4.2   3.6   3.1   2.3   1.3   0.7   0.3   0.2   0.1   0.1   0.1   0.1   0.1   0.1   0.1   0.1   0.1   0.1   0.1   0.1   0.1   1.7   5.0   5.4   4.8   4.1   4.0   3.6   2.6   1.8   1.2   0.3   0.1   0.1   0.1   0.1   0.1   0.1   0.1   0.1   2.0   5.0   5.2   3.8   3.6   3.0   2.3   1.3   0.8   0.3   0.2   0.1   0.1   0.1   0.1   0.1   0.1   0.1   0.1   1.4   5.0   4.3   3.6   3.3   2.7   1.4   0.9   0.3   0.2   0.2   0.1   0.1   0.1   0.1   0.1   0.1   0.1   0.1   0.1   0.1   0.1   0.1   0.1   2.9   4.9   4.9   4.5   4.0   3.5   2.8   2.0   1.1   0.9   0.1   0.1   0.1   0.1   0.1   0.1   0.1   0.1   0.1   2.7   4.6   4.8   3.9   3.4   2.6   1.9   0.9   0.4   0.2   0.2   0.1   0.1   0.1   0.1   0.1   0.1   0.1   0.1   3.1   5.0   4.4   4.1   3.0   2.3   1.3   0.7   0.3   0.2   0.2   0.1   0.1   0.1   0.1   0.1   0.1   0.1   0.1   0.2   0.1   0.1   0.1   0.1   4.5   4.9 
B: 32.3 31.9 35.3 34.2 32.2 29.8 31.1 32.7 44.5 41.9 41.7 40.5 38.8 37.1 33.0 33.6 35.4 41.7 34.4 32.9 31.0 32.3 32.1 29.6 35.8 31.2 31.4 28.7 32.1 33.2 31.5 31.6 43.9 42.4 42.6 41.4 40.5 39.4 37.4 36.1 34.0 35.5 31.0 30.7 30.2 35.0 33.6 31.6 30.3 32.6 39.6 42.9 43.2 42.1 40.4 38.4 36.7 35.6 33.9 31.2 44.3 29.5 33.6 32.0 28.8 32.8 33.4 26.1 32.4 33.5 29.5 34.6 32.7 34.4 50.6 43.6 42.9 42.3 41.2 41.0 39.7 37.5 35.1 35.8 35.7 31.3 31.5 34.0 34.6 30.6 30.4 30.6 32.7 54.7 42.4 43.4 40.8 40.0 38.2 36.9 33.8 33.2 33.4 35.4 30.2 32.6 30.6 33.8 32.6 31.5 31.2 32.6 42.2 43.0 41.5 40.2 39.5 37.5 35.2 35.8 33.5 30.9 43.9 31.5 29.6 30.1 32.9 36.3 31.1 32.7 28.6 29.6 30.3 27.1 35.2 28.8 47.2 42.7 41.7 41.0 40.0 39.4 39.3 36.5 36.1 35.6 39.1 30.7 27.2 29.0 27.1 32.6 30.5 32.1 34.9 45.4 42.6 42.1 40.6 38.9 38.1 36.3 33.8 33.4 32.9 42.1 32.2 29.6 31.3 31.0 28.7 24.9 33.5 34.1 49.5 42.6 42.7 41.8 38.5 37.0 34.0 35.2 30.8 33.2 39.3 33.7 37.2 34.1 35.1 29.5 28.0 29.5 27.6 32.9 35.0 31.3 37.6 26.2 45.9 43.0 
Direction:  n n n n n n n n {44 136} {43 137} {43 137} {41 139} {45 135} n n n n n n n n n n n n n n n n n n n {44 136} {46 134} {43 137} {45 135} {45 135} {44 136} n n n n n n n n n n n n n {44 136} {44 136} {43 137} {43 137} n n n n n n n n n n n n n n n n n n n n {46 134} {42 138} {44 136} {44 136} {44 136} {41 139} n n n n n n n n n n n n n {45 135} {45 135} {44 136} {44 136} {45 135} n n n n n n n n n n n n n n {41 139} {47 133} {45 135} {44 136} n n n n n n n n n n n n n n n n n n n n {46 134} {45 135} {43 137} {46 134} {48 132} n n n n n n n n n n n n n n {48 132} {43 137} {47 133} {46 134} n n n n n n n n n n n n n n {43 137} {45 135} {43 137} {44 136} {43 137} n n n n n n n n n n n n n n n n n n n {48 132} {44 136}

54.6: Count:   1.4 (  1.8) A:  21.6 [18-49] B:  39.9 [18-114] Phase: 100% 139 (15.6) Direction:  {45 135}
Phase: {0,0,0,0,0,0,0,0,0,0,0,0,0,0,0,0,0,0,0,0,1,0,0,0,0,0,0,0,0,0,0,0,0,0,0,0,0,0,0,0,0,0,0,0,0,0,1,2,0,0,0,0,0,0,0,0,4,1,1,0,0,0,0,0,0,0,3,3,2,0,0,3,1,3,3,4,8,5,2,7,10,8,22,21,15,29,26,27,29,32,41,53,50,53,57,81,77,71,106,121,150,124,134,156,201,209,260,310,365,309,365,432,436,513,550,580,622,781,892,855,916,1013,1026,1215,1147,1203,1367,1423,1510,1578,1585,1731,1702,1916,1864,1979,1873,2157,1994,2023,1863,2027,2045,1932,1975,1959,1732,1748,1822,1641,1524,1470,1451,1465,1128,1184,1052,1086,1078,901,819,799,690,651,637,561,473,469,357,385,372,303,323,272,242,220,203,188,149,94,143,66,97,91,51,64,59,45,37,28,36,35,19,23,10,19,16,12,10,7,5,3,8,7,8,4,3,4,0,0,3,0,3,0,0,0,2,0,0,1,0,0,0,1,0,0,0,0,0,0,0,0,1,0,0,0,0,0,0,0,0,0,0,0,0,0,0,0,0,0,0,0,0,0,0,0,0,0,0,0,0,0,0,0,0,0,0,0,0,0,0,0,0,0,0,0,0,0,0,0,0,0,0,0,0,0,0,0,0,0,0,0,0,0,0,0,0,0,0,0,0,0,0,0,0,0,0,0,0,0,0,0,0,0,0,0,0,0,0,0,0,0,0,0,0,0,0,0,0,0,0,0,0,0,0,0,0,0,0,0,0,0,0,0,0,0,0,0,0,0,0,0,0,0,0,0,0,0,0,0}
Count:   0.1   0.1   0.1   0.1   0.1   0.1   0.1   0.1   4.4   4.4   4.3   3.8   3.2   1.9   0.8   0.4   0.3   0.3   0.1   0.1   0.1   0.1   0.1   0.1   0.1   0.1   0.2   0.1   0.2   0.1   0.1   0.2   5.2   5.0   5.1   4.4   3.9   3.4   2.8   1.8   1.1   0.4   0.1   0.1   0.1   0.1   0.1   0.1   0.1   0.1   0.3   5.3   5.0   4.2   3.8   3.3   2.7   1.7   1.0   0.4   0.3   0.2   0.1   0.1   0.2   0.1   0.1   0.1   0.1   0.1   0.1   0.1   0.1   0.1   1.6   5.0   5.4   4.6   4.5   3.9   3.6   3.1   1.9   1.4   0.3   0.2   0.1   0.1   0.1   0.1   0.1   0.1   0.1   2.0   5.1   5.2   4.4   3.6   3.1   2.6   1.6   1.2   0.4   0.2   0.1   0.1   0.2   0.1   0.1   0.1   0.1   0.1   1.5   5.1   4.5   4.1   3.4   3.0   1.6   0.9   0.5   0.3   0.2   0.1   0.1   0.1   0.1   0.2   0.1   0.1   0.1   0.1   0.1   0.1   0.1   0.1   2.8   5.3   4.8   4.3   4.0   3.9   3.0   2.3   1.4   0.9   0.2   0.1   0.1   0.1   0.1   0.2   0.1   0.1   0.1   2.8   4.9   4.8   3.9   3.8   3.0   2.2   1.1   0.6   0.4   0.2   0.1   0.1   0.1   0.2   0.1   0.1   0.1   0.1   3.2   5.2   4.7   4.4   3.0   2.4   1.7   0.7   0.4   0.2   0.2   0.1   0.1   0.1   0.1   0.1   0.1   0.1   0.2   0.1   0.1   0.1   0.1   0.2   4.5   4.8 
B: 27.2 28.2 29.6 32.2 32.6 30.3 32.6 28.8 43.4 41.3 41.1 40.2 37.8 35.7 32.0 33.4 31.3 34.6 31.0 26.2 31.0 32.9 32.6 26.9 28.1 30.0 27.8 29.5 30.8 29.7 25.9 29.8 43.3 41.7 41.8 40.3 39.6 38.9 37.0 34.3 33.8 35.7 30.8 31.2 27.9 30.3 33.0 25.6 26.1 30.9 35.8 42.5 42.7 41.8 40.7 38.7 36.4 34.2 33.3 32.4 34.1 28.1 34.0 29.3 30.0 32.3 31.8 27.8 33.7 30.1 29.5 30.3 30.7 31.7 48.7 42.2 42.3 42.1 40.3 40.7 39.0 36.7 35.5 35.5 35.0 32.1 29.4 32.9 32.7 30.4 32.2 28.8 27.9 53.4 42.9 43.2 41.9 39.4 37.0 36.1 34.2 34.2 31.7 36.0 30.5 29.4 28.8 29.7 33.6 28.6 28.1 33.5 41.8 41.9 41.1 39.7 38.9 37.0 33.6 33.1 30.7 32.7 47.0 31.2 29.8 31.1 33.2 33.0 30.3 29.0 30.1 31.9 29.5 25.3 31.6 27.7 46.0 41.4 41.2 40.1 39.4 39.8 37.4 37.2 33.2 31.5 40.0 25.5 35.3 29.6 25.3 28.7 32.5 29.5 33.8 46.3 42.3 41.5 40.4 39.2 37.4 35.4 32.3 31.5 32.2 41.1 32.1 27.8 32.9 32.0 30.9 27.3 29.9 28.8 48.1 42.3 41.5 40.0 37.4 35.0 35.1 32.6 30.2 31.3 39.5 29.9 37.0 33.2 33.7 31.2 30.8 30.8 31.5 33.1 29.4 30.9 29.8 27.7 45.8 41.9 
Direction:  n n n n n n n n {44 136} {44 136} {46 134} {45 135} {44 136} n n n n n n n n n n n n n n n n n n n {47 133} {44 136} {44 136} {47 133} {45 135} {40 140} n n n n n n n n n n n n n {44 136} {44 136} {44 136} {44 136} {47 133} n n n n n n n n n n n n n n n n n n n {47 133} {47 133} {46 134} {45 135} {44 136} {47 133} {42 138} n n n n n n n n n n n n {44 136} {47 133} {44 136} {44 136} {47 133} n n n n n n n n n n n n n n {43 137} {45 135} {43 137} {44 136} n n n n n n n n n n n n n n n n n n n {47 133} {45 135} {45 135} {47 133} {47 133} {48 132} {42 138} n n n n n n n n n n n n {45 135} {44 136} {45 135} {46 134} {42 138} n n n n n n n n n n n n n n {43 137} {43 137} {44 136} {44 136} n n n n n n n n n n n n n n n n n n n n {47 133} {45 135}

54.7: Count:   1.6 (  2.0) A:  21.9 [18-50] B:  39.2 [18-109] Phase: 100% 139 (18.1) Direction:  {45 135}
Phase: {0,0,0,0,0,0,0,0,0,0,0,0,0,0,0,0,0,0,0,0,0,0,0,0,0,0,0,0,0,0,0,0,0,0,0,0,0,0,0,0,0,0,0,1,0,2,0,0,1,0,0,0,2,1,0,0,1,1,1,1,3,1,3,3,1,6,1,1,10,2,2,3,4,13,7,12,6,12,21,18,28,23,12,16,27,35,36,33,31,51,47,51,80,68,104,76,147,137,114,153,171,227,200,231,232,324,288,347,437,443,478,525,637,713,778,852,822,961,1065,1081,1212,1298,1431,1428,1525,1529,1720,1796,1717,1863,1776,2061,1919,2004,1946,2118,1969,2095,1957,2120,1913,2017,1959,1884,1949,1892,1924,1885,1770,1783,1745,1615,1600,1594,1475,1421,1318,1284,1365,1221,1084,999,957,867,784,735,643,654,569,509,428,509,386,329,340,250,224,190,183,192,160,107,116,101,80,87,51,73,47,56,44,29,25,42,18,24,17,12,12,11,5,8,17,5,9,2,3,3,1,4,2,0,4,1,0,2,5,1,4,4,0,2,2,0,0,0,0,0,0,0,0,0,0,0,0,0,0,0,0,0,0,0,0,0,0,0,0,0,0,0,0,0,0,0,0,0,0,0,0,0,0,0,0,0,0,0,0,0,0,0,0,0,0,0,0,0,0,0,0,0,0,0,0,0,0,0,0,0,0,0,0,0,0,0,0,0,0,0,0,0,0,0,0,0,0,0,0,0,0,0,0,0,0,0,0,0,0,0,0,0,0,0,0,0,0,0,0,0,0,0,0,0,0,0,0,0,0,0,0,0,0,0,0,0,0,0,0,0,0,0,0,0,0,0,0,0,0,0,0,0}
Count:   0.1   0.1   0.1   0.1   0.1   0.1   0.1   0.1   4.9   5.0   4.8   4.5   3.6   2.6   1.4   0.7   0.7   0.4   0.1   0.2   0.1   0.1   0.1   0.1   0.1   0.1   0.1   0.1   0.1   0.1   0.1   0.2   5.7   5.4   4.9   4.6   4.1   4.2   3.6   2.5   1.9   0.7   0.1   0.2   0.1   0.1   0.1   0.1   0.1   0.1   0.3   5.6   5.3   4.9   4.5   3.8   3.5   2.2   1.3   0.8   0.5   0.1   0.2   0.1   0.1   0.1   0.1   0.2   0.1   0.1   0.2   0.1   0.1   0.2   1.7   5.5   6.1   5.0   5.0   4.4   4.0   3.4   2.8   2.0   0.4   0.1   0.1   0.2   0.2   0.1   0.1   0.1   0.1   2.0   5.5   5.6   5.0   4.0   3.8   3.0   2.1   1.5   0.8   0.4   0.1   0.1   0.2   0.1   0.1   0.1   0.1   0.1   1.7   5.2   4.8   4.3   3.8   3.4   2.4   1.9   0.9   0.7   0.2   0.1   0.1   0.1   0.2   0.1   0.1   0.1   0.1   0.1   0.1   0.1   0.1   0.1   2.9   5.5   4.7   4.7   4.2   4.6   3.5   2.9   1.9   1.5   0.2   0.1   0.1   0.1   0.1   0.2   0.1   0.1   0.1   3.1   5.5   5.2   4.5   4.3   3.3   2.9   1.6   1.1   0.7   0.2   0.1   0.1   0.1   0.2   0.1   0.1   0.1   0.1   3.3   5.3   5.0   4.8   3.7   3.3   2.3   1.3   0.9   0.5   0.3   0.1   0.1   0.1   0.1   0.1   0.1   0.1   0.2   0.2   0.1   0.1   0.1   0.2   4.3   5.2 
B: 31.3 26.0 29.2 26.8 31.6 27.2 30.9 26.0 43.2 40.8 40.6 40.4 37.9 35.1 32.4 30.7 30.7 35.2 32.1 27.8 32.8 28.1 31.9 27.9 30.8 31.1 27.5 27.1 30.6 28.3 27.8 30.7 42.2 41.2 41.6 40.6 38.9 39.0 36.8 35.1 31.7 33.6 30.6 28.2 27.9 29.2 30.5 25.5 29.5 28.7 35.7 41.5 42.0 41.3 40.0 38.9 35.6 34.8 30.4 31.3 32.7 28.9 27.9 26.3 30.3 32.4 31.4 33.9 26.3 28.2 31.7 27.6 27.2 30.6 47.5 41.3 42.2 41.5 41.2 39.5 38.3 37.3 35.1 33.6 34.9 31.0 28.1 29.4 30.8 32.8 28.1 28.4 30.5 50.9 42.7 42.6 41.9 40.0 38.2 35.5 33.4 34.1 32.4 34.6 28.7 32.0 29.2 26.9 26.8 32.5 27.4 32.1 40.4 41.6 41.0 40.0 38.9 37.6 34.4 34.1 31.7 29.6 33.9 32.1 28.4 25.0 31.1 33.3 25.8 25.8 27.0 26.2 32.9 25.1 26.5 25.2 44.4 41.1 40.6 39.7 40.5 40.0 36.6 35.1 32.2 32.1 39.2 28.7 30.3 27.5 27.4 27.9 28.4 27.4 26.0 46.9 42.0 40.9 41.2 39.1 37.6 35.0 32.5 29.9 31.0 41.4 27.3 30.0 27.8 29.6 27.2 26.3 30.0 28.0 46.7 42.3 41.0 39.8 37.1 37.2 35.8 30.1 30.9 29.5 32.5 28.0 29.1 29.9 25.0 27.3 25.8 26.7 29.7 29.2 31.2 28.0 29.5 27.6 43.4 41.0 
Direction:  n n n n n n n n {44 136} {42 138} {42 138} {44 136} {44 136} n n n n n n n n n n n n n n n n n n n {42 138} {45 135} {42 138} {44 136} {43 137} {51 129} {40 140} n n n n n n n n n n n n {42 138} {44 136} {42 138} {48 132} {44 136} {46 134} n n n n n n n n n n n n n n n n n n {49 131} {44 136} {48 132} {46 134} {48 132} {42 138} {42 138} n n n n n n n n n n n n {42 138} {43 137} {45 135} {42 138} {47 133} n n n n n n n n n n n n n n {45 135} {45 135} {44 136} {42 138} n n n n n n n n n n n n n n n n n n n n {44 136} {48 132} {44 136} {44 136} {42 138} {44 136} n n n n n n n n n n n n {44 136} {46 134} {42 138} {45 135} {44 136} {43 137} n n n n n n n n n n n n n {43 137} {46 134} {46 134} {43 137} {42 138} {41 139} n n n n n n n n n n n n n n n n n n {50 130} {46 134}

54.8: Count:   1.9 (  2.2) A:  22.2 [18-50] B:  39.7 [18-112] Phase: 100% 139 (18.5) Direction:  {45 135}
Phase: {0,0,0,0,0,0,0,0,0,1,0,0,0,0,0,0,0,0,0,0,0,0,0,0,0,1,0,0,0,0,0,0,0,0,1,0,0,0,0,0,0,0,0,0,1,0,0,0,0,0,0,2,1,0,2,0,2,1,0,2,2,1,0,1,3,2,5,4,0,4,5,5,9,8,11,1,15,9,10,10,13,23,30,23,47,33,53,51,60,46,63,66,96,112,97,102,160,169,198,197,200,222,241,308,314,337,424,448,516,507,585,664,678,755,899,952,970,1184,1164,1326,1388,1478,1622,1671,1715,1926,2063,1978,2204,2278,2190,2357,2292,2360,2237,2360,2290,2378,2271,2303,2247,2296,2147,2214,2273,2146,2249,2164,2075,2109,1967,2009,2046,1993,1756,1807,1597,1621,1406,1327,1231,1179,1070,912,934,788,733,698,674,585,502,498,453,378,400,322,282,269,159,184,222,137,129,137,99,98,74,95,85,70,42,35,33,38,33,28,12,25,11,13,14,20,14,13,8,10,11,6,4,4,4,2,8,0,1,3,3,0,0,7,0,0,0,0,4,2,0,0,1,0,0,0,0,1,0,1,1,1,0,2,0,0,0,0,0,0,0,0,0,0,0,0,0,0,1,0,0,0,0,0,0,0,0,0,0,0,0,0,0,0,0,0,0,0,0,0,0,0,0,0,0,0,0,0,0,0,0,1,0,0,0,0,0,0,0,0,0,0,0,0,0,0,0,0,0,0,0,0,0,0,0,0,0,0,0,0,0,0,0,0,0,0,0,0,0,0,0,0,0,0,0,0,0,0,0,0,0,0,0,0,0,0,0,0,0,0,0,0,0,0,0,0,0,0,0,1,0,0,0,1}
Count:   0.1   0.1   0.1   0.1   0.1   0.1   0.1   0.1   4.9   5.5   5.5   5.2   4.3   3.4   2.0   1.1   1.1   0.6   0.1   0.2   0.1   0.1   0.1   0.1   0.1   0.1   0.1   0.1   0.2   0.1   0.1   0.1   6.2   5.9   5.8   5.5   5.0   4.6   4.5   3.4   2.9   1.2   0.2   0.1   0.1   0.1   0.1   0.1   0.1   0.1   0.3   6.0   5.8   5.6   5.2   4.4   4.3   2.6   2.3   1.4   0.6   0.1   0.1   0.1   0.1   0.1   0.1   0.1   0.1   0.1   0.2   0.1   0.1   0.1   1.6   5.8   6.7   5.8   6.0   4.6   4.9   4.1   3.6   2.6   0.6   0.1   0.2   0.2   0.1   0.1   0.1   0.1   0.1   2.0   5.7   5.9   5.8   4.9   4.3   3.9   3.1   2.3   1.4   0.5   0.1   0.1   0.1   0.1   0.1   0.1   0.1   0.1   1.6   6.0   5.6   5.0   4.5   4.0   3.3   2.5   1.4   1.1   0.4   0.1   0.1   0.1   0.2   0.1   0.1   0.1   0.1   0.1   0.1   0.1   0.1   0.1   3.1   5.9   5.2   5.4   4.9   5.1   4.1   3.7   2.9   2.2   0.1   0.1   0.1   0.1   0.2   0.1   0.1   0.1   0.1   3.3   5.9   5.6   5.0   5.1   4.3   3.7   2.5   2.0   1.5   0.2   0.1   0.1   0.1   0.1   0.1   0.1   0.2   0.1   3.3   6.1   5.5   5.3   4.4   4.0   3.1   2.2   1.4   1.0   0.3   0.1   0.1   0.1   0.1   0.1   0.1   0.1   0.1   0.2   0.1   0.1   0.1   0.1   4.5   5.3 
B: 29.4 25.4 31.6 28.5 30.8 28.4 31.3 26.2 43.9 41.4 42.2 41.2 39.4 36.4 33.2 31.1 32.7 33.5 31.1 29.9 28.8 24.8 31.4 28.3 29.6 30.3 30.2 27.3 27.6 27.9 27.7 30.9 42.3 41.8 42.8 42.6 40.8 40.6 39.3 36.5 35.0 34.2 31.4 25.7 30.1 29.5 32.4 25.5 33.5 28.9 34.7 42.5 42.1 42.0 41.8 40.1 37.2 35.3 32.1 31.6 32.5 24.8 28.1 27.0 28.8 30.4 27.4 29.3 28.4 24.8 27.4 27.6 28.0 31.5 43.6 41.7 42.9 41.8 42.6 41.5 40.2 38.2 36.0 33.3 32.2 30.6 26.5 29.7 32.1 30.4 26.7 29.3 28.7 48.6 42.8 42.5 42.8 40.7 38.7 36.4 33.5 32.3 32.5 34.7 29.6 28.3 30.1 28.0 28.6 29.3 23.7 29.1 41.3 43.0 42.8 41.4 40.1 38.1 35.7 33.6 31.5 31.0 34.4 28.1 28.5 25.7 28.4 29.5 23.9 26.0 28.5 31.1 27.9 27.3 24.9 27.1 42.6 42.2 41.1 41.4 41.1 41.1 37.9 36.1 34.7 33.7 38.8 32.0 30.1 26.5 27.0 30.8 28.3 26.4 29.8 45.2 43.5 42.8 42.2 40.7 38.9 36.2 33.1 31.5 30.0 41.2 28.9 30.3 27.3 26.0 32.0 28.6 26.7 28.2 44.8 42.7 41.0 41.0 39.7 38.5 36.3 31.3 30.1 29.9 30.9 27.2 27.0 26.3 27.0 27.2 28.2 29.1 30.1 26.1 25.5 27.5 28.2 28.0 42.9 41.4 
Direction:  n n n n n n n n {40 140} {47 133} {47 133} {42 138} {45 135} n n n n n n n n n n n n n n n n n n n {43 137} {45 135} {43 137} {43 137} {42 138} {41 139} {41 139} {44 136} n n n n n n n n n n n {41 139} {45 135} {42 138} {47 133} {41 139} {46 134} n n n n n n n n n n n n n n n n n n {43 137} {48 132} {47 133} {44 136} {47 133} {44 136} {44 136} {44 136} n n n n n n n n n n n {44 136} {43 137} {47 133} {42 138} {42 138} {43 137} n n n n n n n n n n n n n {44 136} {43 137} {43 137} {43 137} {45 135} {44 136} n n n n n n n n n n n n n n n n n n {43 137} {43 137} {42 138} {45 135} {44 136} {47 133} {45 135} n n n n n n n n n n n {40 140} {43 137} {42 138} {42 138} {44 136} {42 138} {41 139} n n n n n n n n n n n n {43 137} {46 134} {41 139} {45 135} {41 139} {44 136} n n n n n n n n n n n n n n n n n n {46 134} {42 138}

54.9: Count:   2.2 (  2.5) A:  22.4 [18-46] B:  41.5 [18-104] Phase: 100% 140 (15.4) Direction:  {45 135}
Phase: {0,0,0,0,0,0,0,0,0,0,0,0,0,0,0,0,0,0,0,0,0,0,0,0,0,0,0,0,0,0,1,0,0,0,0,0,0,0,0,0,0,0,0,0,0,0,1,0,0,0,0,0,1,0,0,0,1,0,2,0,0,0,0,1,1,0,0,1,0,3,7,4,6,4,4,3,2,9,1,9,16,18,10,10,3,22,11,20,17,26,31,22,41,51,49,58,76,83,109,107,114,149,149,173,224,232,252,318,377,415,435,540,594,705,783,876,853,1227,1235,1396,1473,1697,1698,1915,2115,2214,2410,2362,2530,2540,2519,2841,2787,2882,2870,3028,3125,3232,3222,3319,3298,3232,3217,3106,3122,3080,2937,2743,2615,2575,2515,2424,2277,2238,1941,1891,1902,1854,1779,1633,1448,1316,1204,1128,1004,808,813,657,536,527,437,432,284,327,253,200,191,156,135,129,151,80,89,68,66,58,36,45,53,29,29,24,19,12,15,13,12,13,7,16,0,8,6,1,5,2,3,2,2,0,0,1,4,2,2,0,0,3,1,0,0,1,0,3,0,1,0,0,0,0,0,1,0,0,0,2,0,0,0,0,0,0,0,0,0,0,0,0,0,0,0,0,1,0,0,0,0,0,0,0,0,0,0,1,0,0,0,1,0,0,0,0,0,0,0,0,0,0,0,0,0,0,0,0,0,0,0,1,0,0,0,0,0,0,0,0,0,0,0,0,0,0,0,0,0,0,0,0,0,0,0,0,1,0,0,0,0,0,0,0,0,0,0,0,0,0,0,0,0,0,0,0,1,0,0,0,0,0,0,0,0,0,0,0,0,0,1,0,0,0,0,0,0,0,0,0,0,0,0,0}
Count:   0.1   0.1   0.1   0.1   0.1   0.1   0.1   0.1   5.8   6.3   6.2   6.1   4.9   4.2   3.1   1.9   1.5   0.8   0.1   0.1   0.1   0.0   0.1   0.1   0.1   0.1   0.1   0.1   0.1   0.1   0.1   0.1   6.8   6.6   6.4   6.4   5.6   5.5   5.4   4.4   3.4   1.6   0.1   0.1   0.1   0.1   0.1   0.1   0.1   0.1   0.2   6.6   6.5   5.9   5.8   5.8   5.1   3.1   3.3   1.9   0.8   0.1   0.1   0.1   0.1   0.0   0.1   0.1   0.1   0.1   0.1   0.1   0.1   0.1   1.7   6.7   7.2   6.2   6.8   5.5   5.6   4.8   4.2   3.7   0.9   0.1   0.1   0.1   0.1   0.1   0.1   0.1   0.1   1.8   6.3   6.3   6.7   5.5   5.4   4.4   4.3   2.9   2.3   0.6   0.1   0.1   0.1   0.1   0.1   0.1   0.1   0.1   1.6   6.7   6.2   5.7   5.6   4.6   4.2   3.3   2.3   1.5   0.5   0.1   0.1   0.1   0.1   0.1   0.1   0.1   0.1   0.1   0.1   0.1   0.1   0.1   3.5   6.3   5.9   5.5   6.0   5.7   4.9   4.6   3.5   2.7   0.1   0.1   0.1   0.1   0.1   0.1   0.1   0.1   0.1   3.4   6.5   6.6   5.5   5.9   5.1   4.4   3.3   2.8   2.1   0.1   0.1   0.1   0.1   0.1   0.1   0.1   0.1   0.1   3.3   7.1   6.2   6.0   5.7   4.8   4.0   2.9   2.0   1.4   0.2   0.1   0.1   0.1   0.1   0.1   0.1   0.1   0.1   0.1   0.1   0.1   0.1   0.1   4.7   5.9 
B: 27.6 27.8 32.0 25.4 33.4 29.2 29.3 26.8 46.1 44.1 44.2 43.5 41.1 38.9 35.0 33.8 33.1 33.2 26.8 30.4 25.6 24.4 31.7 30.1 28.6 28.9 27.4 29.3 30.2 28.1 29.6 31.6 42.9 43.3 44.7 45.1 42.9 42.7 41.0 39.0 36.6 36.9 27.9 27.5 28.2 32.5 36.2 31.2 31.5 26.4 31.3 44.2 43.8 44.0 44.2 42.0 39.2 36.4 35.4 33.1 32.1 30.4 30.5 28.1 27.0 28.9 27.1 34.3 27.4 29.9 31.8 26.0 31.5 29.0 45.9 43.9 43.8 44.2 45.2 43.8 42.1 41.2 37.6 36.6 35.1 35.1 26.9 30.3 30.6 28.5 28.3 31.3 27.4 46.6 44.0 43.7 45.5 43.0 41.0 38.5 36.7 34.7 33.6 37.3 32.2 28.4 25.8 29.3 32.8 26.3 26.0 32.7 42.7 44.5 44.6 43.3 41.0 40.2 38.2 36.9 33.5 33.6 34.9 32.1 29.1 30.6 26.8 30.1 28.0 30.8 26.6 30.0 28.9 30.2 29.6 30.6 43.7 43.4 42.0 43.9 42.8 42.6 40.7 39.3 38.2 35.8 40.9 27.7 30.1 24.8 29.1 29.2 29.7 26.2 27.8 44.9 44.7 44.5 43.8 42.9 41.4 38.0 35.0 36.1 31.2 39.2 30.0 30.3 27.6 28.1 27.5 29.0 29.8 27.4 45.8 45.1 42.5 43.9 42.0 40.1 38.0 33.5 33.2 31.3 35.7 29.3 27.3 30.0 28.0 25.8 25.6 29.4 29.3 30.1 27.8 30.3 29.8 27.8 43.3 42.5 
Direction:  n n n n n n n n {42 138} {44 136} {45 135} {47 133} {45 135} {44 136} {40 140} n n n n n n n n n n n n n n n n n {44 136} {45 135} {45 135} {44 136} {44 136} {44 136} {46 134} {44 136} {45 135} n n n n n n n n n n {47 133} {44 136} {43 137} {44 136} {44 136} {44 136} {45 135} {45 135} n n n n n n n n n n n n n n n n {44 136} {45 135} {46 134} {44 136} {45 135} {45 135} {45 135} {44 136} {44 136} n n n n n n n n n n {44 136} {44 136} {44 136} {45 135} {44 136} {47 133} {46 134} n n n n n n n n n n n n {45 135} {45 135} {47 133} {47 133} {46 134} {45 135} {46 134} n n n n n n n n n n n n n n n n {44 136} {44 136} {45 135} {44 136} {46 134} {47 133} {44 136} {43 137} {41 139} n n n n n n n n n n {45 135} {43 137} {47 133} {44 136} {44 136} {45 135} {46 134} {48 132} n n n n n n n n n n n {44 136} {46 134} {44 136} {44 136} {44 136} {46 134} {45 135} n n n n n n n n n n n n n n n n n {44 136} {44 136}

55.0: Count:   2.5 (  2.9) A:  22.7 [18-48] B:  43.2 [18-111] Phase: 100% 140 (13.0) Direction:  {45 135}
Phase: {0,0,0,0,0,0,1,0,0,0,0,0,0,0,0,0,0,1,0,0,0,0,0,0,0,0,0,0,0,0,0,0,0,0,1,0,0,0,0,0,0,0,0,0,0,0,0,0,1,0,0,0,0,0,0,0,0,0,0,0,0,1,0,0,0,0,1,0,0,0,0,2,0,0,0,0,1,2,2,5,1,3,5,5,2,6,5,8,10,9,25,16,15,30,36,23,41,50,53,59,82,89,82,105,114,165,199,225,280,308,321,473,517,557,624,819,877,1039,1165,1163,1425,1521,1673,1779,2030,2307,2467,2559,2749,2938,3203,3268,3486,3779,3806,3934,3980,4284,4353,4394,4330,4513,4288,4341,4388,3937,3971,3748,3574,3290,3156,3002,2714,2579,2224,2267,1927,1915,1740,1594,1364,1286,1204,954,897,755,697,575,497,382,369,323,272,225,203,141,137,108,80,62,70,42,44,47,41,24,17,17,8,13,11,8,14,4,5,1,8,9,5,3,2,4,0,1,0,2,0,1,1,0,1,1,1,1,0,2,0,1,0,0,0,0,0,0,0,0,0,0,0,0,0,0,0,0,0,0,0,0,0,0,0,0,0,0,0,1,0,0,0,0,1,0,0,0,0,0,0,0,0,0,0,0,0,0,0,0,0,1,0,0,0,0,0,0,0,0,0,0,0,0,0,0,1,0,0,0,0,0,0,0,0,0,0,0,0,0,0,0,0,0,0,0,0,0,0,0,0,0,0,0,0,0,0,0,0,0,0,0,0,0,0,0,0,0,0,0,0,0,0,0,0,0,0,0,0,0,0,0,0,0,0,0,0,0,0,0,0,0,0,0,0,0,0,0,0,0,0,0,0,0}
Count:   0.1   0.1   0.1   0.1   0.1   0.1   0.1   0.0   6.2   6.9   6.7   6.8   5.6   5.3   3.7   2.4   2.0   1.2   0.0   0.1   0.1   0.0   0.1   0.1   0.1   0.1   0.1   0.0   0.1   0.0   0.1   0.1   7.4   6.9   7.0   7.2   6.3   6.2   6.2   5.1   4.2   1.8   0.1   0.1   0.1   0.1   0.1   0.1   0.1   0.0   0.2   7.2   7.2   6.7   7.1   6.3   5.6   4.4   3.9   2.6   0.9   0.0   0.1   0.1   0.1   0.0   0.1   0.1   0.1   0.1   0.1   0.1   0.1   0.1   1.9   7.3   7.6   7.1   7.6   6.2   6.4   5.5   5.3   4.4   1.1   0.1   0.0   0.1   0.1   0.1   0.1   0.1   0.1   1.8   7.0   7.1   7.4   6.5   6.2   4.9   5.2   3.6   2.6   0.7   0.1   0.1   0.0   0.1   0.0   0.1   0.1   0.1   1.5   6.9   7.3   6.4   6.6   5.3   4.9   4.0   3.4   1.9   0.7   0.1   0.1   0.1   0.1   0.0   0.1   0.1   0.1   0.1   0.1   0.0   0.1   0.1   4.0   7.0   6.2   6.4   6.6   6.4   6.1   5.4   4.9   3.5   0.1   0.1   0.1   0.1   0.1   0.1   0.1   0.1   0.1   3.7   7.3   7.3   6.4   7.1   5.8   5.2   4.6   3.4   2.3   0.1   0.1   0.1   0.1   0.1   0.1   0.0   0.0   0.1   3.1   7.7   6.9   6.8   6.5   5.6   5.0   3.6   2.4   1.8   0.2   0.1   0.1   0.1   0.1   0.1   0.0   0.1   0.1   0.1   0.1   0.1   0.0   0.1   5.1   6.8 
B: 33.2 28.4 30.8 28.7 29.6 29.2 34.4 31.5 46.9 45.9 44.8 45.8 43.5 41.2 37.1 34.4 33.9 34.2 30.5 33.0 24.6 29.0 30.6 30.3 31.1 29.8 32.3 31.0 34.1 29.8 24.1 32.3 45.1 45.5 46.1 46.5 44.9 44.9 43.1 40.6 38.7 38.6 30.2 28.4 29.5 29.1 30.7 29.6 31.2 35.5 34.9 46.7 46.0 45.9 45.9 44.6 42.4 39.2 38.4 35.8 35.4 36.0 27.4 28.8 28.5 32.0 30.7 26.7 33.1 28.6 34.5 32.8 30.0 32.7 46.4 45.4 45.0 46.0 46.1 45.3 43.8 43.1 40.0 39.0 36.9 28.5 26.9 30.9 31.7 36.8 29.3 27.7 31.9 45.0 44.7 46.1 46.6 44.6 43.6 40.6 40.1 37.1 35.6 36.7 29.6 26.8 26.3 28.9 34.7 29.1 25.7 28.9 42.5 45.9 46.2 45.7 43.2 42.3 40.6 37.8 36.2 34.1 35.1 28.5 30.9 28.5 27.6 35.6 28.9 27.1 28.1 29.7 29.6 31.1 30.5 31.8 45.8 45.0 43.7 45.0 44.7 43.3 43.2 41.6 39.6 37.0 36.2 27.5 28.3 26.5 27.3 28.9 30.6 27.0 31.0 46.2 46.1 45.5 44.6 44.1 42.2 40.6 38.1 37.3 34.2 38.9 33.1 30.9 23.0 27.7 29.4 25.0 29.4 30.0 46.4 46.9 45.1 45.3 44.2 42.4 39.3 37.3 35.2 32.9 39.2 28.2 31.0 28.6 28.8 25.9 33.2 32.7 31.1 30.4 28.6 29.1 27.7 24.7 45.3 45.3 
Direction:  n n n n n n n n {43 137} {45 135} {45 135} {45 135} {44 136} {46 134} {45 135} n n n n n n n n n n n n n n n n n {45 135} {45 135} {47 133} {45 135} {45 135} {45 135} {45 135} {46 134} {43 137} n n n n n n n n n n {44 136} {46 134} {44 136} {44 136} {47 133} {45 135} {44 136} {42 138} {43 137} n n n n n n n n n n n n n n n {46 134} {45 135} {46 134} {45 135} {45 135} {43 137} {45 135} {45 135} {43 137} n n n n n n n n n n {45 135} {46 134} {46 134} {46 134} {44 136} {44 136} {43 137} {43 137} n n n n n n n n n n n {45 135} {44 136} {45 135} {44 136} {45 135} {45 135} {43 137} {47 133} n n n n n n n n n n n n n n n {44 136} {45 135} {44 136} {46 134} {44 136} {45 135} {45 135} {44 136} {47 133} {44 136} n n n n n n n n n {44 136} {44 136} {45 135} {46 134} {47 133} {47 133} {46 134} {44 136} {44 136} n n n n n n n n n n {44 136} {46 134} {44 136} {46 134} {46 134} {46 134} {47 133} {44 136} n n n n n n n n n n n n n n n n {45 135} {44 136}

55.1: Count:   2.9 (  3.3) A:  23.1 [18-53] B:  43.8 [18-110] Phase: 100% 140 (12.7) Direction:  {45 135}
Phase: {0,1,0,0,0,0,0,0,0,0,0,0,0,0,0,0,0,0,0,0,0,0,0,0,0,0,0,0,0,0,0,0,0,0,0,0,0,1,0,0,0,0,1,0,0,0,0,2,0,0,0,0,0,0,0,0,0,0,2,0,1,0,0,0,0,0,0,1,1,2,3,0,3,2,2,6,2,8,4,9,10,10,8,10,13,17,17,23,17,34,39,39,41,51,57,65,84,93,113,92,124,142,174,193,237,254,299,289,385,461,460,593,630,728,732,901,1001,1165,1216,1311,1578,1646,1861,1905,2236,2327,2664,2774,3150,3227,3443,3848,3851,4162,4141,4599,4578,4924,4817,5100,5071,5212,5031,4736,4845,4573,4456,4377,4224,3869,3500,3217,3173,3063,2554,2444,2196,2059,1902,1745,1541,1350,1334,1253,1030,942,826,730,632,556,530,477,349,348,300,233,248,223,175,136,120,96,96,91,73,59,64,45,27,33,21,18,28,13,12,21,17,5,5,3,9,5,4,7,1,5,1,3,4,1,6,1,3,0,0,0,0,0,0,3,0,0,0,0,0,0,0,0,0,0,0,0,0,0,0,0,0,2,0,0,0,0,0,0,0,0,0,0,0,0,0,0,0,0,0,0,0,0,0,0,0,0,0,0,0,0,0,0,0,0,0,0,0,0,0,0,0,0,0,0,0,0,0,0,0,0,0,0,0,0,0,0,0,0,0,0,0,0,0,0,0,0,0,0,0,0,0,0,0,0,0,0,0,0,0,0,0,0,0,0,0,0,0,0,0,0,0,0,0,0,0,0,0,0,0,0,0,0,0,0,0,0,0,0,0,0,0,0,0,0,0,0,0,0,0,0,0,0,0,0}
Count:   0.0   0.0   0.1   0.1   0.0   0.1   0.1   0.1   7.0   7.9   7.3   7.9   6.3   6.2   4.3   3.1   2.4   1.3   0.1   0.1   0.0   0.1   0.1   0.0   0.1   0.1   0.1   0.1   0.1   0.1   0.1   0.1   8.2   7.8   7.8   7.8   7.3   6.9   7.1   5.9   5.2   2.1   0.1   0.1   0.1   0.1   0.1   0.1   0.1   0.1   0.1   7.9   8.1   7.6   7.8   7.3   6.7   5.8   4.6   3.2   1.0   0.1   0.1   0.1   0.0   0.0   0.1   0.1   0.1   0.1   0.1   0.1   0.0   0.1   2.3   8.0   8.3   7.7   8.4   7.1   7.1   6.3   6.1   5.1   1.5   0.1   0.1   0.1   0.1   0.1   0.1   0.0   0.0   1.8   8.1   8.0   8.0   7.3   7.4   5.9   6.0   4.2   3.3   0.6   0.1   0.1   0.1   0.1   0.1   0.0   0.1   0.1   1.4   7.7   8.2   7.4   7.4   6.4   5.9   4.9   4.0   2.6   0.9   0.1   0.1   0.1   0.1   0.1   0.1   0.1   0.1   0.1   0.1   0.1   0.1   0.1   4.1   8.2   7.3   7.5   7.3   7.1   7.0   6.5   5.8   4.4   0.1   0.1   0.1   0.1   0.1   0.1   0.1   0.1   0.1   3.7   8.2   8.2   7.5   8.0   6.8   6.2   5.2   4.2   3.1   0.2   0.1   0.1   0.1   0.1   0.1   0.1   0.1   0.1   3.7   8.7   7.9   7.9   7.1   6.6   5.7   4.6   3.0   2.4   0.2   0.1   0.1   0.1   0.1   0.1   0.1   0.1   0.1   0.1   0.1   0.1   0.1   0.1   6.2   8.0 
B: 29.8 26.3 36.4 26.7 30.7 28.4 29.2 30.0 47.5 45.4 44.7 46.1 44.3 42.7 37.6 35.8 34.4 32.7 28.6 28.2 26.0 28.4 23.7 31.4 28.7 29.8 35.6 31.5 26.2 26.8 28.2 33.3 46.7 46.5 46.3 47.1 46.1 45.2 44.8 42.3 39.3 38.4 30.4 24.1 29.7 26.8 29.4 26.3 25.0 29.0 31.7 47.1 46.8 46.2 46.7 45.7 43.7 41.1 38.8 35.9 34.8 31.6 28.4 28.3 26.7 26.1 26.7 29.3 28.5 32.6 34.5 30.4 25.1 28.2 47.6 44.7 45.5 45.7 46.9 45.8 45.0 43.5 41.3 39.5 38.2 28.3 29.1 27.6 32.5 26.0 30.4 33.2 27.8 44.1 45.0 46.6 46.2 46.2 43.9 41.9 40.8 37.7 36.5 34.3 28.3 29.9 26.3 28.2 29.5 30.4 24.6 25.8 42.0 45.7 47.0 46.1 44.5 43.4 42.3 39.2 37.6 33.9 34.5 31.3 33.9 29.2 25.8 28.3 27.7 25.8 26.9 28.5 25.6 27.9 27.9 29.2 46.0 45.7 43.6 45.9 45.0 45.6 44.3 42.6 41.1 36.5 34.2 28.0 27.7 30.4 24.1 32.4 25.6 25.0 30.5 47.7 46.4 46.2 45.4 45.0 44.0 42.2 39.7 37.8 35.0 33.1 29.4 26.7 27.0 27.3 27.1 27.7 31.0 26.6 45.5 46.2 45.7 45.5 45.1 42.7 40.3 38.4 33.5 33.7 35.5 27.3 26.5 26.8 27.7 32.0 25.7 25.8 28.1 26.9 27.4 27.1 25.0 24.6 45.1 46.0 
Direction:  n n n n n n n n {45 135} {44 136} {44 136} {44 136} {45 135} {43 137} {44 136} {46 134} n n n n n n n n n n n n n n n n {46 134} {44 136} {45 135} {46 134} {45 135} {44 136} {44 136} {44 136} {45 135} n n n n n n n n n n {45 135} {45 135} {45 135} {44 136} {45 135} {44 136} {46 134} {48 132} {45 135} n n n n n n n n n n n n n n {43 137} {46 134} {46 134} {46 134} {44 136} {44 136} {44 136} {42 138} {46 134} {45 135} n n n n n n n n n n {45 135} {45 135} {44 136} {47 133} {46 134} {45 135} {45 135} {42 138} {44 136} n n n n n n n n n n {45 135} {45 135} {46 134} {45 135} {45 135} {47 133} {44 136} {46 134} n n n n n n n n n n n n n n n {46 134} {47 133} {45 135} {46 134} {46 134} {45 135} {44 136} {46 134} {45 135} {44 136} n n n n n n n n n {43 137} {44 136} {45 135} {44 136} {44 136} {45 135} {44 136} {44 136} {46 134} {43 137} n n n n n n n n n {45 135} {46 134} {45 135} {45 135} {44 136} {45 135} {42 138} {46 134} {45 135} n n n n n n n n n n n n n n n {45 135} {45 135}

55.2: Count:   3.2 (  3.6) A:  23.6 [18-54] B:  43.5 [18-143] Phase: 100% 140 (15.6) Direction:  {45 135}
Phase: {0,0,0,0,0,0,0,0,0,0,0,0,0,0,0,0,0,0,0,0,0,0,0,0,0,0,0,0,1,0,0,0,0,0,0,0,0,1,2,1,0,1,0,1,5,0,0,2,0,2,3,0,0,1,2,4,3,4,2,0,0,0,2,9,5,2,12,7,9,7,10,4,12,7,9,11,15,19,15,12,15,14,37,24,44,39,37,46,42,67,87,77,99,114,111,131,146,140,153,245,267,278,260,411,328,383,511,531,645,626,693,859,938,1061,1206,1402,1282,1628,1749,1809,1969,2185,2461,2551,2789,3013,3107,3275,3292,3702,3815,4136,4019,4335,4139,4646,4386,4824,4557,4608,4556,4570,4503,4636,4535,4256,4315,4096,4045,3872,3695,3364,3371,3393,2965,2831,2719,2504,2320,2237,2050,1711,1690,1557,1424,1246,1136,1037,865,837,732,760,584,534,506,462,355,332,297,235,290,211,173,167,126,102,105,87,95,103,48,44,44,33,33,23,24,27,27,17,7,25,15,17,14,8,4,12,4,4,1,3,4,5,4,0,1,1,2,0,2,0,0,3,0,0,0,0,0,0,1,0,0,0,0,0,1,1,0,0,0,0,0,0,0,1,0,0,0,0,0,0,0,0,0,0,0,0,0,0,0,0,0,0,0,0,0,0,0,0,0,0,0,0,0,0,0,0,0,0,0,0,0,0,0,0,0,0,0,0,0,0,0,0,0,0,0,0,0,0,0,0,0,0,0,0,0,0,0,0,0,0,0,0,0,0,0,0,0,0,0,0,0,0,0,0,0,0,0,0,0,0,0,0,0,0,0,0,0,0,0,0,0,0,0,0,0,0,0,0,0,0,0,0,0,0,0,0,0,0}
Count:   0.1   0.0   0.1   0.1   0.1   0.1   0.1   0.1   7.1   8.9   7.9   8.5   7.1   6.8   4.7   3.8   2.9   1.5   0.1   0.0   0.0   0.1   0.1   0.1   0.1   0.1   0.1   0.1   0.1   0.1   0.1   0.1   9.3   9.1   8.5   8.7   8.3   7.8   7.6   6.1   5.7   2.3   0.1   0.1   0.1   0.1   0.1   0.1   0.1   0.1   0.2   9.1   9.0   8.7   8.6   7.8   6.8   6.4   5.0   3.9   1.3   0.1   0.1   0.1   0.1   0.0   0.1   0.1   0.1   0.1   0.1   0.0   0.1   0.1   2.5   8.6   9.5   8.7   9.0   8.1   7.9   6.9   6.6   5.6   1.8   0.1   0.1   0.1   0.1   0.1   0.1   0.1   0.1   2.0   8.9   8.9   8.8   8.1   7.7   6.7   6.2   4.8   4.1   0.6   0.2   0.1   0.1   0.1   0.1   0.1   0.1   0.1   1.8   8.7   9.0   8.0   7.9   6.9   6.6   5.3   4.3   3.0   0.9   0.2   0.1   0.1   0.1   0.1   0.1   0.1   0.1   0.1   0.2   0.1   0.1   0.1   4.9   9.2   8.2   8.4   8.4   7.7   7.4   6.9   6.7   5.3   0.2   0.1   0.1   0.1   0.2   0.1   0.2   0.1   0.1   4.1   9.3   8.9   8.6   8.5   7.6   6.8   5.9   4.3   3.5   0.2   0.2   0.1   0.1   0.1   0.1   0.1   0.1   0.2   4.0   9.4   8.9   8.1   7.8   7.1   6.1   4.9   3.6   3.1   0.1   0.1   0.2   0.1   0.2   0.1   0.1   0.2   0.1   0.1   0.1   0.1   0.1   0.2   7.0   9.4 
B: 30.4 28.0 34.3 26.5 28.1 27.2 25.5 28.5 47.2 45.8 45.1 45.9 43.7 42.5 37.8 35.1 33.5 31.9 27.6 28.8 26.4 25.1 28.2 27.7 29.6 28.7 27.2 29.2 28.3 29.2 22.2 33.4 46.5 46.3 46.4 47.9 46.7 45.0 45.2 42.8 39.4 38.3 28.1 28.2 29.0 29.2 27.1 27.7 25.0 29.0 30.7 46.7 46.8 45.4 46.5 46.1 43.5 41.2 39.3 36.2 33.3 30.6 24.0 26.6 26.4 28.3 24.6 28.2 30.3 30.2 29.7 29.5 26.2 27.0 48.0 44.8 45.1 44.3 46.4 45.9 45.4 43.7 42.0 39.5 38.9 26.4 27.7 27.1 28.0 23.7 25.4 25.1 24.7 42.8 44.4 46.2 45.3 45.2 43.6 41.9 39.9 38.0 36.2 33.6 27.2 25.6 25.8 28.9 25.7 27.2 26.0 26.9 41.0 45.9 46.6 45.3 45.3 43.0 41.5 39.4 37.1 33.4 33.9 27.4 28.4 24.9 25.5 28.6 25.4 25.8 27.6 27.0 24.3 25.8 24.0 25.5 45.6 45.1 43.2 45.0 44.8 44.2 44.0 42.9 41.0 37.8 29.4 27.7 25.9 27.4 23.8 27.4 26.7 23.8 24.5 48.4 44.8 46.1 45.2 45.1 44.7 42.2 39.8 36.8 34.6 34.7 27.6 26.5 26.4 27.0 22.6 26.6 29.2 25.4 45.3 46.4 45.8 45.0 44.2 43.3 40.1 37.7 33.1 33.8 30.2 23.9 25.4 26.3 25.9 27.3 23.8 29.2 27.0 27.1 28.1 24.1 27.0 24.3 43.9 45.9 
Direction:  n n n n n n n n {43 137} {43 137} {47 133} {44 136} {44 136} {46 134} {41 139} {44 136} n n n n n n n n n n n n n n n n {43 137} {45 135} {42 138} {46 134} {43 137} {45 135} {43 137} {46 134} {44 136} n n n n n n n n n n {46 134} {44 136} {43 137} {45 135} {41 139} {45 135} {46 134} {45 135} {43 137} n n n n n n n n n n n n n n n {45 135} {44 136} {44 136} {43 137} {46 134} {45 135} {44 136} {44 136} {43 137} n n n n n n n n n n {44 136} {43 137} {43 137} {47 133} {42 138} {44 136} {43 137} {43 137} {42 138} n n n n n n n n n n {46 134} {45 135} {44 136} {46 134} {46 134} {45 135} {44 136} {45 135} n n n n n n n n n n n n n n n {44 136} {44 136} {48 132} {45 135} {46 134} {44 136} {46 134} {47 133} {47 133} {44 136} n n n n n n n n n {46 134} {44 136} {43 137} {43 137} {42 138} {42 138} {45 135} {42 138} {43 137} {42 138} n n n n n n n n n {43 137} {45 135} {43 137} {44 136} {44 136} {45 135} {43 137} {44 136} {46 134} n n n n n n n n n n n n n n n {46 134} {47 133}

55.3: Count:   3.3 (  3.8) A:  23.9 [18-56] B:  43.5 [18-111] Phase: 100% 139 (17.4) Direction:  {44 136}
Phase: {0,0,0,0,0,0,0,0,0,0,0,0,0,0,0,0,0,0,0,0,0,0,0,0,0,0,0,0,0,0,0,2,2,0,1,0,0,0,0,0,0,0,2,1,1,0,0,0,0,0,0,4,3,0,2,0,1,1,1,0,0,5,1,1,3,3,1,7,3,7,8,11,3,1,4,2,12,8,7,18,23,18,14,23,31,24,32,54,59,37,68,54,87,82,104,106,159,180,167,207,267,284,344,375,446,505,614,617,780,811,826,1015,1155,1318,1301,1546,1688,2028,2061,2268,2419,2609,2800,2912,3170,3296,3504,3570,3703,3800,3801,4060,3863,4057,3995,4291,4598,4335,4247,4311,4288,4332,4281,4183,4147,4210,4052,3794,3861,3583,3647,3396,3356,3336,2795,3005,2788,2715,2532,2510,2173,2043,2072,1798,1713,1607,1434,1332,1151,1115,934,944,810,630,574,517,457,404,354,262,284,226,226,177,149,121,125,100,94,91,70,62,34,47,22,24,42,14,16,9,11,9,6,3,11,9,4,6,3,4,4,5,1,6,0,2,3,1,1,0,1,1,2,3,0,0,0,0,0,0,0,0,0,0,0,0,0,0,0,0,0,0,0,0,0,0,0,0,0,0,0,0,0,0,0,0,0,0,0,0,0,0,0,0,0,0,0,0,0,0,0,0,0,0,0,0,0,0,0,0,0,0,0,0,0,0,0,0,0,0,0,0,0,0,0,0,0,0,0,0,0,0,0,0,0,0,0,0,0,0,0,0,0,0,0,0,0,0,0,0,0,0,0,0,0,0,0,0,0,0,0,0,0,0,0,0,0,0,0,0,0,0,0,0,0,0,0,0,0,0,0,0,0,0,0,0,0,0,0,0}
Count:   0.1   0.1   0.1   0.1   0.1   0.1   0.1   0.1   7.4   9.8   8.4   8.4   7.0   7.2   4.7   4.1   2.7   1.5   0.1   0.1   0.1   0.1   0.1   0.1   0.1   0.1   0.0   0.1   0.1   0.0   0.1   0.3   9.6   9.3   8.9   9.0   9.0   8.2   7.7   6.3   5.6   2.3   0.1   0.1   0.1   0.0   0.1   0.0   0.0   0.1   0.2   9.5   9.4   9.1   8.5   8.0   6.8   6.7   5.1   3.7   1.3   0.1   0.1   0.2   0.1   0.1   0.1   0.0   0.1   0.1   0.1   0.1   0.1   0.1   2.8   9.6   9.7   9.1   9.2   8.8   8.3   7.3   6.6   5.3   1.6   0.1   0.1   0.1   0.1   0.1   0.1   0.1   0.1   2.3   9.7   9.3   9.2   8.4   7.8   6.4   6.2   5.1   4.7   0.5   0.1   0.1   0.1   0.1   0.1   0.1   0.1   0.1   2.2   9.1   9.3   8.9   8.3   6.9   6.7   5.5   4.3   2.8   0.7   0.1   0.1   0.1   0.1   0.1   0.1   0.1   0.1   0.2   0.1   0.1   0.1   0.1   5.0   9.5   8.9   9.0   8.9   7.5   7.6   7.2   7.0   5.2   0.2   0.2   0.1   0.2   0.1   0.1   0.1   0.1   0.1   4.7   9.9   9.3   8.9   8.4   7.6   6.8   5.7   3.9   3.6   0.3   0.2   0.1   0.1   0.2   0.1   0.1   0.1   0.1   4.5   9.7   9.3   8.2   7.7   7.0   6.1   5.1   3.6   3.2   0.1   0.2   0.2   0.1   0.2   0.1   0.1   0.1   0.1   0.1   0.1   0.1   0.1   0.2   7.0   9.3 
A: 19.6 19.4 20.3 18.6 19.7 19.2 20.1 19.3 24.4 24.3 23.8 24.6 23.9 23.5 22.3 21.5 20.9 20.6 19.6 19.5 19.7 20.0 19.4 19.5 19.8 19.5 19.6 20.3 19.4 19.3 19.6 24.3 24.3 24.2 24.0 24.4 24.4 24.1 24.1 23.2 22.4 22.4 20.2 19.1 19.4 18.7 19.9 19.3 20.3 18.9 21.2 24.3 24.6 23.7 24.1 24.1 23.4 23.3 22.3 21.8 20.6 19.2 19.8 19.8 20.6 19.2 19.1 20.3 20.0 19.2 19.1 19.0 18.9 19.5 24.5 24.2 24.1 24.2 24.3 24.9 24.3 23.9 23.5 22.5 22.8 20.4 19.5 18.8 19.9 19.5 19.3 19.7 20.6 23.2 24.0 24.2 24.2 24.3 24.6 23.6 23.1 22.3 21.7 20.8 20.7 20.0 19.0 18.7 19.8 19.9 19.5 19.4 23.4 24.2 24.5 24.5 24.0 23.9 23.3 22.5 21.9 21.2 21.3 19.6 19.8 19.4 19.3 19.9 19.5 19.7 19.8 19.5 20.6 19.9 19.8 19.8 24.7 24.8 24.2 24.3 24.4 23.9 23.9 24.0 23.2 22.6 21.2 20.1 19.8 19.7 19.5 20.4 20.3 19.7 21.0 25.2 24.4 24.5 24.3 24.5 24.1 23.8 23.2 22.1 22.1 22.1 20.6 19.7 19.6 20.2 20.1 20.0 19.4 19.8 24.4 24.9 24.5 24.4 24.1 24.0 23.0 22.2 21.7 21.4 20.2 19.5 19.7 20.4 20.2 20.0 19.2 20.4 20.1 20.3 20.2 19.5 19.3 19.9 24.7 24.9 
B: 32.4 27.1 24.1 29.6 25.6 25.0 24.6 26.7 46.3 45.9 44.7 46.4 44.6 43.2 37.9 35.6 32.4 32.5 27.7 26.5 23.3 27.3 27.5 24.8 26.0 26.5 25.5 29.2 27.4 25.3 28.2 43.7 47.0 46.0 46.2 47.0 46.5 45.8 45.5 42.7 39.3 39.2 26.7 27.4 28.3 27.7 26.0 24.9 26.1 27.9 30.5 46.0 47.0 44.7 46.1 45.4 43.2 42.0 39.6 36.3 31.6 27.9 26.4 28.3 26.0 26.1 25.2 28.7 25.8 27.2 26.0 24.5 27.7 25.1 46.5 44.6 44.3 44.9 45.4 46.4 45.4 43.8 42.6 39.2 39.6 27.7 23.8 25.6 26.7 24.0 23.8 23.3 25.5 41.7 44.7 45.0 45.1 45.3 45.1 42.7 40.6 38.0 36.1 28.4 28.8 25.3 27.1 29.0 26.2 26.0 25.3 26.7 41.5 45.5 45.8 46.3 45.8 43.2 41.5 38.6 35.8 32.3 33.2 26.5 27.3 26.8 25.8 26.3 29.2 24.4 23.2 25.7 29.0 25.5 25.2 24.3 46.1 45.2 44.5 45.1 45.3 43.0 43.8 43.5 40.9 38.0 30.7 25.6 26.3 26.7 24.3 27.7 24.9 24.8 24.6 47.0 45.2 44.9 45.3 44.7 44.4 42.4 40.0 36.1 34.8 34.7 27.0 24.2 22.8 24.0 24.5 26.3 22.1 25.4 44.3 46.4 45.2 45.8 44.6 43.9 39.7 37.1 33.7 32.7 34.3 23.4 25.0 27.0 25.7 26.9 25.9 25.8 26.1 27.5 25.1 24.3 24.8 25.2 45.6 46.3 
Direction:  n n n n n n n n {43 137} {42 138} {44 136} {45 135} {44 136} {46 134} {41 139} {43 137} n n n n n n n n n n n n n n n n {43 137} {43 137} {45 135} {44 136} {44 136} {45 135} {47 133} {43 137} {47 133} n n n n n n n n n n {45 135} {45 135} {45 135} {47 133} {44 136} {44 136} {44 136} {43 137} {41 139} n n n n n n n n n n n n n n {43 137} {46 134} {45 135} {43 137} {43 137} {44 136} {49 131} {43 137} {46 134} {43 137} n n n n n n n n n n {43 137} {45 135} {43 137} {43 137} {41 139} {43 137} {44 136} {43 137} {41 139} n n n n n n n n n n {43 137} {42 138} {45 135} {46 134} {43 137} {43 137} {45 135} {44 136} n n n n n n n n n n n n n n n {44 136} {41 139} {41 139} {43 137} {45 135} {43 137} {43 137} {45 135} {43 137} {42 138} n n n n n n n n n {45 135} {43 137} {43 137} {45 135} {45 135} {43 137} {45 135} {46 134} {43 137} {46 134} n n n n n n n n n {44 136} {44 136} {43 137} {47 133} {46 134} {47 133} {43 137} {49 131} n n n n n n n n n n n n n n n n {46 134} {45 135}

55.4: Count:   3.1 (  3.6) A:  23.7 [18-54] B:  44.5 [18-113] Phase: 100% 140 (15.0) Direction:  {44 136}
Phase: {0,0,0,0,0,0,0,0,0,0,0,0,0,0,0,0,0,0,0,0,0,0,0,0,0,0,0,0,0,0,0,0,0,0,1,2,0,0,0,0,0,0,2,0,0,5,0,0,1,1,0,0,0,0,0,0,0,2,0,0,0,0,4,0,3,0,2,1,0,6,1,3,6,3,11,0,2,5,4,8,7,15,12,15,10,11,14,36,23,25,36,37,54,46,78,77,98,92,100,107,150,174,168,238,267,235,347,415,481,547,532,657,766,795,984,1161,1159,1461,1575,1679,1876,2000,2253,2498,2759,2901,3142,3303,3657,3772,3678,4153,4025,4451,4395,4445,4489,4546,4589,4786,4677,4737,4442,4583,4622,4601,4402,4123,4158,3973,3825,3714,3466,3318,2941,2864,2742,2549,2362,2207,2016,1687,1589,1455,1371,1234,1066,996,798,758,658,574,514,412,371,331,280,234,212,177,178,111,100,108,68,68,64,43,39,33,32,34,29,26,17,8,18,11,11,8,2,5,4,1,2,2,8,1,0,4,1,0,6,0,1,1,0,0,0,0,0,2,0,0,0,0,0,0,0,0,0,0,0,0,0,0,0,0,0,0,0,0,0,0,0,0,0,0,0,0,0,0,0,0,3,0,0,0,0,0,0,0,0,0,0,0,0,0,0,0,0,0,0,0,0,0,0,0,0,0,0,0,0,0,0,0,0,0,0,0,0,0,0,0,0,0,0,0,0,0,0,0,0,0,0,0,0,0,0,0,0,0,0,0,0,0,0,0,0,0,0,0,0,0,0,0,0,0,0,0,0,0,0,0,0,0,0,0,0,0,0,0,0,0,0,0,0,0,0,0,0,0,0,0,0,0,0,0,0,0}
Count:   0.0   0.0   0.1   0.0   0.0   0.1   0.0   0.1   7.5   9.2   8.3   7.8   6.9   6.9   4.0   3.0   1.9   0.8   0.1   0.0   0.0   0.0   0.1   0.1   0.1   0.1   0.1   0.1   0.1   0.1   0.0   0.2   9.4   9.3   8.4   8.9   8.3   7.9   6.8   5.9   5.0   1.9   0.1   0.1   0.0   0.1   0.1   0.0   0.0   0.0   0.1   9.1   9.0   8.8   7.9   7.7   6.3   6.4   4.3   3.5   0.9   0.1   0.1   0.1   0.1   0.0   0.1   0.0   0.0   0.1   0.1   0.1   0.1   0.1   2.8   9.3   9.0   9.0   8.4   8.4   8.3   7.1   5.8   4.8   1.4   0.1   0.1   0.1   0.1   0.0   0.1   0.1   0.1   2.1   9.6   8.9   8.9   8.0   7.4   6.5   5.7   4.4   3.3   0.3   0.1   0.1   0.1   0.1   0.1   0.1   0.1   0.1   2.1   8.6   8.7   8.4   7.6   6.6   6.2   4.9   3.8   2.0   0.5   0.1   0.1   0.1   0.1   0.1   0.1   0.1   0.1   0.1   0.1   0.1   0.1   0.1   5.1   9.5   9.2   8.9   8.7   6.9   7.2   7.0   6.3   4.1   0.1   0.1   0.1   0.1   0.1   0.1   0.1   0.1   0.1   4.4   9.8   8.7   8.6   7.8   7.5   6.4   5.0   3.4   3.0   0.2   0.2   0.1   0.1   0.1   0.1   0.1   0.1   0.1   4.3   9.4   9.2   8.2   7.9   6.6   5.5   4.1   3.2   2.2   0.1   0.1   0.1   0.1   0.1   0.0   0.1   0.1   0.1   0.1   0.1   0.1   0.1   0.1   7.3   9.4 
A: 19.5 19.1 19.6 19.2 19.0 18.3 20.8 19.3 24.6 24.5 23.7 24.1 23.9 23.2 22.0 21.2 20.4 20.6 19.5 18.4 21.0 20.2 19.2 19.3 19.4 19.8 19.1 20.0 20.6 19.1 19.4 21.2 23.9 24.1 23.9 24.1 23.8 24.1 23.6 22.9 21.9 22.1 19.3 18.6 21.6 19.6 19.4 18.8 21.5 18.4 19.8 24.4 24.2 23.6 23.8 23.9 23.3 23.1 22.1 21.3 20.8 19.0 20.0 20.3 19.6 20.7 19.8 19.4 18.9 19.6 19.6 19.0 19.1 19.3 25.6 24.1 23.6 24.2 24.1 24.4 24.1 23.9 23.4 22.3 22.6 20.6 20.3 19.5 19.1 19.4 20.3 20.6 18.8 23.3 23.9 23.9 24.2 24.0 24.0 23.3 23.1 22.0 21.6 20.8 20.3 18.7 19.0 19.4 19.8 19.1 20.0 19.5 23.9 23.6 24.5 24.6 23.9 24.0 23.1 22.3 21.7 21.2 21.9 20.2 19.6 19.4 19.2 20.0 19.5 19.3 19.2 20.0 19.5 19.1 20.7 19.3 24.6 24.5 23.9 24.2 24.2 23.7 23.7 23.7 23.0 22.2 22.2 21.4 19.1 20.2 19.0 22.0 20.4 19.9 19.1 25.3 24.6 23.9 24.2 24.5 23.8 23.9 23.2 21.5 21.6 20.7 19.2 19.0 19.5 20.3 20.0 20.2 19.8 19.9 23.9 24.3 24.3 24.2 24.0 23.9 22.7 22.3 21.5 21.0 22.4 19.4 20.1 20.2 19.0 19.2 20.0 19.5 19.7 19.5 20.5 19.4 19.8 19.6 24.3 24.4 
B: 28.5 29.2 25.3 28.0 23.7 23.3 27.5 28.2 47.6 48.1 46.4 46.0 45.4 44.6 38.2 36.3 33.3 34.2 28.9 30.4 27.6 28.2 23.6 26.8 32.4 25.8 28.1 29.8 26.6 23.6 29.5 36.6 46.8 47.3 46.3 46.6 46.4 46.9 44.7 43.1 39.8 39.7 29.4 28.2 28.3 31.5 28.6 23.1 28.0 24.3 30.3 47.5 47.1 46.0 46.6 46.5 44.6 43.3 39.7 37.3 33.2 25.9 27.5 31.0 28.2 27.8 26.7 28.2 26.3 25.0 26.9 26.7 26.0 27.9 50.0 46.3 44.4 46.4 46.5 47.2 45.9 45.1 43.0 40.1 39.8 29.7 25.7 26.5 25.4 23.6 27.6 27.4 22.6 43.1 45.6 45.4 46.0 45.8 45.0 43.9 42.4 38.7 36.1 32.7 26.1 24.0 24.2 28.9 24.4 26.0 26.1 26.6 45.7 45.2 46.4 47.3 46.6 44.6 42.5 39.5 36.3 33.6 36.0 24.3 27.9 26.2 24.4 27.8 27.1 27.1 28.9 24.6 25.4 27.7 27.7 25.7 47.1 46.1 45.3 45.5 46.0 43.3 43.8 43.9 41.7 39.0 34.0 27.0 25.9 24.8 23.6 27.1 27.8 25.7 23.4 48.2 46.5 44.4 46.0 45.9 45.4 43.3 41.2 35.7 35.4 33.4 24.1 27.9 23.8 24.7 24.4 27.0 24.3 24.9 44.8 46.3 46.2 45.6 45.1 44.2 40.7 38.3 34.2 32.5 33.4 28.4 29.3 28.2 27.6 23.7 24.9 27.1 25.9 27.6 28.1 25.8 25.6 24.8 46.0 45.9 
Direction:  n n n n n n n n {44 136} {45 135} {42 138} {45 135} {42 138} {43 137} {43 137} {42 138} n n n n n n n n n n n n n n n n {45 135} {45 135} {47 133} {42 138} {45 135} {42 138} {45 135} {46 134} {43 137} n n n n n n n n n n {46 134} {46 134} {47 133} {44 136} {43 137} {44 136} {45 135} {45 135} {41 139} n n n n n n n n n n n n n n {42 138} {46 134} {44 136} {44 136} {43 137} {45 135} {43 137} {45 135} {44 136} {44 136} n n n n n n n n n n {44 136} {46 134} {44 136} {46 134} {44 136} {46 134} {45 135} {43 137} {44 136} n n n n n n n n n n {44 136} {42 138} {44 136} {47 133} {44 136} {43 137} {42 138} {42 138} n n n n n n n n n n n n n n n {42 138} {46 134} {44 136} {46 134} {46 134} {45 135} {46 134} {44 136} {42 138} {48 132} n n n n n n n n n {44 136} {46 134} {45 135} {43 137} {44 136} {44 136} {45 135} {44 136} {43 137} n n n n n n n n n n {46 134} {44 136} {44 136} {47 133} {45 135} {41 139} {47 133} {43 137} {46 134} n n n n n n n n n n n n n n n {42 138} {45 135}

55.5: Count:   2.8 (  3.4) A:  23.3 [18-54] B:  45.3 [18-106] Phase: 100% 141 (11.9) Direction:  {45 135}
Phase: {0,0,0,1,0,0,0,0,0,0,0,0,0,0,0,0,0,0,0,0,0,0,0,0,0,0,0,0,0,0,0,0,0,0,0,0,0,0,0,0,0,0,0,0,0,0,0,0,0,2,0,0,0,0,0,0,1,0,0,0,0,0,0,0,0,0,0,0,0,0,0,2,0,0,3,0,2,0,0,6,0,2,4,2,5,3,0,8,15,5,6,7,7,13,14,15,37,23,38,42,27,56,55,61,77,71,150,121,153,172,249,266,374,424,450,592,613,864,903,1066,1173,1337,1585,1729,1883,2289,2687,2726,3106,3309,3651,3850,3960,4403,4524,4803,4961,5315,5135,5444,5319,5377,5469,5243,5077,5018,4818,4587,4447,4114,3916,3653,3322,3130,2603,2491,2340,1959,1821,1634,1275,1076,1114,975,847,734,602,528,406,352,285,250,215,197,148,140,115,92,62,66,57,43,37,30,42,25,17,8,7,14,6,11,6,3,6,3,1,0,6,2,1,4,0,2,0,2,0,0,0,0,1,0,0,0,1,0,0,0,0,0,0,0,0,0,0,0,0,0,0,0,0,0,0,0,0,0,0,0,0,0,0,0,0,0,0,0,0,0,0,0,0,0,0,0,0,0,0,0,0,0,0,0,0,0,0,0,0,0,0,0,0,0,0,0,0,0,0,0,0,0,0,0,0,0,0,0,0,0,0,0,0,0,0,0,0,0,0,0,0,0,0,0,0,0,0,0,0,0,0,0,0,0,0,0,0,0,0,0,0,0,0,0,0,0,0,0,0,0,0,0,0,0,0,0,0,0,0,0,0,0,0,0,0,0,0,0,0,0,0,0,0,0,0,0,0,0,0,0,0,0}
Count:   0.0   0.0   0.0   0.0   0.0   0.0   0.0   0.0   6.9   9.0   7.9   7.0   6.1   5.9   3.0   2.3   1.1   0.4   0.0   0.0   0.0   0.0   0.0   0.0   0.0   0.0   0.0   0.0   0.1   0.0   0.0   0.1   9.1   8.9   8.3   7.9   7.9   7.4   6.6   5.2   4.3   1.4   0.0   0.0   0.1   0.0   0.0   0.0   0.0   0.0   0.1   8.4   8.5   8.3   7.0   6.8   5.8   5.6   3.4   2.6   0.5   0.0   0.0   0.0   0.0   0.0   0.0   0.0   0.0   0.0   0.0   0.0   0.0   0.0   2.6   8.9   8.5   8.5   7.8   7.8   7.5   6.5   5.1   4.0   1.0   0.1   0.0   0.0   0.1   0.0   0.0   0.1   0.0   2.2   8.9   8.2   8.2   6.9   7.1   6.3   5.0   3.5   2.6   0.2   0.0   0.0   0.0   0.0   0.0   0.1   0.0   0.0   2.4   7.9   8.2   7.9   7.3   5.9   5.5   3.9   3.0   1.2   0.4   0.0   0.0   0.1   0.0   0.0   0.1   0.1   0.0   0.0   0.1   0.0   0.1   0.0   4.6   8.5   8.4   8.3   7.7   6.9   6.6   6.1   5.4   3.6   0.1   0.1   0.0   0.0   0.1   0.1   0.1   0.1   0.0   4.1   9.4   8.0   8.5   7.0   6.4   5.9   4.3   2.6   2.1   0.2   0.1   0.0   0.0   0.1   0.0   0.0   0.0   0.1   3.9   8.8   8.4   7.9   7.1   5.9   4.9   3.3   2.5   1.4   0.1   0.1   0.0   0.1   0.1   0.0   0.0   0.0   0.1   0.0   0.1   0.0   0.1   0.0   7.1   9.0 
B: 33.0 30.0 32.7 26.4 24.2 26.7 29.2 30.7 48.8 48.6 47.6 46.1 46.2 46.0 38.5 37.6 34.8 36.0 31.9 31.6 33.4 26.7 26.5 29.6 33.5 31.3 29.8 37.4 29.9 28.8 30.0 39.6 48.6 49.1 46.7 47.5 47.7 47.5 45.2 42.4 40.0 39.9 32.1 31.8 26.0 * 34.3 28.0 26.6 27.3 36.2 48.3 47.4 46.8 46.9 47.5 46.0 43.3 40.4 38.4 34.7 30.2 32.0 35.0 27.0 31.6 31.3 31.0 25.7 26.3 27.4 30.4 27.0 30.0 50.6 48.4 45.4 46.0 46.1 47.3 47.2 45.4 43.1 41.1 40.6 28.3 26.9 25.7 25.7 25.0 29.5 28.5 27.0 46.2 46.3 45.8 46.3 45.7 46.5 45.0 43.3 40.0 36.4 33.1 31.3 31.7 27.0 29.2 23.7 27.1 30.4 26.5 47.6 45.6 45.9 46.8 46.7 45.0 42.7 40.2 36.6 35.4 40.1 26.3 28.1 31.2 24.0 29.4 25.7 28.8 30.6 24.1 28.9 27.2 30.1 25.2 45.8 46.5 46.2 45.4 46.0 45.3 44.1 43.6 42.0 41.3 31.2 26.5 32.1 25.4 25.3 31.3 22.6 24.2 21.6 49.6 47.8 45.7 46.2 45.7 44.9 43.5 41.2 35.7 35.5 39.1 24.0 28.1 31.2 25.3 26.3 27.3 24.6 23.8 43.6 46.8 46.7 46.8 45.2 44.3 40.9 39.0 35.2 32.4 34.1 28.0 27.8 29.8 26.5 25.2 26.5 26.0 25.5 30.3 24.7 30.0 24.7 24.8 46.7 46.7 
Direction:  n n n n n n n n {45 135} {45 135} {43 137} {44 136} {44 136} {45 135} {45 135} n n n n n n n n n n n n n n n n n {44 136} {44 136} {46 134} {46 134} {42 138} {44 136} {45 135} {44 136} {44 136} n n n n*  n n n n n {45 135} {46 134} {45 135} {44 136} {44 136} {44 136} {44 136} {44 136} {42 138} n n n n n n n n n n n n n n {45 135} {44 136} {44 136} {44 136} {46 134} {45 135} {47 133} {44 136} {42 138} {45 135} n n n n n n n n n n {43 137} {44 136} {44 136} {45 135} {46 134} {45 135} {45 135} {45 135} {44 136} n n n n n n n n n {46 134} {44 136} {45 135} {44 136} {45 135} {44 136} {45 135} {45 135} {44 136} n n n n n n n n n n n n n n n {45 135} {44 136} {44 136} {44 136} {45 135} {46 134} {46 134} {47 133} {44 136} {47 133} n n n n n n n n n {46 134} {44 136} {44 136} {45 135} {44 136} {44 136} {47 133} {45 135} {44 136} n n n n n n n n n n {44 136} {46 134} {43 137} {44 136} {44 136} {43 137} {45 135} {43 137} n n n n n n n n n n n n n n n n {44 136} {45 135}

55.6: Count:   2.5 (  3.1) A:  22.9 [18-56] B:  44.9 [18-109] Phase: 100% 140 (11.6) Direction:  {44 136}
Phase: {0,0,0,0,0,0,0,0,0,0,0,0,0,0,0,0,0,0,0,0,0,0,0,0,0,0,0,0,0,0,0,0,0,0,0,0,1,0,0,0,0,0,0,0,0,0,0,0,0,0,0,0,0,0,0,0,0,0,0,0,0,0,0,0,0,0,1,0,0,0,0,0,0,0,0,0,0,0,0,0,0,1,4,0,0,1,4,0,3,4,3,8,3,2,10,2,9,11,14,16,25,38,27,56,55,79,74,124,114,136,207,169,285,280,381,459,548,670,706,898,961,1203,1389,1467,1821,2015,2279,2503,2827,3246,3328,3835,3884,4140,4361,4814,4644,4955,4893,5114,4953,4945,4888,4895,4689,4572,4247,4132,3993,3677,3479,3281,2964,2975,2426,2236,1951,1761,1539,1385,1117,1034,957,747,663,567,459,355,284,267,198,194,168,135,87,84,119,48,38,41,43,15,23,27,14,9,7,9,8,10,3,5,3,0,7,1,1,2,0,0,0,1,3,0,1,2,0,0,0,0,0,1,1,0,0,0,0,1,0,1,0,0,0,0,0,0,0,0,0,0,0,0,0,0,0,0,0,0,0,0,0,0,0,0,0,0,0,0,0,0,0,0,0,0,0,0,0,0,0,0,0,0,0,0,0,0,0,0,0,0,0,0,0,0,0,0,1,0,0,0,0,0,0,0,0,0,0,0,0,0,0,0,0,0,0,0,0,0,0,0,0,0,0,0,0,0,0,0,0,0,0,0,0,0,0,0,0,0,0,0,0,0,0,0,0,0,0,0,0,0,0,0,0,0,0,0,0,0,0,0,0,0,0,0,0,0,0,0,0,0,0,0,0,0,0,0,0,0,0,0}
Count:   0.0   0.0   0.0   0.0   0.0   0.0   0.0   0.0   6.5   7.9   7.1   6.4   5.5   5.4   2.5   1.8   0.8   0.2   0.0   0.0   0.0   0.0   0.0   0.0   0.0   0.0   0.0   0.0   0.0   0.0   0.0   0.1   8.5   8.4   8.0   6.9   7.3   7.2   5.9   4.2   3.4   1.1   0.0   0.0   0.0   0.0   0.0   0.0   0.0   0.0   0.2   8.2   7.6   7.6   6.8   6.1   4.8   4.9   2.7   1.9   0.3   0.0   0.0   0.0   0.0   0.0   0.0   0.0   0.0   0.0   0.0   0.0   0.0   0.0   2.6   8.4   7.9   7.5   7.0   7.0   6.7   5.9   4.6   3.8   0.8   0.1   0.0   0.0   0.0   0.0   0.0   0.1   0.0   2.2   8.4   7.5   7.6   5.8   6.2   5.6   4.6   2.9   1.9   0.3   0.1   0.0   0.0   0.0   0.0   0.0   0.0   0.0   2.1   7.0   7.0   7.6   6.9   5.4   4.8   3.0   2.4   1.0   0.2   0.0   0.0   0.0   0.0   0.0   0.0   0.0   0.0   0.0   0.1   0.1   0.0   0.0   4.4   7.8   7.9   8.1   7.3   6.6   6.0   5.6   4.6   3.0   0.1   0.0   0.0   0.0   0.0   0.0   0.0   0.1   0.0   3.8   8.6   7.1   7.7   6.3   6.0   4.9   3.8   1.9   1.4   0.1   0.0   0.0   0.0   0.0   0.0   0.1   0.0   0.1   3.9   7.9   7.8   7.1   6.8   5.4   4.4   2.8   2.3   1.2   0.1   0.1   0.0   0.0   0.0   0.0   0.0   0.0   0.0   0.0   0.1   0.0   0.0   0.1   6.6   7.8 
B: 33.0 25.3 * 28.0 * 27.5 26.5 31.3 48.0 46.9 47.3 44.3 45.2 44.6 38.4 38.5 34.9 37.5 27.0 31.7 26.4 35.0 * * 27.4 28.0 27.0 25.2 34.0 30.0 33.0 34.5 48.6 48.7 46.5 45.4 48.1 47.2 45.4 42.7 40.3 38.6 * 32.3 31.0 28.5 30.0 20.5 41.0 28.0 36.7 48.0 47.1 46.6 46.4 46.8 45.3 43.4 40.9 36.9 33.0 25.3 30.1 25.6 28.3 28.6 * 27.6 27.1 25.3 31.2 25.2 31.7 29.2 49.6 47.3 45.2 44.9 45.1 46.7 47.2 44.8 41.8 40.1 40.2 27.5 30.9 26.7 26.4 26.0 27.0 29.1 30.7 48.5 45.9 45.7 44.7 44.8 46.0 44.8 42.2 39.2 34.7 34.2 31.8 31.1 35.0 21.0 29.1 30.7 28.0 25.1 47.0 45.0 46.0 45.6 45.2 44.4 41.4 40.1 36.9 33.1 36.8 30.3 33.1 29.4 25.0 27.4 24.1 25.8 31.2 26.5 31.0 25.0 30.0 20.6 44.9 45.9 48.1 45.2 45.4 45.4 43.4 43.5 41.6 39.3 36.3 29.0 26.6 26.1 27.2 28.8 20.6 25.3 28.0 50.7 47.5 45.5 45.9 44.1 43.2 42.4 40.9 35.0 34.5 32.7 23.2 31.0 23.6 37.5 26.7 29.4 28.0 24.2 44.3 45.4 45.9 46.1 44.8 43.9 41.5 37.1 34.8 32.0 29.6 25.7 25.7 34.6 24.9 28.0 26.7 27.8 28.5 30.3 29.7 26.5 23.8 23.8 46.0 45.1 
Direction:  n n*  n*  n n n {43 137} {46 134} {43 137} {44 136} {45 135} {42 138} {42 138} n n n n n n n* *  n n n n n n n n {45 135} {43 137} {44 136} {45 135} {43 137} {44 136} {46 134} {43 137} {44 136} n*  n n n n n n n n {46 134} {45 135} {43 137} {43 137} {43 137} {46 134} {45 135} {42 138} n n n n n n n*  n n n n n n n {43 137} {46 134} {44 136} {43 137} {46 134} {46 134} {43 137} {44 136} {44 136} {44 136} n n n n n n n n n n {44 136} {45 135} {44 136} {46 134} {43 137} {43 137} {44 136} {44 136} n n n n n n n n n n {44 136} {44 136} {45 135} {43 137} {45 135} {45 135} {43 137} {43 137} {46 134} n n n n n n n n n n n n n n n {45 135} {45 135} {45 135} {43 137} {46 134} {43 137} {45 135} {43 137} {42 138} {43 137} n n n n n n n n n {44 136} {44 136} {44 136} {43 137} {45 135} {43 137} {47 133} {45 135} n n n n n n n n n n n {47 133} {43 137} {44 136} {45 135} {46 134} {44 136} {44 136} {45 135} n n n n n n n n n n n n n n n n {45 135} {44 136}

55.7: Count:   2.2 (  2.7) A:  22.5 [18-51] B:  43.4 [18-100] Phase: 100% 140 (11.8) Direction:  {44 136}
Phase: {0,0,0,0,0,0,0,0,0,0,0,0,0,0,0,0,0,0,0,0,0,0,0,0,0,0,0,0,0,0,0,0,0,0,0,0,0,0,0,0,0,0,0,0,0,0,0,0,0,0,0,0,0,0,0,0,0,0,0,0,0,0,0,0,0,0,0,0,0,1,2,4,0,0,2,1,1,4,2,3,2,0,1,3,6,7,4,7,10,6,12,19,18,16,30,29,34,21,36,43,68,61,69,93,127,130,171,192,250,252,277,310,367,390,500,533,579,794,836,929,1039,1149,1282,1481,1685,1826,1927,2243,2418,2717,2796,3034,3333,3776,3517,3726,3904,4385,4094,4467,4005,4347,4049,3974,4068,3847,3574,3398,3545,3017,2797,2679,2532,2306,1917,1971,1649,1428,1318,1128,1041,896,809,710,667,572,484,409,409,317,317,286,224,192,156,120,125,114,76,61,53,56,39,41,20,24,21,16,21,11,11,8,10,8,5,8,6,10,7,0,1,2,3,0,1,1,0,0,1,0,1,1,0,1,0,0,1,0,2,0,0,0,1,0,0,0,0,0,0,0,0,0,0,0,0,1,0,0,0,0,0,0,0,0,0,0,0,0,0,0,0,0,0,0,0,0,0,0,0,0,0,0,0,0,0,0,0,0,0,0,0,0,0,0,0,0,0,0,0,0,0,0,0,0,0,0,0,0,0,0,0,0,0,0,0,0,0,0,0,0,0,0,0,0,0,0,0,0,0,0,0,0,0,0,0,0,0,0,0,0,0,0,0,0,0,0,0,0,0,0,0,0,0,0,0,0,0,0,0,0,0,0,0,0,0,0,0,0,0,0,0,0,0,0,0,0,0,0,0,0}
Count:   0.0   0.0   0.0   0.0   0.0   0.0   0.0   0.0   6.0   6.8   6.5   5.5   5.1   4.5   2.1   1.3   0.5   0.2   0.0   0.0   0.0   0.0   0.0   0.0   0.0   0.0   0.0   0.0   0.0   0.0   0.0   0.1   7.7   7.2   6.7   6.1   6.0   6.0   5.5   3.6   2.8   1.1   0.0   0.0   0.0   0.0   0.0   0.0   0.0   0.0   0.5   7.6   6.4   7.0   5.9   5.4   4.5   4.0   2.2   1.7   0.3   0.0   0.0   0.0   0.0   0.0   0.0   0.0   0.0   0.0   0.0   0.0   0.0   0.0   2.4   7.9   7.0   6.8   5.8   6.3   6.2   5.3   3.7   3.0   0.6   0.0   0.0   0.0   0.0   0.0   0.0   0.0   0.0   2.2   7.6   7.0   6.3   4.9   5.6   5.0   3.6   2.5   1.3   0.2   0.0   0.0   0.0   0.0   0.0   0.0   0.0   0.0   2.2   6.3   6.5   6.4   5.9   4.8   3.9   2.6   2.1   0.9   0.2   0.1   0.0   0.0   0.0   0.0   0.1   0.0   0.0   0.0   0.0   0.0   0.0   0.0   4.1   6.7   7.6   6.8   6.4   5.5   4.9   4.8   3.7   2.3   0.1   0.1   0.0   0.0   0.0   0.0   0.0   0.0   0.0   4.0   7.1   6.7   7.0   5.9   4.9   4.3   3.2   1.9   1.2   0.1   0.0   0.0   0.1   0.0   0.0   0.0   0.0   0.1   3.9   7.0   7.0   6.3   6.2   4.2   3.8   2.4   1.9   0.7   0.1   0.1   0.0   0.0   0.0   0.1   0.0   0.0   0.0   0.0   0.0   0.0   0.0   0.1   6.0   7.0 
B: 23.5 34.5 29.0 26.4 19.0 20.0 26.0 35.3 47.0 45.3 45.3 42.8 43.6 42.9 36.6 36.0 30.8 36.8 27.0 39.8 * 23.0 31.2 29.7 28.2 19.0 25.0 39.0 21.0 26.0 31.0 33.3 45.5 46.8 44.3 44.5 45.5 45.9 44.1 41.3 39.1 37.0 31.0 30.5 31.1 26.2 32.0 26.0 30.0 24.5 47.7 45.7 44.1 45.6 43.9 44.7 42.8 41.8 38.3 35.9 34.5 31.1 29.0 21.5 28.5 27.2 25.5 21.2 22.0 28.6 * 29.3 25.4 18.0 49.4 45.9 44.4 44.5 44.4 45.2 45.0 43.3 40.8 39.1 38.0 31.3 27.7 26.1 21.8 22.0 28.0 25.1 37.2 47.5 45.3 44.6 43.3 43.2 44.0 43.0 40.2 37.8 32.8 33.2 33.8 23.0 28.0 22.0 29.8 29.3 28.6 29.7 46.2 43.2 43.8 44.0 44.2 43.2 39.6 38.5 34.5 31.3 39.5 26.7 27.0 25.4 26.2 26.0 29.3 24.1 31.4 21.6 25.1 24.0 24.5 29.7 45.5 43.7 47.1 44.6 43.0 43.6 42.4 40.7 40.3 37.1 32.8 29.2 24.7 29.1 26.0 25.5 19.8 27.4 26.1 49.1 45.3 43.7 44.7 43.0 42.4 40.0 38.3 35.7 32.7 28.8 22.5 29.8 24.1 29.5 30.1 28.7 24.3 27.2 45.1 44.1 44.8 43.9 44.1 39.8 38.9 36.7 34.2 29.5 32.9 25.4 22.2 28.8 30.5 30.6 27.0 24.4 23.7 27.6 26.6 24.9 24.0 24.1 44.7 43.9 
Direction:  n n n n n n n n {44 136} {43 137} {43 137} {44 136} {43 137} {43 137} {43 137} n n n n n*  n n n n n n n n n n n {45 135} {44 136} {43 137} {44 136} {45 135} {43 137} {44 136} {44 136} {41 139} n n n n n n n n n n {43 137} {43 137} {43 137} {44 136} {46 134} {43 137} {43 137} n n n n n n n n n n n n*  n n n {44 136} {47 133} {43 137} {44 136} {43 137} {44 136} {45 135} {46 134} {45 135} {45 135} n n n n n n n n n {43 137} {44 136} {43 137} {44 136} {43 137} {43 137} {44 136} {43 137} {46 134} n n n n n n n n n n {44 136} {45 135} {44 136} {45 135} {43 137} {44 136} {44 136} {44 136} n n n n n n n n n n n n n n n n {44 136} {44 136} {43 137} {44 136} {44 136} {43 137} {43 137} {44 136} {43 137} n n n n n n n n n n {44 136} {45 135} {44 136} {44 136} {46 134} {45 135} {45 135} {46 134} n n n n n n n n n n n {41 139} {45 135} {45 135} {44 136} {45 135} {43 137} {44 136} {47 133} n n n n n n n n n n n n n n n n {44 136} {44 136}

55.8: Count:   1.9 (  2.4) A:  22.2 [18-48] B:  41.3 [18-96] Phase: 100% 139 (14.0) Direction:  {44 136}
Phase: {0,0,0,0,0,0,0,0,0,0,0,1,0,0,0,0,0,0,0,0,0,0,3,0,0,0,0,0,0,0,0,0,0,0,0,0,0,0,0,0,0,0,1,0,0,0,3,1,0,1,6,0,1,2,0,6,0,5,2,5,1,2,4,2,0,4,3,2,6,6,7,6,9,9,7,11,18,9,13,12,16,20,15,28,25,30,30,35,37,34,69,52,65,102,78,110,91,126,95,150,170,172,189,223,264,313,309,321,434,362,455,507,563,583,743,748,760,970,1053,1087,1215,1296,1451,1556,1645,1819,2049,2045,2239,2592,2391,2818,2713,3030,3049,3160,3062,3242,3179,3141,3161,3214,3060,3122,2892,2877,2726,2497,2622,2388,2189,2020,1923,1914,1616,1603,1389,1281,1297,1094,991,909,844,731,653,569,542,502,465,379,330,301,295,243,207,169,143,150,112,100,143,93,86,54,61,83,56,53,51,33,39,18,33,26,21,19,19,12,9,8,10,6,4,8,3,2,4,3,4,1,6,1,8,0,2,0,4,0,1,0,0,2,0,2,0,1,0,0,0,0,0,0,0,0,1,1,0,0,0,0,0,0,2,0,0,0,0,0,0,0,0,0,0,0,0,0,0,0,0,0,0,0,0,0,0,0,0,0,0,0,0,0,0,0,0,0,0,0,0,0,0,0,0,0,0,0,0,0,0,0,0,0,0,0,0,0,0,0,0,0,0,0,0,0,0,0,0,0,0,0,0,0,0,0,0,0,0,0,0,0,0,0,0,0,0,0,0,0,0,0,0,0,0,0,0,0,0,0,0,0,0,0,0,0,2,0,0,0,0,0,0,0,0,0,0,0,0,0,0,0}
Count:   0.0   0.0   0.0   0.0   0.0   0.0   0.0   0.0   5.2   6.3   5.9   4.9   4.1   3.6   1.6   1.1   0.5   0.2   0.0   0.0   0.0   0.0   0.0   0.0   0.0   0.0   0.0   0.0   0.0   0.0   0.0   0.3   6.3   6.4   5.8   5.5   5.2   5.4   4.8   3.5   2.4   0.9   0.0   0.0   0.0   0.0   0.0   0.0   0.0   0.0   0.4   6.6   5.8   6.4   4.9   5.0   4.1   3.4   1.9   1.4   0.3   0.0   0.0   0.0   0.0   0.0   0.0   0.0   0.0   0.0   0.0   0.0   0.0   0.0   2.5   7.2   6.6   6.1   5.3   5.7   5.1   4.5   3.5   2.7   0.5   0.1   0.0   0.0   0.0   0.0   0.0   0.0   0.0   2.3   6.8   6.4   5.2   4.4   4.9   4.3   3.3   2.0   1.2   0.2   0.1   0.0   0.0   0.0   0.0   0.0   0.0   0.0   2.0   5.4   5.1   5.3   4.8   4.7   3.7   2.6   1.6   0.6   0.2   0.1   0.0   0.0   0.0   0.0   0.0   0.1   0.0   0.0   0.0   0.0   0.0   0.0   3.9   6.0   6.8   6.3   5.5   4.9   4.2   4.2   3.5   2.1   0.1   0.1   0.0   0.0   0.1   0.0   0.0   0.0   0.0   3.7   6.2   6.3   6.5   4.8   4.2   3.7   2.8   1.6   1.0   0.0   0.0   0.0   0.0   0.0   0.0   0.0   0.0   0.1   3.6   6.2   6.1   5.5   5.4   3.6   3.6   1.9   1.3   0.5   0.1   0.0   0.0   0.0   0.0   0.1   0.0   0.0   0.0   0.0   0.0   0.0   0.0   0.0   5.4   6.3 
B: 23.6 44.0 25.7 29.0 36.0 24.0 23.2 37.8 45.1 42.8 41.9 40.3 40.9 39.3 33.1 32.9 30.7 33.5 28.8 21.2 29.0 49.0 32.7 31.5 25.1 19.5 23.6 27.0 28.5 20.5 19.7 40.0 43.7 43.8 43.2 43.1 42.5 43.4 42.6 39.5 36.5 38.0 27.8 28.2 29.3 30.0 24.0 33.0 25.0 * 47.0 42.4 42.4 43.5 42.8 43.2 41.2 38.6 35.7 32.4 38.0 27.1 24.5 33.3 22.6 31.2 21.0 23.0 29.2 25.5 29.0 25.1 25.0 23.6 51.4 44.1 42.9 41.7 41.5 43.0 42.0 41.0 39.6 35.9 34.9 27.8 24.2 21.5 27.6 26.6 30.8 26.2 28.6 46.3 43.7 43.2 40.3 41.9 41.5 41.6 38.7 35.1 32.0 30.6 25.2 28.0 24.6 23.1 22.0 27.8 35.4 31.1 42.8 42.0 40.1 41.0 41.6 41.2 39.0 36.3 33.5 29.5 40.0 24.4 23.8 30.3 25.1 29.2 25.5 22.1 23.5 23.0 25.7 22.5 32.2 28.4 44.6 41.7 43.6 42.7 40.5 41.0 39.2 38.6 38.6 34.8 29.8 24.1 31.0 23.2 23.5 21.3 28.8 22.2 21.2 46.8 42.9 42.8 42.1 41.2 39.1 38.3 36.7 33.1 33.2 35.4 24.1 26.0 25.9 23.1 23.2 28.7 26.0 25.3 43.3 43.0 42.9 41.1 40.8 38.2 37.4 34.7 31.6 29.3 30.3 25.9 22.1 28.2 26.5 23.6 22.2 28.7 26.1 30.1 27.1 30.8 29.7 22.2 43.5 41.1 
Direction:  n n n n n n n n {43 137} {43 137} {42 138} {45 135} {45 135} {42 138} n n n n n n n n n n n n n n n n n n {44 136} {43 137} {44 136} {43 137} {43 137} {45 135} {44 136} {44 136} n n n n n n n n n*  n {42 138} {43 137} {41 139} {42 138} {44 136} {42 138} {41 139} n n n n n n n n n n n n n n n n {44 136} {45 135} {44 136} {45 135} {43 137} {46 134} {44 136} {44 136} {44 136} {42 138} n n n n n n n n n {42 138} {45 135} {44 136} {42 138} {43 137} {44 136} {44 136} {41 139} n n n n n n n n n n n n {43 137} {43 137} {43 137} {43 137} {42 138} {45 135} n n n n n n n n n n n n n n n n n {44 136} {44 136} {44 136} {45 135} {46 134} {46 134} {44 136} {43 137} {44 136} n n n n n n n n n n {43 137} {43 137} {41 139} {44 136} {44 136} {44 136} {44 136} n n n n n n n n n n n n {44 136} {43 137} {43 137} {43 137} {43 137} {40 140} {42 138} n n n n n n n n n n n n n n n n n {43 137} {43 137}

55.9: Count:   1.7 (  2.2) A:  22.0 [18-49] B:  38.9 [18-96] Phase: 96% 138 (15.6) Direction:  {43 137}  12% 103 ( 7.7) Direction:  {31 149}
Phase: {0,0,0,0,0,0,0,0,0,0,0,0,0,0,0,0,0,0,0,1,0,0,0,0,0,0,1,1,3,0,0,0,2,2,1,2,2,5,0,1,4,0,2,1,1,3,2,11,3,5,2,1,8,2,4,12,8,3,8,8,7,10,8,4,14,7,9,18,21,11,22,12,22,10,36,17,34,36,37,25,58,68,64,60,84,74,100,112,119,126,143,181,162,208,229,238,258,257,287,347,361,369,411,463,492,539,588,579,727,647,663,739,819,791,868,908,884,1034,1070,1059,1182,1239,1372,1422,1496,1580,1696,1807,1827,2078,2198,2311,2359,2428,2255,2344,2215,2602,2263,2521,2336,2448,2343,2259,2308,2194,2092,1934,2012,1828,1858,1622,1569,1465,1273,1284,1154,1016,979,956,763,726,774,640,596,546,498,505,411,440,359,314,342,329,261,275,220,237,228,232,209,128,151,138,153,145,95,129,90,86,89,55,79,60,69,56,33,43,43,33,25,19,18,11,19,18,16,7,16,13,7,4,9,3,2,4,5,1,1,1,0,1,1,0,4,3,1,0,0,0,0,1,0,0,0,0,0,0,0,0,0,0,0,0,0,0,0,0,0,0,0,0,0,0,0,0,0,0,0,0,0,0,0,0,0,0,0,0,0,0,0,0,0,0,0,0,0,0,0,0,0,0,0,0,0,0,0,0,0,0,0,0,0,0,0,0,0,0,0,0,0,0,0,0,0,0,0,0,0,0,0,0,0,0,0,0,0,0,0,0,0,0,0,0,0,0,0,0,0,0,0,0,0,0,0,0,0,0,0,1,0,0,0,0,0,0,0,0,0,1,0,0,0,0,0,0,1,0,0,0}
Count:   0.0   0.0   0.0   0.0   0.0   0.0   0.0   0.0   4.9   5.4   4.8   4.5   3.9   3.0   1.6   1.1   0.6   0.3   0.0   0.0   0.0   0.0   0.0   0.0   0.0   0.0   0.0   0.0   0.0   0.0   0.0   0.1   5.5   5.9   5.7   5.0   4.7   5.0   4.4   3.3   2.3   0.8   0.0   0.0   0.0   0.0   0.0   0.0   0.0   0.0   0.3   5.8   5.2   5.6   4.5   4.4   3.7   3.0   1.9   1.3   0.3   0.1   0.0   0.0   0.0   0.0   0.0   0.0   0.0   0.0   0.0   0.0   0.0   0.0   2.1   6.9   6.0   5.5   4.5   4.9   4.4   4.0   3.2   2.7   0.4   0.0   0.0   0.0   0.0   0.0   0.1   0.0   0.0   2.0   6.1   5.6   4.7   4.0   4.4   3.9   2.9   1.9   0.9   0.2   0.0   0.0   0.0   0.0   0.0   0.0   0.0   0.0   1.8   5.3   5.2   4.6   4.3   4.3   3.4   2.4   1.4   0.7   0.1   0.0   0.0   0.0   0.0   0.0   0.0   0.1   0.0   0.0   0.0   0.0   0.1   0.1   3.3   5.2   6.0   5.5   4.7   4.7   3.8   3.5   2.6   1.8   0.1   0.1   0.0   0.0   0.0   0.0   0.1   0.0   0.0   3.4   5.8   5.7   5.3   4.3   4.0   3.1   2.5   1.7   1.0   0.1   0.1   0.1   0.1   0.0   0.1   0.0   0.0   0.0   3.3   5.9   5.2   4.7   4.6   3.4   3.4   2.0   1.4   0.5   0.0   0.1   0.0   0.1   0.0   0.1   0.0   0.0   0.0   0.0   0.0   0.0   0.0   0.0   4.6   5.5 
B: 28.7 20.6 21.6 23.0 19.0 22.0 23.5 41.0 42.8 40.1 38.9 40.0 39.4 36.7 31.7 30.4 30.1 32.5 29.4 19.5 25.8 23.3 27.7 35.2 24.2 21.4 23.2 21.3 24.5 23.6 21.7 34.5 40.8 41.5 41.2 39.7 40.0 40.8 40.4 36.8 34.7 34.1 26.2 20.0 21.2 26.4 21.5 21.5 23.7 33.2 45.2 40.2 39.6 40.5 39.2 40.2 39.6 35.7 33.9 29.8 33.7 27.6 23.5 28.3 21.6 22.0 31.6 24.0 23.4 25.7 23.0 27.2 24.1 24.6 48.3 41.2 41.7 39.7 37.7 40.1 39.4 38.6 37.9 34.5 33.7 23.7 25.6 22.7 20.7 23.1 25.7 24.9 25.1 46.5 40.3 40.5 39.4 37.9 38.9 38.7 36.5 32.8 29.5 31.9 18.8 23.2 25.0 20.1 26.8 25.3 27.5 21.0 41.6 39.1 39.3 38.1 39.9 38.5 37.1 34.9 32.4 30.2 27.3 21.0 22.1 24.6 29.5 24.8 27.7 23.8 29.6 20.7 22.5 26.8 23.4 20.8 42.5 38.3 40.3 39.1 38.0 39.4 37.9 37.2 34.2 33.2 29.3 22.7 25.3 24.3 22.0 28.2 25.6 23.2 21.0 44.8 40.5 40.3 39.3 38.3 38.0 35.8 35.1 32.2 30.5 46.0 26.2 22.2 21.7 25.2 23.3 23.5 23.8 21.6 43.6 40.1 40.0 39.9 39.6 36.6 36.2 33.3 30.6 27.7 28.7 28.5 24.8 25.4 23.2 27.2 21.2 25.7 24.7 24.3 21.8 22.6 25.0 29.2 40.5 39.8 
Direction:  n n n n n n n n {43 137} {43 137} {41 139} {44 136} {42 138} {40 140} n n n n n n n n n n n n n n n n n n {42 138} {43 137} {43 137} {42 138} {41 139} {45 135} {43 137} {43 137} n n n n n n n n n n n {43 137} {42 138} {42 138} {43 137} {43 137} {45 135} {43 137} n n n n n n n n n n n n n n n n n {41 139} {45 135} {44 136} {45 135} {41 139} {41 139} {44 136} {43 137} n n n n n n n n n n n {44 136} {41 139} {43 137} {44 136} {43 137} {45 135} n n n n n n n n n n n n n {44 136} {41 139} {41 139} {42 138} {45 135} {41 139} n n n n n n n n n n n n n n n n n {43 137} {42 138} {46 134} {45 135} {41 139} {44 136} {43 137} {46 134} n n n n n n n n n n n {43 137} {44 136} {44 136} {42 138} {42 138} {43 137} {41 139} n n n n n n n n n n n n {42 138} {42 138} {46 134} {46 134} {44 136} {41 139} {42 138} n n n n n n n n n n n n n n n n n {41 139} {43 137}

56.0: Count:   1.5 (  1.9) A:  21.6 [18-47] B:  37.3 [18-102] Phase: 100% 136 (19.0) Direction:  {42 138}
Phase: {0,0,0,0,0,0,0,0,0,0,0,0,0,0,0,0,0,0,0,0,0,0,0,0,0,0,0,0,0,0,0,0,0,1,2,0,0,0,0,0,0,0,0,2,0,0,2,0,2,1,1,3,2,0,1,1,3,0,3,1,1,0,1,8,2,0,8,10,8,7,11,4,10,5,18,13,26,18,21,25,37,33,33,43,59,56,55,57,95,80,119,127,136,178,155,203,242,233,261,355,307,386,399,470,533,555,589,581,659,715,685,776,855,933,993,969,958,1278,1173,1281,1374,1308,1444,1444,1542,1482,1668,1632,1695,1839,1898,1969,1801,1880,1841,1907,1910,1814,1820,2033,1777,1842,1855,1673,1732,1717,1623,1555,1457,1455,1280,1364,1264,1251,1035,1061,999,1026,955,849,811,737,701,679,592,542,549,476,451,411,341,384,363,281,326,277,243,247,192,189,187,135,137,115,107,123,94,86,80,72,47,59,43,33,47,27,25,15,18,23,24,17,6,12,8,14,7,4,6,3,2,0,1,3,1,8,7,0,0,2,1,0,0,0,0,0,0,0,2,0,2,0,0,0,0,0,0,0,0,0,0,1,0,0,0,0,0,0,0,0,0,0,0,0,0,0,0,0,0,0,0,0,0,0,0,0,0,0,0,0,0,0,0,0,0,0,0,0,0,0,0,0,0,0,0,0,0,0,0,0,0,0,0,0,0,0,0,0,0,0,0,0,0,0,0,0,0,0,0,0,0,0,0,0,0,0,0,0,0,0,0,0,0,0,0,0,0,0,0,0,0,0,0,0,0,0,0,0,0,0,0,0,0,0,0,0,0,0,0,0,0,0,0,0,0,0,0,0,0,0}
Count:   0.0   0.0   0.0   0.0   0.0   0.0   0.0   0.0   4.9   4.6   4.1   4.0   3.6   2.6   1.7   1.2   0.5   0.3   0.0   0.0   0.0   0.0   0.0   0.0   0.0   0.0   0.0   0.0   0.0   0.0   0.0   0.1   5.0   5.2   5.2   4.4   3.4   4.3   3.7   3.1   1.9   0.7   0.0   0.0   0.0   0.0   0.0   0.0   0.0   0.0   0.3   5.0   4.2   4.7   4.0   3.9   3.3   2.7   1.9   1.0   0.3   0.1   0.0   0.0   0.0   0.0   0.0   0.0   0.0   0.0   0.0   0.0   0.0   0.0   2.0   6.0   5.0   4.8   3.9   4.4   3.8   3.6   3.0   2.6   0.4   0.0   0.0   0.0   0.0   0.0   0.0   0.0   0.0   1.9   5.7   4.9   4.3   3.7   3.6   3.5   2.7   1.8   1.0   0.2   0.0   0.0   0.0   0.0   0.0   0.0   0.0   0.0   1.5   4.7   4.2   3.9   3.9   3.8   2.8   2.2   1.3   0.5   0.1   0.1   0.0   0.0   0.0   0.0   0.0   0.0   0.0   0.0   0.0   0.0   0.1   0.0   3.2   4.5   5.3   4.8   4.2   4.2   3.5   3.2   2.6   1.6   0.0   0.0   0.0   0.0   0.0   0.0   0.0   0.0   0.0   3.0   4.7   4.9   4.5   3.8   3.6   2.9   2.2   1.5   0.8   0.1   0.0   0.0   0.0   0.0   0.0   0.0   0.0   0.0   3.0   4.8   4.8   4.3   3.9   3.3   2.8   1.8   1.1   0.5   0.0   0.0   0.0   0.0   0.0   0.0   0.0   0.0   0.0   0.0   0.0   0.0   0.0   0.0   3.9   4.8 
B: 24.7 28.0 22.6 24.8 23.8 21.0 22.0 22.7 41.9 36.8 37.2 37.5 37.2 35.4 31.2 29.4 27.1 29.1 26.2 19.0 19.5 25.5 35.0 27.5 21.1 28.6 22.0 22.0 19.3 26.3 23.5 30.0 38.4 39.5 39.3 38.2 37.0 38.7 38.6 35.8 33.1 32.5 25.3 23.0 25.0 29.5 22.0 23.0 27.2 31.0 37.6 39.0 37.2 39.6 38.4 37.9 36.1 34.9 33.4 29.6 34.0 26.2 24.7 39.0 28.0 23.6 26.0 23.5 22.4 21.3 21.2 20.6 24.7 21.0 44.7 38.5 39.9 38.1 36.8 38.0 37.6 36.8 36.0 33.2 32.7 25.7 24.8 21.7 22.6 22.8 23.0 37.0 24.0 44.2 40.1 38.2 37.5 35.9 36.2 36.5 34.5 32.6 29.0 31.2 25.3 22.0 24.7 23.2 24.0 27.0 22.5 20.4 39.4 38.1 36.5 36.4 36.9 37.0 34.8 34.3 30.5 29.1 28.5 21.5 24.2 21.6 25.0 28.5 22.7 21.1 19.0 29.3 25.2 26.0 24.1 26.8 41.0 38.0 38.8 37.9 37.1 36.9 36.9 36.2 35.1 30.4 30.3 21.3 23.0 23.5 22.1 22.5 23.6 29.1 20.2 43.5 37.2 38.2 37.6 38.4 35.7 34.8 32.2 31.4 27.5 36.5 22.4 27.3 27.4 22.5 24.9 24.4 * 22.1 42.4 37.9 37.9 37.7 37.8 36.1 33.9 33.5 30.3 27.2 24.5 24.3 23.1 20.5 23.8 22.3 * 27.9 23.6 24.2 23.8 23.4 28.2 27.0 39.7 38.6 
Direction:  n n n n n n n n {44 136} {43 137} {41 139} {40 140} {43 137} n n n n n n n n n n n n n n n n n n n {41 139} {43 137} {43 137} {40 140} {42 138} {40 140} {43 137} {42 138} n n n n n n n n n n n {43 137} {45 135} {42 138} {44 136} {43 137} {40 140} n n n n n n n n n n n n n n n n n n {42 138} {42 138} {43 137} {44 136} {43 137} {45 135} {40 140} n n n n n n n n n n n n {40 140} {46 134} {46 134} {45 135} {44 136} {39 141} n n n n n n n n n n n n n {40 140} {40 140} {40 140} {42 138} {44 136} n n n n n n n n n n n n n n n n n n {44 136} {44 136} {43 137} {42 138} {40 140} {45 135} {43 137} {40 140} n n n n n n n n n n n {41 139} {43 137} {43 137} {42 138} {45 135} {42 138} n n n n n n n n n n n*  n {43 137} {42 138} {42 138} {40 140} {41 139} n n n n n n n n n n n*  n n n n n n n {40 140} {43 137}

