32k: 750 MHz (44us)
88.8 735537 457978        P4 Hörby
89.5 296 296              P4 Malmöhus
92.4 872046 1376496       P2 Hörby
93.9 1052 1054
94.9 21252 95954          Mix Megapol Lund
95.9 298356 163764        Rockklassiker Lomma
96.5 1520 1520
97.0 650192 1204900       P3 Hörby
99.1 217086 694480        Rockklassiker Lund
101.4 544782 962749       P4 Kristianstad
104.2 826663 877607       NRJ Lund
104.8 258285 554164       Rix FM Lund
105.2 1066915 854972      NRJ Malmö
106.1 49453 33340         Rix FM Malmö
106.7 897942 601527       Mix Megapol Malmö
106.8 8 8
106.9 4873 9079
107.0 2271342 4676992
107.1 6094 11654
107.4 68777 68696

16k: 750 MHz (22us)
26.9    18691    77369
27.0    19153    79919
27.1    20002    83152
27.2    21086    86374
27.3    22389    89920
27.4    21681    85875
27.5    22211    86542
27.6    20902    81638
27.7    21630    85348
27.8    20206    82029
27.9    15818    67164
28.0      359     1330
28.1       18       55
28.2        2        5
45.0       24       24
46.5        2        2
88.7       12       13
88.8  1571486  2070857        P4 Hörby
88.9       50       61
89.5   232184   244076        P4 Malmöhus
92.3      459      621
92.4  1945509  3980699        P2 Hörby
92.5      127      233
93.9    40436    42265
94.9    96866   469835        Mix Megapol Lund
95.3        4        5
95.9  1108126   675359        Rockklassiker Lomma
96.5    63942    63942
96.9       36       41
97.0  1628262  2643171        P3 Hörby
97.1       17       24
99.1   751837  2331784        Rockklassiker Lund
101.4 1354664  1835087        P4 Kristianstad
101.5      20       22
104.1       8       10
104.2 1788540  2190827        NRJ Lund
104.3       6        6
104.8  595709  1348749        Rix FM Lund
104.9       2        3
105.1     255      274
105.2 2407371  2136589        NRJ Malmö
105.3      14       16
106.1  220060   177732        Rix FM Malmö
106.5       2        4
106.6    2424     2593
106.7 2209941  1821475        Mix Megapol Malmö
106.8   56657    82238
106.9  304581   745021
107.0 5283214 12492749
107.1  304071   762787
107.2    1532     2894
107.3      44       51
107.4  283172   322289
107.5      26       29

16k, 600 MHz (320000) (26us)
26.9    16888    72625    3161
27.0    16835    74192    3152
27.1    17548    78510    3193
27.2    18070    80720    3197
27.3    19031    84950    3236
27.4    18139    80270    3109
27.5    18404    80788    3165
27.6    16996    75360    3048
27.7    18039    80861    3076
27.8    16397    76081    3072
27.9    13182    64113    2891
28.0       98      405      49
88.8  1759998  1408168  311674   P4 Hörby
89.5     3290     3290    1645   P4 Malmöhus
92.4  1976336  2916775  319190   P2 Hörby
92.5        2        3       1
94.9   347987  1566551  173916   Mix Megapol Lund
95.9   918646   590126  257395   Rockklassiker Lomma
96.5    56294    56294   28147
96.9       76       74      37
97.0  1556829  1923110  279915   P3 Hörby
97.1       90       88      42
99.1   623703  2133508  261275   Rockklassiker Lund
101.4 1390791  1111052  316104   P4 Kristianstad
104.2 1664100  1963014  315577   NRJ Lund
104.3       2        2       1
104.8  689826  1102064  270026   Rix FM Lund
105.1      57       57      28
105.2 2335726  2128545  316689   NRJ Malmö
106.1  138913    99752   49873   Rix FM Malmö
106.6      52       52      26
106.7 2008552  1509650  304685   Mix Megapol Malmö
106.8   22301    24110   11138
106.9  212196   431955  100934
107.0 5555089 11168554  317294
107.1  262591   550801  125504
107.2      36       53      18
107.4  215555   227184  106612

8k, 600 MHz (640000) (13us)
44.99      65       68      29
45.00     475      478     234
45.01    3571     3570    1776
45.02    7481     7475    3709
45.03    9554     9539    4745
45.04    6270     6298    3128
45.05    2102     2116    1048
45.06     117      123      55

8k, 600 MHz, only vertical (640000) (13us)
26.9    27634   104554    5765
27.0    28573   112773    5830
27.1    29043   120468    5954
27.2    29476   125345    5906
27.3    30773   133006    5943
27.4    28956   128140    5929
27.5    29482   131318    5902
27.6    27180   124420    5760
27.7    28163   132607    5763
27.8    23630   116993    5262
27.9    18656    97819    5103
28.0      423     1804     210
28.1       12       39       6
45.0      830      831     415
46.7        2        2       1
48.0       16       16       8
48.5        2        2       1
94.9       46      109      23   Mix Megapol Lund
95.9        8        8       4   Rockklassiker Lomma
104.2    3188     3188    1594   NRJ Lund
106.9    1712     2623     760
107.0 2455444  3867508  636079
107.1    2545     3832    1133

16k, 750 MHz, only vertical (320000) (22us)
45.01      30       30      15
45.02     286      284     142
45.03     749      740     370
45.04     828      813     405
45.05     284      275     137
45.06      70       68      34

45.58     475      466     232
46.56     168      156      78
46.61     191      188      94
48.00      10       10       5

64k, 750 MHz, 45.000 - 46.000 (88us)
45.759      2        2       1
45.760      2        2       1
45.761      2        2       1
45.799      2        2       1
45.800      2        2       1
45.801      2        2       1

32k, 750 MHz, 45.000 - 46.000 (44us)
45.030     33       28      14
45.031     33       28      14
45.032     33       28      14
45.033     92       74      37
45.034     33       28      14
45.035    135       96      48
45.036    135       96      48
45.037    135       96      48
45.038    167      114      57
45.039    167      114      57
45.040    167      114      57
45.041    145      104      52
45.042    145      104      52
45.043    145      104      52
45.044     99       76      38
45.045     99       76      38
45.046     99       76      38
45.047     47       36      18
45.048     47       36      18
45.049     47       36      18
