0
0
0
0
0
0
0
0
0
0
0
0
0
0
0
0
0
0
0
0
0
0
0
0
0
0
0
0
0
0
0
0
0
0
0
0
0
0
0
0
0
0
0
0
0
0
0
0
0
0
0
0
0
0
0
0
0
0
0
0
0
0
0
0
0
0
0
0
0
0
16
0
0
0
0
6
0
0
0
0
5
0
0
0
0
14
12
0
0
3
1
0
0
0
0
16
21
2
21
0
6
12
0
2
28
30
13
25
31
34
32
30
46
28
43
39
88
96
72
82
115
114
103
197
135
131
166
234
252
389
398
342
461
487
460
1015
691
787
822
989
954
1043
1142
1372
1325
1298
1592
1234
1545
2165
1429
1720
1897
1945
1693
2187
2247
2321
2158
2210
2236
2054
2651
2534
2287
2540
2785
2597
1866
2726
2589
2220
2117
2124
2568
2064
1878
1665
1790
1320
2718
1170
1140
1172
858
831
1056
515
666
522
618
608
419
469
323
285
239
243
146
143
170
157
194
166
166
92
52
104
85
133
72
61
97
44
84
35
38
21
2
34
12
52
41
40
0
75
14
11
29
20
14
10
14
11
0
30
8
31
29
20
15
46
22
3
0
1
28
0
8
16
0
7
6
0
0
0
0
0
11
10
3
3
0
0
5
0
0
6
0
0
19
0
0
0
0
0
0
0
0
0
0
0
0
2
0
0
0
0
0
0
0
0
1
0
0
0
0
0
0
0
17
0
0
0
0
0
0
0
0
0
0
0
0
0
0
0
0
0
0
0
0
0
0
0
0
0
0
0
0
0
0
0
0
0
0
0
0
0
0
0
0
0
0
0
0
0
0
0
0
0
0
0
0
0
0
0
0
0
0
0
