0.1: 2.1 9.5 (637908), -8 (5) 270
0.2: 2.3 11.2 (639943), 10 (0) 90
0.3: 2.9 11.0 (636478), 19 (0) 90
0.4: 2.0 10.4 (639704), 2 (4) 90
0.5: 2.0 9.2 (639552), -158 (0) 270
0.6: 2.0 7.9 (596099), -1 (3) 326 214
0.7: 2.1 5.7 (52400), -13 (25) 270
0.8: 2.7 4.0 (11397), 0 (85) 0 180
0.9: 2.1 2.6 (4202), -176 (91) 270
1.0: 2.2 2.7 (78600), -180 (34) 270
1.1: 3.5 3.4 (15647), -180 (6) 270
1.2: 3.6 3.6 (14087), -180 (19) 270
1.3: 2.5 3.5 (9900), -180 (44) 270
1.4: 2.0 2.3 (1124), 178 (86) 90
1.5: 2.0 2.1 (59), -3 (62) 318 222
1.6: 2.0 2.0 (244), 1 (16) 12 168
1.7: 2.0 2.2 (20), 30 (63) 90
1.8: 2.0 2.0 (2), -90 (0) 270
2.0: 2.0 2.1 (288), -165 (43) 270
2.1: 2.0 2.1 (18), -180 (0) 270
2.2: 2.0 2.0 (44), -180 (8) 270
2.3: 2.0 2.0 (2), -180 (0) 270
2.5: 2.0 2.3 (6), -138 (50) 270
2.6: 2.0 2.0 (22), -100 (13) 270
3.0: 2.0 3.0 (2), -162 (0) 270
3.1: 2.0 2.2 (57), -176 (15) 270
3.2: 2.0 2.3 (285), -175 (12) 270
3.3: 2.0 2.2 (689), -176 (11) 270
3.4: 2.0 2.1 (162), -177 (12) 270
3.5: 2.0 2.3 (217), 179 (21) 90
3.6: 2.0 2.3 (6), -165 (35) 270
3.8: 2.0 2.0 (6), -162 (13) 270
4.1: 2.0 2.1 (41), 178 (18) 90
4.2: 2.0 2.0 (109), -177 (16) 270
4.3: 2.0 2.0 (125), -174 (15) 270
4.4: 2.2 2.0 (77), -168 (18) 270
4.5: 2.0 2.0 (49), -160 (20) 270
4.6: 2.1 2.0 (23), -155 (27) 270
4.7: 2.0 2.0 (30), -144 (37) 270
4.8: 2.0 2.1 (28), -117 (34) 270
4.9: 2.0 2.2 (48), -99 (28) 270
5.0: 2.0 2.5 (67), -93 (23) 270
5.1: 2.0 2.8 (260), -95 (25) 270
5.2: 2.0 3.4 (9), -109 (22) 270
5.5: 2.0 3.0 (125), -157 (24) 270
5.6: 2.2 3.8 (1429), -153 (20) 270
5.7: 2.5 3.6 (2819), -143 (24) 270
5.8: 3.2 3.7 (3886), -118 (28) 270
5.9: 4.4 5.2 (5168), -78 (29) 270
6.0: 3.8 8.3 (5160), -43 (24) 270
6.1: 2.5 10.0 (3358), -28 (24) 270
6.2: 2.0 10.6 (440), -12 (34) 320 220
6.3: 2.0 10.1 (154), 21 (31) 90
6.4: 2.0 8.6 (341), 43 (33) 90
6.5: 2.1 7.7 (1327), 64 (23) 90
6.6: 2.5 6.4 (3386), 82 (19) 90
6.7: 2.9 5.8 (4168), 96 (17) 90
6.8: 3.6 5.8 (5326), 111 (16) 90
6.9: 3.0 4.3 (4676), 121 (18) 90
7.0: 2.0 2.4 (87), 127 (34) 90
7.1: 2.0 2.3 (13), 150 (24) 90
7.2: 2.0 2.0 (4), -180 (0) 270
7.3: 2.0 2.0 (15), 168 (22) 90
7.4: 2.4 2.9 (2328), 169 (14) 90
7.5: 2.3 2.9 (2001), 173 (12) 90
7.6: 2.1 3.0 (1534), 175 (12) 90
7.7: 2.1 3.2 (873), 172 (13) 90
7.8: 2.1 3.3 (1460), 167 (15) 90
7.9: 2.0 2.1 (26385), -178 (13) 270
8.0: 2.5 3.0 (2515), 166 (16) 90
8.1: 2.8 3.2 (2959), 177 (14) 90
8.2: 3.1 4.0 (4209), -175 (13) 270
8.3: 3.0 4.6 (3566), -174 (12) 270
8.4: 3.0 5.2 (4135), -177 (11) 270
8.5: 2.7 4.9 (3360), 178 (11) 90
8.6: 2.6 4.6 (3529), 170 (12) 90
8.7: 2.6 3.8 (2893), 163 (15) 90
8.8: 3.0 3.4 (4075), 167 (13) 90
8.9: 3.4 3.4 (3645), 178 (12) 90
9.0: 3.7 3.7 (4618), -172 (13) 270
9.1: 3.4 3.4 (3726), -162 (21) 270
9.2: 2.8 3.2 (2752), -141 (28) 270
9.3: 2.3 3.1 (1107), -161 (56) 270
9.4: 2.4 3.8 (1695), 138 (40) 90
9.5: 2.9 4.1 (3335), 141 (27) 90
9.6: 3.9 4.8 (4918), 146 (18) 90
9.7: 5.0 5.6 (5949), 158 (13) 90
9.8: 6.8 7.6 (6426), 165 (9) 90
9.9: 8.6 9.9 (6651), 169 (7) 90
10.0: 8.0 9.5 (6619), 172 (7) 90
10.1: 2.3 2.6 (32394), 173 (13) 90
10.2: 6.7 8.3 (6367), 176 (7) 90
10.3: 17.6 21.7 (6918), 176 (3) 90
10.4: 20.6 25.4 (6941), 177 (3) 90
10.5: 23.4 28.9 (6951), 179 (3) 90
10.6: 24.2 30.0 (6933), 179 (2) 90
10.7: 23.3 29.1 (6946), -180 (2) 270
10.8: 18.9 23.8 (6925), -179 (3) 270
10.9: 18.0 22.9 (6997), -178 (3) 270
11.0: 12.3 15.8 (8514), -178 (5) 270
11.1: 13.0 17.1 (7254), -177 (4) 270
11.2: 11.1 14.8 (6795), -177 (5) 270
11.3: 10.9 14.9 (6738), -177 (4) 270
11.4: 9.1 12.6 (6634), -178 (5) 270
11.5: 9.1 12.6 (6812), -179 (5) 270
11.6: 8.4 11.4 (6680), -179 (5) 270
11.7: 9.0 12.1 (6741), -179 (5) 270
11.8: 8.5 11.4 (6654), -178 (4) 270
11.9: 9.6 12.8 (6701), -178 (4) 270
12.0: 8.6 11.5 (6571), -178 (5) 270
12.1: 10.2 13.5 (6749), -178 (4) 270
12.2: 9.6 12.6 (6502), -177 (5) 270
12.3: 11.1 14.5 (6689), -177 (4) 270
12.4: 10.3 13.4 (6307), -176 (5) 270
12.5: 12.0 15.7 (6691), -174 (5) 270
12.6: 10.6 14.2 (6348), -173 (5) 270
12.7: 11.8 16.3 (6716), -173 (4) 270
12.8: 11.1 15.7 (6503), -173 (5) 270
12.9: 12.2 17.7 (6758), -175 (4) 270
13.0: 11.1 16.3 (6738), -176 (5) 270
13.1: 13.1 19.1 (6834), -178 (4) 270
13.2: 11.8 16.9 (6769), -179 (4) 270
13.3: 13.7 19.0 (6850), -180 (4) 270
13.4: 13.3 18.0 (6842), -180 (4) 270
13.5: 14.9 19.9 (6872), -180 (4) 270
13.6: 13.6 17.8 (6879), -180 (4) 270
13.7: 14.1 18.2 (6861), -179 (4) 270
13.8: 12.4 15.8 (6858), -179 (4) 270
13.9: 10.5 13.4 (6626), -178 (5) 270
14.0: 3.4 4.4 (4712), -179 (9) 270
14.1: 2.7 3.5 (3361), -178 (10) 270
14.2: 2.6 3.2 (2641), -177 (11) 270
14.3: 2.6 3.3 (2612), -178 (12) 270
14.4: 3.8 4.8 (5425), -178 (10) 270
14.5: 8.3 10.2 (6416), -178 (6) 270
14.6: 7.4 9.1 (6581), -178 (7) 270
14.7: 6.8 8.2 (6489), -179 (8) 270
14.8: 6.7 7.7 (6449), 179 (8) 90
14.9: 6.5 7.0 (6116), 178 (10) 90
15.0: 6.8 6.7 (6306), 176 (11) 90
15.1: 6.7 5.7 (6168), 176 (12) 90
15.2: 7.3 5.1 (6076), 179 (14) 90
15.3: 7.6 4.3 (5488), -172 (18) 270
15.4: 8.3 4.1 (5480), -154 (20) 270
15.5: 7.7 3.9 (5272), -132 (22) 270
15.6: 7.3 4.5 (5798), -112 (20) 270
15.7: 5.7 4.9 (5537), -101 (26) 270
15.8: 4.5 5.7 (5708), -98 (21) 270
15.9: 3.5 6.1 (4512), -111 (23) 270
16.0: 3.6 6.5 (4903), -131 (22) 270
16.1: 4.2 5.9 (5314), -130 (33) 270
16.2: 5.0 5.3 (8583), -89 (58) 270
16.3: 5.0 5.5 (7837), -80 (51) 270
16.4: 5.2 6.6 (9627), -62 (50) 270
16.5: 4.5 6.8 (9797), -48 (49) 285 255
16.6: 4.3 8.3 (9927), -45 (48) 296 244
16.7: 3.5 8.4 (8385), -42 (49) 303 237
16.8: 3.4 10.7 (7332), -54 (44) 270
16.9: 3.0 11.8 (5130), -60 (40) 270
17.0: 2.8 14.1 (4018), -69 (30) 270
17.1: 2.4 15.6 (2269), -73 (25) 270
17.2: 2.1 16.8 (1259), -71 (29) 270
17.3: 2.0 17.1 (191), -83 (28) 270
17.4: 2.0 16.6 (46), -112 (53) 270
17.5: 2.0 8.9 (56), 145 (81) 90
17.6: 2.0 14.3 (119), 147 (27) 90
17.7: 2.0 15.6 (350), 151 (22) 90
17.8: 2.0 15.0 (536), 154 (19) 90
17.9: 2.0 15.0 (566), 157 (18) 90
18.0: 2.0 9.3 (89), 164 (19) 90
18.1: 2.0 5.0 (4), 167 (5) 90
18.2: 2.0 3.6 (11), 152 (35) 90
18.3: 2.0 10.2 (201), 172 (15) 90
18.4: 2.0 10.3 (199), 177 (16) 90
18.5: 2.0 9.9 (146), -174 (19) 270
18.6: 2.0 9.6 (136), -170 (17) 270
18.7: 2.0 9.1 (224), -163 (21) 270
18.8: 2.1 9.2 (388), -154 (20) 270
18.9: 2.1 8.4 (1096), -139 (21) 270
19.0: 2.4 8.6 (2501), -130 (19) 270
19.1: 2.9 8.1 (4116), -122 (17) 270
19.2: 3.5 7.5 (5057), -122 (17) 270
19.3: 4.4 7.1 (5834), -127 (16) 270
19.4: 4.9 6.4 (6043), -137 (17) 270
19.5: 5.8 6.7 (6059), -152 (16) 270
19.6: 5.6 6.3 (6087), -164 (15) 270
19.7: 5.9 7.0 (6146), -174 (13) 270
19.8: 5.0 6.7 (5874), 179 (13) 90
19.9: 4.9 7.6 (6000), 173 (13) 90
20.0: 4.0 7.0 (5247), 168 (14) 90
20.1: 3.7 7.6 (5159), 161 (14) 90
20.2: 3.1 7.5 (4286), 155 (15) 90
20.3: 2.9 8.0 (4038), 145 (15) 90
20.4: 2.5 7.7 (2380), 132 (17) 90
20.5: 2.3 7.2 (2438), 110 (17) 90
20.6: 2.4 5.5 (2266), 89 (20) 90
20.7: 2.8 4.4 (3759), 78 (20) 90
20.8: 3.3 3.4 (3270), 86 (19) 90
20.9: 3.1 2.7 (2986), 100 (18) 90
21.0: 2.0 2.1 (28), 120 (29) 90
21.1: 2.0 2.0 (2), 90 (0) 90
21.2: 2.0 2.0 (2), 117 (0) 90
21.4: 2.0 2.0 (2), 117 (0) 90
21.5: 2.0 2.6 (180), 133 (20) 90
21.6: 3.1 4.7 (3619), 129 (13) 90
21.7: 3.4 5.1 (4353), 126 (12) 90
21.8: 3.2 4.8 (4244), 124 (13) 90
21.9: 3.7 5.2 (4855), 121 (11) 90
22.0: 3.7 5.0 (4553), 120 (12) 90
22.1: 3.9 5.1 (5079), 121 (12) 90
22.2: 3.9 4.9 (4927), 122 (12) 90
22.3: 4.2 5.1 (5231), 124 (11) 90
22.4: 4.2 5.1 (5108), 127 (12) 90
22.5: 4.4 5.3 (5449), 129 (11) 90
22.6: 4.2 5.3 (5317), 132 (11) 90
22.7: 4.3 5.6 (5399), 135 (11) 90
22.8: 4.2 5.9 (5287), 137 (11) 90
22.9: 4.0 5.9 (5151), 139 (11) 90
23.0: 3.9 6.2 (5219), 140 (11) 90
23.1: 3.7 6.4 (5221), 141 (11) 90
23.2: 3.6 6.7 (4968), 141 (11) 90
23.3: 3.3 6.7 (4625), 140 (12) 90
23.4: 3.3 7.1 (4587), 138 (11) 90
23.5: 3.1 6.9 (4164), 136 (12) 90
23.6: 3.2 7.1 (4378), 135 (11) 90
23.7: 3.1 7.0 (4088), 136 (12) 90
23.8: 3.2 7.3 (4313), 137 (11) 90
23.9: 3.1 7.1 (3958), 141 (11) 90
24.0: 3.1 7.3 (4328), 146 (11) 90
24.1: 2.9 7.1 (3703), 152 (12) 90
24.2: 2.9 7.6 (3818), 158 (12) 90
24.3: 2.7 7.5 (3026), 165 (11) 90
24.4: 2.6 7.9 (3197), 172 (11) 90
24.5: 2.4 7.7 (2437), 179 (12) 90
24.6: 2.4 8.3 (2546), -173 (11) 270
24.7: 2.3 7.9 (1899), -164 (13) 270
24.8: 2.0 5.9 (431), -163 (14) 270
24.9: 2.0 4.0 (2), -153 (0) 270
25.0: 2.0 3.0 (8), -173 (12) 270
25.1: 2.0 6.5 (532), -135 (19) 270
25.2: 2.1 7.3 (1265), -132 (17) 270
25.3: 2.1 6.8 (1273), -134 (20) 270
25.4: 2.1 6.5 (1664), -132 (20) 270
25.5: 2.2 6.3 (1615), -134 (21) 270
25.6: 2.2 5.9 (2098), -136 (23) 270
25.7: 2.2 4.8 (2407), -145 (24) 270
25.8: 2.3 4.7 (3191), -143 (24) 270
25.9: 2.3 4.1 (3359), -145 (24) 270
26.0: 2.5 3.9 (3898), -145 (23) 270
26.1: 2.7 3.7 (3722), -144 (21) 270
26.2: 2.9 3.5 (4334), -143 (21) 270
26.3: 3.3 3.2 (4168), -141 (21) 270
26.4: 4.1 3.3 (4259), -135 (19) 270
26.5: 4.5 3.0 (3795), -133 (21) 270
26.6: 5.2 2.8 (3908), -130 (22) 270
26.7: 6.0 2.6 (2870), -127 (22) 270
26.8: 7.2 2.4 (2159), -123 (25) 270
26.9: 7.6 2.1 (930), -108 (38) 270
27.0: 6.6 2.2 (556), -89 (64) 270
27.1: 8.0 2.1 (1059), -23 (39) 344 196
27.2: 8.5 2.4 (2054), -10 (29) 353 187
27.3: 8.4 2.7 (3317), -3 (22) 358 182
27.4: 7.7 2.8 (3727), -1 (20) 359 181
27.5: 7.4 3.1 (4335), 1 (18) 1 179
27.6: 7.1 3.3 (4402), 2 (17) 1 179
27.7: 7.1 3.6 (4712), 2 (14) 1 179
27.8: 6.4 3.4 (4521), 2 (16) 1 179
27.9: 5.4 2.9 (3774), 2 (16) 1 179
28.0: 2.3 2.0 (51), -4 (38) 357 183
28.1: 2.0 2.0 (4), 148 (31) 90
28.5: 2.0 2.5 (39), 149 (22) 90
29.8: 2.0 2.0 (6), 171 (13) 90
30.0: 2.0 2.1 (14), 146 (21) 90
30.1: 2.0 2.0 (2), -180 (0) 270
30.3: 2.0 2.0 (4), -180 (0) 270
30.4: 2.0 2.0 (4), -180 (0) 270
31.4: 2.0 2.0 (2), -180 (0) 270
31.5: 2.0 2.0 (5), -180 (0) 270
43.6: 2.0 2.0 (4), 90 (0) 43 137
43.9: 2.0 2.0 (2), 90 (0) 43 137
44.7: 2.0 2.0 (2), 117 (0) 61 119
44.8: 2.0 2.0 (4), 90 (0) 42 138
45.0: 2.6 2.0 (383), 133 (24) 80 100
45.1: 2.5 2.0 (4), 103 (13) 49 131
45.2: 2.0 2.0 (1), 90 (0) 41 139
45.3: 2.0 2.0 (2), 117 (0) 59 121
45.4: 2.0 2.0 (13), 108 (23) 52 128
45.5: 2.0 2.0 (6), 99 (13) 46 134
46.0: 2.0 2.0 (1), 90 (0) 41 139
46.6: 2.0 2.0 (2), 90 (0) 40 140
47.5: 2.0 2.0 (25), 115 (19) 54 126
47.8: 2.0 2.0 (2), 117 (0) 54 126
47.9: 2.0 2.0 (2), 90 (0) 39 141
48.5: 2.0 2.0 (6), 120 (26) 55 125
48.8: 2.0 2.0 (12), 118 (30) 54 126
48.9: 2.0 2.0 (2), 153 (0) 90
49.1: 2.0 2.0 (4), 161 (18) 90
49.2: 2.0 2.0 (12), 141 (29) 72 108
49.3: 2.0 2.0 (12), 145 (33) 77 103
49.4: 2.0 2.0 (38), 167 (13) 90
49.5: 2.1 2.0 (13), 149 (29) 90
49.6: 2.0 2.0 (67), 162 (21) 90
49.7: 2.0 2.0 (34), 168 (18) 90
49.8: 2.0 2.0 (27), 161 (18) 90
49.9: 2.0 2.0 (65), 166 (17) 90
50.0: 2.1 2.0 (6133), 157 (25) 90
50.1: 2.0 2.0 (37), 177 (8) 90
50.2: 2.0 2.0 (76), 165 (20) 90
50.3: 2.0 2.0 (48), 172 (12) 90
50.4: 2.0 2.0 (130), 171 (16) 90
50.5: 2.0 2.0 (13), 176 (10) 90
51.5: 2.0 2.0 (8), -112 (26) 314 226
51.6: 2.0 2.0 (52), -114 (29) 313 227
51.7: 2.0 2.0 (29), -102 (24) 319 221
51.8: 2.0 2.0 (22), -102 (13) 319 221
51.9: 2.0 2.0 (16), -97 (12) 322 218
52.0: 2.0 2.0 (28), -98 (18) 321 219
52.1: 2.0 2.0 (12), -100 (28) 321 219
52.2: 2.0 2.0 (17), -99 (31) 321 219
52.3: 2.0 2.0 (18), -101 (22) 320 220
52.4: 2.0 2.0 (16), -100 (13) 321 219
52.5: 2.0 2.0 (24), -92 (7) 325 215
52.6: 2.0 2.0 (39), -98 (14) 322 218
52.7: 2.0 2.3 (11), -94 (13) 324 216
52.8: 2.0 2.0 (29), -95 (11) 323 217
52.9: 2.0 2.0 (21), -91 (10) 325 215
53.0: 2.0 2.0 (126), -109 (20) 317 223
53.1: 2.0 2.0 (28), -94 (9) 324 216
53.2: 2.0 2.0 (46), -97 (12) 323 217
53.3: 2.0 2.0 (29), -102 (26) 321 219
53.4: 2.0 2.0 (21), -92 (8) 325 215
53.5: 2.0 2.0 (44), -95 (10) 324 216
53.6: 2.0 2.0 (44), -98 (13) 323 217
53.7: 2.0 2.0 (21), -92 (8) 325 215
53.8: 2.0 2.0 (56), -102 (24) 321 219
53.9: 2.0 2.1 (19), -93 (8) 325 215
54.0: 2.0 2.0 (23), -92 (8) 326 214
54.1: 2.0 2.0 (18), -107 (29) 319 221
54.2: 2.0 2.1 (17), -95 (22) 325 215
54.3: 2.0 2.0 (12), -90 (0) 326 214
54.4: 2.0 2.0 (26), -99 (16) 323 217
54.5: 2.0 2.0 (27), -100 (18) 323 217
54.6: 2.0 2.2 (29), -105 (21) 320 220
54.7: 2.0 2.0 (24), -94 (10) 325 215
54.8: 2.0 2.0 (4), -121 (31) 313 227
54.9: 2.0 2.0 (4), -103 (13) 321 219
55.0: 2.0 2.0 (20), -100 (13) 323 217
55.1: 2.0 2.0 (2), -90 (0) 327 213
55.2: 2.0 2.0 (2), -117 (0) 315 225
55.3: 2.0 2.0 (8), -97 (12) 324 216
55.4: 2.0 2.0 (10), -97 (15) 325 215
55.5: 2.0 2.0 (74), -113 (26) 317 223
55.6: 2.0 2.0 (37), -98 (12) 324 216
55.7: 2.0 2.0 (23), -117 (28) 316 224
55.8: 2.0 2.0 (24), -90 (0) 328 212
55.9: 2.0 2.0 (86), -107 (24) 321 219
56.0: 2.0 2.0 (5), -90 (0) 328 212
56.1: 2.0 2.0 (24), -97 (12) 325 215
56.2: 2.0 2.1 (24), -97 (12) 325 215
56.3: 2.0 2.0 (20), -90 (0) 328 212
56.4: 2.0 2.0 (28), -112 (25) 319 221
56.5: 2.0 2.0 (4), -103 (13) 323 217
56.6: 2.0 2.0 (6), -105 (24) 322 218
56.7: 2.0 2.0 (10), -108 (36) 321 219
56.8: 2.0 2.0 (4), -153 (0) 296 244
56.9: 2.0 2.0 (2), -90 (0) 328 212
57.0: 2.0 2.0 (4), -90 (0) 328 212
57.1: 2.0 2.0 (4), -103 (13) 323 217
57.4: 2.0 2.0 (5), -90 (0) 329 211
57.5: 2.0 2.0 (6), -108 (13) 321 219
57.6: 2.0 2.0 (2), -90 (0) 329 211
57.7: 2.0 2.0 (4), -90 (27) 329 211
57.8: 2.0 2.0 (2), -117 (0) 318 222
57.9: 2.0 2.0 (2), -90 (0) 329 211
58.0: 2.0 2.0 (5), -106 (13) 323 217
58.2: 2.0 2.0 (8), -126 (16) 314 226
58.4: 2.0 2.0 (2), -117 (0) 318 222
58.6: 2.0 2.0 (6), -120 (26) 317 223
59.0: 2.0 2.0 (4), -103 (13) 325 215
59.2: 2.0 2.0 (4), -90 (0) 330 210
59.3: 2.0 2.0 (2), -90 (0) 330 210
59.6: 2.0 2.0 (2), -90 (0) 330 210
59.7: 2.0 2.0 (2), -90 (0) 330 210
59.9: 2.0 2.0 (2), -90 (0) 330 210
60.4: 2.0 2.0 (16), -148 (27) 306 234
61.7: 2.0 2.0 (6), 0 (0) 0 180
61.8: 2.0 3.5 (2), 50 (5) 16 164
61.9: 2.0 3.5 (4), 16 (2) 5 175
62.1: 2.0 4.0 (2), 27 (0) 8 172
62.4: 2.0 3.0 (2), 0 (0) 0 180
62.5: 2.0 3.0 (2), -18 (0) 354 186
62.6: 2.0 3.0 (3), 6 (8) 2 178
62.8: 2.0 3.0 (2), 18 (0) 5 175
88.8: 2.0 2.0 (3943), -65 (16) 346 194
92.4: 12.1 3.4 (639998), -100 (7) 339 201 69 111
94.8: 5.0 2.0 (2), -22 (0) 356 184
94.9: 5.2 2.0 (323532), -9 (13) 358 182
95.0: 3.0 2.0 (4), -9 (9) 358 182
96.9: 2.5 2.2 (1737), -116 (16) 337 203 57 123
97.0: 6.3 5.2 (639984), -119 (6) 336 204 56 124
97.1: 2.6 2.2 (3264), -114 (16) 337 203 58 122
99.0: 3.0 2.0 (2), -72 (0) 346 194 76 104
99.1: 4.1 2.0 (428421), -52 (16) 350 190 90
99.2: 4.0 2.0 (6), -66 (24) 347 193 81 99
101.4: 7.7 2.8 (639659), -76 (0) 346 194 69 111
104.1: 4.5 2.0 (626), -90 (13) 343 197 60 120
104.2: 8.9 3.2 (638814), -92 (7) 343 197 59 121
104.3: 4.8 2.0 (530), -92 (11) 343 197 59 121
104.7: 2.0 2.3 (6), 117 (26) 309 231 22 158
104.8: 2.0 3.9 (2340), 119 (23) 310 230 22 158
105.1: 3.0 2.1 (2839), 38 (19) 270 7 173
105.2: 6.6 4.0 (639504), 38 (9) 270 7 173
105.3: 2.4 2.0 (880), 31 (22) 270 6 174
106.1: 2.5 2.0 (19067), 48 (23) 281 259 9 171
106.2: 2.0 2.0 (16), 44 (31) 277 263 8 172
106.6: 2.8 2.1 (1808), 10 (34) 270 2 178
106.7: 7.0 4.7 (639925), 41 (19) 275 265 7 173
106.8: 3.0 2.0 (22357), -61 (47) 349 191 69 111
106.9: 6.7 2.2 (112321), -90 (15) 344 196 57 123
107.0: 31.1 9.7 (639889), -92 (3) 344 196 57 123
107.1: 7.3 2.4 (92933), -90 (13) 344 196 57 123
107.2: 5.2 2.0 (1475), -89 (13) 344 196 58 122
107.3: 2.2 2.0 (32), -50 (40) 351 189 75 105
107.4: 2.2 2.0 (25730), 3 (22) 0 180
107.5: 2.0 2.0 (4), 0 (0) 0 180
