0.1: 2.6 9.8 (639960), -7 (6) 270
0.2: 3.0 11.8 (640000), -40 (0) 270
0.3: 3.1 11.4 (639995), 19 (0) 90
0.4: 2.7 10.8 (640000), 23 (0) 90
0.5: 2.5 9.7 (640000), 8 (5) 90
0.6: 2.0 8.0 (639713), 68 (0) 90
0.7: 2.0 6.0 (244189), -77 (0) 270
0.8: 2.0 4.0 (323), -27 (21) 270
0.9: 2.0 2.1 (155), 30 (54) 90
1.0: 2.0 2.5 (14297), -173 (41) 270
1.1: 2.0 2.0 (6), -180 (0) 270
1.3: 2.0 2.0 (6), 90 (0) 90
1.4: 2.0 2.0 (923), 12 (84) 90
1.5: 2.0 2.0 (455), 20 (22) 90
1.6: 2.0 2.0 (241), 1 (5) 12 168
1.7: 2.0 2.0 (52), -2 (10) 337 203
2.0: 2.0 2.2 (126), -162 (45) 270
2.1: 2.0 2.3 (6), -180 (0) 270
2.2: 2.0 2.0 (7), -172 (12) 270
3.0: 2.0 2.0 (2), -117 (0) 270
3.1: 2.0 2.2 (10), -173 (23) 270
3.2: 2.0 2.6 (198), -174 (13) 270
3.3: 2.1 2.0 (776), 173 (13) 90
3.4: 2.0 2.2 (698), 176 (15) 90
3.5: 2.0 2.4 (865), -180 (24) 270
3.6: 2.0 2.4 (191), -160 (41) 270
3.7: 2.0 2.2 (74), -171 (35) 270
3.8: 2.0 2.2 (110), -171 (38) 270
3.9: 2.0 2.2 (52), -163 (33) 270
4.0: 2.0 2.2 (35), -165 (35) 270
4.1: 2.1 2.3 (511), 173 (21) 90
4.2: 2.2 2.1 (709), 173 (16) 90
4.3: 2.2 2.1 (530), -180 (15) 270
4.4: 2.3 2.0 (341), -175 (13) 270
4.5: 2.2 2.1 (429), -167 (19) 270
4.6: 2.1 2.2 (125), -153 (29) 270
4.7: 2.0 2.1 (102), -139 (36) 270
4.8: 2.0 2.1 (75), -132 (36) 270
4.9: 2.0 2.3 (130), -110 (29) 270
5.0: 2.0 2.5 (147), -81 (37) 270
5.1: 2.1 2.8 (841), -99 (59) 270
5.2: 2.0 3.0 (198), -47 (59) 270
5.3: 2.0 2.2 (167), 6 (19) 22 158
5.4: 2.0 2.3 (1076), 13 (23) 53 127
5.5: 2.4 3.2 (10306), 17 (22) 90
5.6: 3.0 3.1 (34304), 14 (21) 56 124
5.7: 3.7 2.9 (22048), 22 (31) 90
5.8: 3.4 2.3 (10089), 60 (52) 90
5.9: 3.9 2.4 (204239), 74 (66) 90
6.0: 3.9 3.0 (267561), 74 (80) 90
6.1: 3.0 3.2 (233319), 130 (45) 90
6.2: 2.4 2.2 (48769), 125 (29) 90
6.3: 3.0 3.2 (3678), 172 (18) 90
6.4: 2.5 3.0 (2546), 173 (16) 90
6.5: 2.3 2.8 (1611), 170 (15) 90
6.6: 2.5 3.2 (3407), 168 (14) 90
6.7: 3.0 4.0 (4225), 169 (13) 90
6.8: 3.2 4.3 (4669), 168 (13) 90
6.9: 2.6 3.5 (3707), 167 (16) 90
7.0: 2.0 2.3 (138), 179 (22) 90
7.1: 2.0 2.3 (3003), -180 (18) 270
7.2: 2.5 3.3 (185282), 174 (26) 90
7.3: 2.5 3.2 (181294), -179 (24) 270
7.4: 5.6 9.1 (551811), -167 (27) 270
7.5: 2.0 2.6 (45955), -176 (15) 270
7.6: 2.0 2.4 (167), 171 (14) 90
7.7: 2.0 2.3 (169), 166 (16) 90
7.8: 2.1 2.5 (693), 162 (17) 90
7.9: 2.1 2.4 (728), 163 (19) 90
8.0: 2.4 2.5 (1564), 164 (17) 90
8.1: 2.7 2.8 (2359), 171 (17) 90
8.2: 3.2 3.4 (4210), 175 (13) 90
8.3: 3.4 3.8 (4135), 178 (11) 90
8.4: 3.5 4.1 (6208), 179 (10) 90
8.5: 3.5 4.6 (64577), 179 (16) 90
8.6: 2.5 3.0 (23283), 169 (18) 90
8.7: 3.0 3.9 (4123), 173 (10) 90
8.8: 3.0 3.6 (4452), 170 (11) 90
8.9: 3.0 3.2 (3983), 172 (11) 90
9.0: 3.1 3.2 (5940), 175 (11) 90
9.1: 2.4 2.5 (16469), 175 (14) 90
9.2: 2.2 2.4 (38466), 175 (15) 90
9.3: 2.4 2.7 (150238), 175 (14) 90
9.4: 5.9 6.7 (553270), 174 (9) 90
9.5: 10.8 12.3 (613924), 177 (9) 90
9.6: 4.0 4.4 (466935), 177 (10) 90
9.7: 5.8 6.8 (546735), 178 (8) 90
9.8: 5.1 6.2 (558114), 176 (7) 90
9.9: 2.7 3.2 (257664), 179 (9) 90
10.0: 2.7 3.0 (31782), 178 (11) 90
10.1: 2.3 2.6 (6769), 178 (12) 90
10.2: 3.1 3.6 (6216), 178 (11) 90
10.3: 7.7 9.2 (6903), 176 (6) 90
10.4: 7.9 9.5 (6755), 176 (6) 90
10.5: 7.9 9.5 (6785), 175 (6) 90
10.6: 7.7 9.1 (6699), 175 (5) 90
10.7: 7.4 8.7 (6709), 175 (5) 90
10.8: 6.9 8.1 (6461), 175 (5) 90
10.9: 7.6 8.8 (6739), 175 (5) 90
11.0: 7.7 8.8 (6755), 176 (5) 90
11.1: 7.0 7.9 (9351), 177 (7) 90
11.2: 9.2 10.4 (6832), 176 (5) 90
11.3: 11.3 12.4 (6924), 176 (5) 90
11.4: 11.8 12.9 (6917), 177 (5) 90
11.5: 13.8 15.0 (7165), 178 (5) 90
11.6: 3.8 3.8 (53325), 174 (15) 90
11.7: 3.0 3.1 (115507), -171 (14) 270
11.8: 3.5 3.5 (351484), -176 (14) 270
11.9: 3.6 3.6 (363896), -180 (11) 270
12.0: 9.5 10.5 (9584), -179 (7) 270
12.1: 13.6 15.1 (7594), -179 (4) 270
12.2: 12.8 14.2 (6957), -178 (5) 270
12.3: 15.1 16.7 (7033), -178 (4) 270
12.4: 13.6 15.0 (6616), -177 (4) 270
12.5: 15.8 17.5 (7008), -177 (4) 270
12.6: 14.0 15.6 (6634), -177 (4) 270
12.7: 16.3 18.1 (6995), -177 (4) 270
12.8: 15.4 17.1 (6814), -176 (4) 270
12.9: 18.4 20.5 (7052), -176 (3) 270
13.0: 17.1 19.0 (6997), -176 (3) 270
13.1: 20.8 23.1 (7056), -175 (3) 270
13.2: 18.7 20.9 (7072), -174 (3) 270
13.3: 21.6 24.3 (7066), -174 (3) 270
13.4: 20.3 23.2 (7080), -174 (3) 270
13.5: 22.5 25.8 (7096), -174 (3) 270
13.6: 19.6 22.6 (7093), -174 (3) 270
13.7: 7.2 8.7 (25472), -172 (14) 270
13.8: 17.8 20.6 (7047), -174 (4) 270
13.9: 15.1 17.6 (6945), -173 (4) 270
14.0: 4.7 5.5 (5834), -174 (9) 270
14.1: 3.6 4.2 (4873), -175 (10) 270
14.2: 3.3 3.8 (4457), -175 (12) 270
14.3: 3.5 4.0 (4561), -176 (11) 270
14.4: 5.9 7.0 (6425), -176 (8) 270
14.5: 13.0 15.2 (6845), -176 (5) 270
14.6: 13.0 14.8 (6985), -177 (5) 270
14.7: 12.2 13.6 (6936), -177 (5) 270
14.8: 11.9 12.9 (6960), -177 (6) 270
14.9: 10.8 11.6 (6756), -176 (7) 270
15.0: 10.3 11.1 (6930), -177 (8) 270
15.1: 9.6 10.0 (6848), -179 (9) 270
15.2: 9.9 9.6 (6776), 179 (10) 90
15.3: 9.3 8.1 (6773), 177 (19) 90
15.4: 9.9 7.0 (6538), 175 (15) 90
15.5: 9.7 5.3 (6130), 179 (23) 90
15.6: 10.7 4.1 (5597), -164 (33) 270
15.7: 9.2 3.5 (4844), -116 (46) 270
15.8: 8.6 4.7 (6171), -78 (37) 270
15.9: 6.3 5.5 (7254), -58 (37) 270
16.0: 4.6 6.0 (10429), -40 (36) 304 236
16.1: 3.1 4.7 (15473), -21 (35) 334 206
16.2: 2.8 4.4 (24269), -9 (33) 349 191
16.3: 2.6 3.4 (29499), 0 (33) 0 180
16.4: 2.6 3.6 (24611), 11 (40) 13 167
16.5: 2.6 4.3 (18424), 26 (51) 32 148
16.6: 3.0 6.6 (14038), 50 (62) 90
16.7: 3.4 7.2 (10536), 65 (69) 90
16.8: 4.5 9.1 (8971), 95 (67) 90
16.9: 5.2 9.5 (6837), 126 (53) 90
17.0: 6.5 10.8 (6715), 146 (29) 90
17.1: 6.3 9.9 (6370), 156 (20) 90
17.2: 7.2 10.9 (6454), 160 (14) 90
17.3: 6.8 10.2 (6542), 164 (13) 90
17.4: 7.3 11.2 (6660), 168 (8) 90
17.5: 6.5 10.1 (6612), 169 (9) 90
17.6: 7.3 11.6 (6663), 171 (7) 90
17.7: 6.5 10.6 (6512), 171 (9) 90
17.8: 7.2 11.8 (6599), 171 (7) 90
17.9: 6.4 10.6 (6304), 171 (8) 90
18.0: 4.2 7.0 (5538), 171 (10) 90
18.1: 2.3 3.8 (1965), 172 (15) 90
18.2: 2.3 3.7 (1693), 172 (14) 90
18.3: 4.2 7.3 (6065), 171 (11) 90
18.4: 4.2 7.4 (6080), 171 (12) 90
18.5: 3.5 6.4 (5708), 171 (14) 90
18.6: 3.3 6.2 (5770), 170 (15) 90
18.7: 3.3 6.4 (5771), 167 (15) 90
18.8: 3.4 6.7 (5637), 164 (15) 90
18.9: 3.7 7.5 (5975), 164 (15) 90
19.0: 3.8 8.3 (5540), 163 (13) 90
19.1: 3.9 9.5 (5346), 163 (13) 90
19.2: 3.5 9.6 (5224), 167 (14) 90
19.3: 3.5 10.1 (5217), 177 (16) 90
19.4: 3.5 9.6 (5255), -172 (16) 270
19.5: 4.2 9.7 (5664), -162 (14) 270
19.6: 4.5 8.6 (6005), -157 (13) 270
19.7: 5.4 8.6 (6092), -155 (11) 270
19.8: 5.3 7.4 (6150), -152 (12) 270
19.9: 6.0 7.6 (6324), -149 (11) 270
20.0: 5.5 6.4 (6063), -146 (13) 270
20.1: 5.7 6.5 (6205), -142 (12) 270
20.2: 5.2 5.5 (5812), -136 (14) 270
20.3: 5.3 5.7 (5965), -130 (14) 270
20.4: 4.7 4.8 (5054), -121 (16) 270
20.5: 4.3 4.6 (5357), -110 (16) 270
20.6: 3.5 4.0 (4112), -92 (19) 270
20.7: 2.8 4.4 (3924), -74 (21) 270
20.8: 2.3 4.8 (1881), -65 (24) 270
20.9: 2.0 4.3 (370), -70 (26) 270
21.0: 2.0 2.0 (2), -90 (0) 270
21.6: 2.0 6.5 (146), -44 (23) 317 223
21.7: 2.0 6.7 (317), -12 (21) 349 191
21.8: 2.0 6.5 (579), 18 (23) 16 164
21.9: 2.1 6.7 (1242), 43 (22) 41 139
22.0: 2.3 6.4 (1780), 58 (20) 61 119
22.1: 2.4 6.2 (2797), 72 (17) 90
22.2: 2.6 6.0 (2913), 83 (15) 90
22.3: 2.8 6.1 (3673), 92 (14) 90
22.4: 2.9 5.9 (3757), 100 (13) 90
22.5: 2.9 5.8 (4250), 106 (13) 90
22.6: 2.9 5.6 (3978), 111 (14) 90
22.7: 3.0 5.7 (4183), 117 (13) 90
22.8: 3.0 5.4 (3968), 122 (13) 90
22.9: 2.8 5.2 (3756), 127 (14) 90
23.0: 2.7 5.0 (3689), 132 (14) 90
23.1: 2.7 5.1 (3414), 136 (14) 90
23.2: 2.5 4.9 (3069), 140 (14) 90
23.3: 2.3 4.8 (2261), 142 (15) 90
23.4: 2.2 4.8 (1972), 144 (15) 90
23.5: 2.1 4.6 (1287), 143 (16) 90
23.6: 2.1 4.5 (949), 147 (17) 90
23.7: 2.0 4.5 (676), 150 (16) 90
23.8: 2.0 4.5 (525), 152 (17) 90
23.9: 2.0 4.8 (318), 153 (19) 90
24.0: 2.0 4.8 (307), 155 (18) 90
24.1: 2.0 5.1 (157), 160 (15) 90
24.2: 2.0 4.8 (187), 164 (18) 90
24.3: 2.0 5.0 (73), 173 (16) 90
24.4: 2.0 4.7 (45), -175 (16) 270
24.5: 2.0 5.2 (40), -161 (20) 270
24.6: 2.0 4.2 (36), -137 (32) 270
24.7: 2.0 4.1 (50), -104 (28) 270
24.8: 2.0 2.2 (31), -106 (36) 270
25.0: 2.0 2.0 (10), -138 (51) 270
25.1: 2.1 3.1 (721), -48 (28) 321 219
25.2: 2.4 3.8 (2049), -51 (26) 318 222
25.3: 2.6 3.6 (2320), -52 (25) 317 223
25.4: 3.0 3.7 (3237), -61 (24) 307 233
25.5: 3.3 3.4 (3201), -66 (26) 301 239
25.6: 3.4 3.4 (3626), -71 (27) 293 247
25.7: 3.5 3.1 (3013), -81 (28) 270
25.8: 3.5 3.0 (3143), -90 (30) 270
25.9: 3.4 2.8 (2619), -103 (31) 270
26.0: 3.5 2.8 (2756), -119 (31) 270
26.1: 3.6 2.7 (2654), -138 (31) 270
26.2: 4.0 2.9 (3238), -155 (26) 270
26.3: 4.3 3.0 (3459), -171 (26) 270
26.4: 5.0 3.4 (4104), 175 (23) 90
26.5: 5.3 3.6 (4461), 160 (24) 90
26.6: 6.2 4.3 (5025), 146 (21) 90
26.7: 6.7 4.6 (5402), 131 (21) 90
26.8: 7.9 5.4 (5712), 118 (19) 90
26.9: 8.7 5.9 (5940), 105 (18) 90
27.0: 9.4 6.3 (6045), 94 (18) 90
27.1: 9.9 6.5 (6122), 84 (17) 90
27.2: 10.6 6.8 (6200), 76 (17) 68 112
27.3: 11.5 7.0 (6161), 67 (17) 55 125
27.4: 11.3 6.7 (6185), 60 (17) 47 133
27.5: 11.6 6.8 (6165), 51 (16) 38 142
27.6: 11.3 6.4 (5921), 45 (17) 33 147
27.7: 11.9 6.4 (5910), 36 (17) 26 154
27.8: 11.0 5.9 (5709), 29 (17) 20 160
27.9: 9.1 4.9 (5154), 23 (19) 16 164
28.0: 3.3 2.3 (1116), 30 (30) 21 159
28.1: 2.5 2.1 (282), 40 (41) 28 152
28.2: 2.1 2.1 (111), 50 (45) 36 144
28.3: 2.0 2.1 (52), 83 (43) 77 103
28.4: 2.0 2.5 (24), 90 (57) 90
28.5: 2.3 3.7 (1291), 141 (24) 90
28.6: 2.0 2.4 (32), 134 (43) 90
30.0: 2.0 2.5 (49), 169 (19) 90
41.7: 2.0 2.0 (7), -172 (12) 270
41.8: 2.0 2.0 (2), -153 (0) 270
41.9: 2.0 2.0 (2), -153 (0) 270
42.1: 2.0 2.0 (2), -153 (0) 270
42.2: 2.0 2.0 (6), -171 (13) 270
42.3: 2.0 2.0 (8), -148 (31) 270
42.4: 2.0 2.0 (16), -120 (22) 290 250
42.5: 2.0 2.0 (30), -158 (26) 270
42.6: 2.0 2.0 (10), -149 (28) 270
42.7: 2.0 2.0 (6), -150 (26) 270
42.8: 2.0 2.0 (6), -120 (26) 291 249
42.9: 2.0 2.0 (20), -149 (34) 270
43.0: 2.0 2.0 (35), -150 (35) 270
43.1: 2.0 2.0 (10), -144 (36) 270
43.2: 2.1 2.0 (19), -145 (25) 270
43.3: 2.0 2.0 (28), -145 (28) 270
43.4: 2.0 2.0 (30), -137 (33) 270
43.5: 2.0 2.0 (29), -142 (31) 270
43.6: 2.0 2.0 (26), -152 (31) 270
43.7: 2.1 2.0 (41), -155 (24) 270
43.8: 2.0 2.0 (84), -164 (20) 270
43.9: 2.0 2.0 (21), -135 (37) 270
44.0: 2.0 2.0 (23), -127 (27) 286 254
44.1: 2.0 2.0 (28), -133 (31) 270
44.2: 2.0 2.0 (23), -151 (30) 270
44.3: 2.0 2.0 (31), -151 (30) 270
44.4: 2.0 2.0 (45), -154 (25) 270
44.5: 2.0 2.0 (67), -142 (31) 270
44.6: 2.0 2.0 (39), -147 (27) 270
44.7: 2.0 2.0 (44), -133 (33) 279 261
44.8: 2.0 2.0 (78), -136 (31) 270
44.9: 2.0 2.0 (99), -150 (26) 270
45.0: 2.4 2.0 (5465), 163 (27) 90
45.1: 2.0 2.0 (154), -150 (30) 270
45.2: 2.0 2.0 (75), -160 (28) 270
45.3: 2.0 2.0 (63), -148 (29) 270
45.4: 2.0 2.0 (54), -146 (34) 270
45.5: 2.0 2.0 (81), -147 (29) 270
45.6: 2.0 2.0 (106), -145 (32) 270
45.7: 2.0 2.0 (93), -129 (27) 290 250
45.8: 2.0 2.0 (152), -142 (28) 270
45.9: 2.0 2.0 (89), -140 (26) 270
46.0: 2.0 2.0 (42), -129 (35) 291 249
46.1: 2.0 2.0 (82), -134 (32) 285 255
46.2: 2.0 2.0 (92), -133 (34) 287 253
46.3: 2.0 2.0 (85), -153 (28) 270
46.4: 2.0 2.0 (99), -139 (32) 275 265
46.5: 2.0 2.0 (54), -138 (29) 279 261
46.6: 2.0 2.0 (52), -150 (30) 270
46.7: 2.0 2.0 (50), -126 (29) 296 244
46.8: 2.0 2.0 (58), -138 (33) 281 259
46.9: 2.0 2.0 (58), -131 (34) 292 248
47.0: 2.0 2.0 (50), -139 (31) 280 260
47.1: 2.0 2.0 (36), -146 (29) 270
47.2: 2.0 2.0 (41), -133 (25) 291 249
47.3: 2.0 2.0 (47), -130 (33) 294 246
47.4: 2.0 2.0 (18), -133 (38) 291 249
47.5: 2.0 2.0 (71), -151 (38) 270
47.6: 2.0 2.0 (28), -120 (21) 303 237
47.7: 2.0 2.0 (12), -150 (35) 270
47.8: 2.0 2.0 (40), -147 (32) 270
47.9: 2.0 2.0 (8), -151 (29) 270
48.0: 2.0 2.0 (20), -134 (34) 292 248
48.1: 2.0 2.0 (2), -180 (0) 270
48.2: 2.0 2.0 (14), -132 (28) 294 246
48.3: 2.0 2.3 (6), -135 (15) 292 248
48.4: 2.0 2.0 (10), -138 (31) 289 251
48.5: 2.0 2.0 (2), -117 (0) 307 233
48.6: 2.0 2.0 (20), -144 (30) 280 260
48.7: 2.0 2.0 (3), -180 (0) 270
48.8: 2.0 2.0 (16), -143 (42) 284 256
48.9: 2.0 2.0 (9), -157 (37) 270
49.0: 2.0 2.0 (13), -174 (11) 270
49.1: 2.0 2.0 (2), -180 (0) 270
49.2: 2.0 2.0 (2), -90 (0) 323 217
49.3: 2.0 2.0 (2), -153 (0) 270
49.7: 2.0 2.0 (2), -90 (0) 323 217
49.8: 2.0 2.0 (2), -180 (0) 270
49.9: 2.0 2.0 (6), -150 (42) 270
50.0: 2.1 2.0 (121), 120 (76) 53 127
50.1: 2.0 2.0 (2), 117 (0) 51 129
50.2: 2.0 2.0 (2), -180 (0) 270
50.3: 2.0 2.0 (2), -180 (0) 270
51.6: 2.0 2.0 (6), 120 (26) 51 129
51.7: 2.0 2.0 (6), 90 (0) 35 145
51.8: 2.0 2.0 (2), 103 (13) 41 139
51.9: 2.0 2.0 (4), 121 (31) 51 129
52.0: 2.0 2.0 (2), 90 (0) 35 145
52.1: 2.0 2.0 (8), 119 (37) 49 131
52.3: 2.0 2.0 (2), 90 (0) 35 145
52.5: 2.0 2.0 (4), 103 (13) 41 139
52.6: 2.0 2.0 (6), 159 (30) 90
52.7: 2.0 2.0 (4), 103 (13) 40 140
52.8: 2.0 2.0 (7), 109 (12) 43 137
52.9: 3.0 2.0 (2), 135 (0) 58 122
53.0: 2.0 2.0 (12), 121 (31) 49 131
53.1: 2.0 2.0 (2), 117 (0) 47 133
53.2: 2.0 2.0 (6), 120 (26) 48 132
53.3: 2.0 2.0 (2), 90 (0) 34 146
53.4: 2.0 2.0 (6), 120 (26) 48 132
53.5: 2.0 2.0 (1), 90 (0) 34 146
53.6: 2.0 2.0 (8), 106 (16) 41 139
53.7: 2.0 2.0 (4), 135 (18) 57 123
53.8: 2.0 2.0 (2), 127 (0) 52 128
53.9: 2.0 2.0 (2), 117 (0) 46 134
54.1: 2.0 2.0 (2), 90 (0) 34 146
54.2: 2.0 2.0 (4), 135 (45) 56 124
54.4: 2.0 2.0 (6), 138 (30) 58 122
55.0: 2.0 2.0 (5), 138 (18) 56 124
55.5: 2.0 2.0 (4), 148 (31) 63 117
55.6: 2.0 2.0 (2), -180 (0) 270
55.7: 2.0 2.0 (2), 117 (0) 44 136
55.8: 2.0 2.0 (2), 90 (0) 32 148
55.9: 2.1 2.0 (12), 132 (29) 52 128
56.5: 2.0 2.0 (2), 153 (0) 64 116
59.0: 2.0 2.0 (4), 166 (13) 69 111
60.3: 2.0 2.0 (2), 153 (0) 58 122
61.6: 2.0 2.0 (9), -124 (39) 318 222
61.7: 2.0 2.0 (7), -138 (32) 312 228
61.8: 2.0 2.0 (22), -139 (32) 312 228
61.9: 2.0 2.0 (37), -123 (30) 319 221
62.0: 2.0 2.0 (10), -151 (20) 306 234
62.1: 2.0 2.0 (12), -131 (32) 316 224
62.2: 2.0 2.0 (16), -120 (31) 320 220
62.3: 2.0 2.0 (6), -99 (13) 328 212
62.4: 2.0 2.0 (9), -133 (18) 315 225
62.5: 2.0 2.0 (10), -113 (23) 323 217
62.6: 2.0 2.0 (12), -141 (33) 312 228 90
62.7: 2.0 2.0 (7), -131 (34) 316 224
62.8: 2.0 2.0 (9), -123 (24) 320 220
62.9: 2.0 2.0 (10), -148 (20) 309 231
63.0: 2.0 2.0 (6), -90 (0) 332 208
63.1: 2.0 2.0 (8), -128 (39) 318 222
63.2: 2.0 2.0 (8), -119 (22) 321 219
63.3: 2.0 2.0 (7), -141 (32) 312 228 90
63.5: 2.0 2.0 (8), -115 (27) 323 217
63.6: 2.0 2.0 (2), -180 (0) 290 250 71 109
63.7: 2.0 2.0 (6), -108 (13) 326 214
63.9: 2.0 2.0 (4), -135 (18) 316 224
64.0: 2.0 2.0 (2), -117 (0) 323 217
64.1: 2.0 2.0 (2), -90 (0) 332 208
64.5: 2.0 2.0 (2), -180 (0) 292 248 69 111
64.7: 2.0 2.0 (4), -135 (18) 316 224
88.8: 3.5 2.0 (12), 19 (7) 4 176
90.5: 2.0 2.0 (3092), -14 (21) 357 183
92.4: 3.9 2.0 (6073), 10 (12) 2 178
94.8: 2.0 2.5 (229), -80 (12) 344 196 80 100
94.9: 2.9 4.9 (639446), -115 (0) 336 204 60 120
95.0: 2.0 3.1 (428), -85 (10) 343 197 75 105
95.9: 2.0 2.0 (2), 90 (0) 291 249 18 162
99.1: 2.0 3.0 (12692), -102 (12) 340 200 60 120
101.3: 2.3 2.0 (12), 55 (20) 270 10 170
101.4: 2.4 2.1 (571662), -80 (0) 345 195 67 113
101.5: 2.0 2.0 (4), 90 (0) 297 243 17 163
104.1: 2.0 3.3 (89), -119 (17) 338 202 51 129
104.2: 2.2 4.9 (631698), -174 (0) 326 214 37 143
104.3: 2.0 3.2 (94), -130 (18) 336 204 47 133
105.1: 2.9 2.0 (170), 170 (13) 323 217 32 148
105.2: 4.5 2.4 (623511), 172 (11) 323 217 33 147
105.3: 2.3 2.0 (63), 178 (12) 325 215 34 146
106.1: 2.0 2.0 (38199), 174 (11) 324 216 33 147
106.2: 2.0 2.0 (6), 171 (13) 323 217 32 148
106.5: 2.0 2.0 (912), -159 (24) 330 210 39 141
106.6: 2.1 2.1 (9133), -179 (11) 326 214 35 145
106.7: 5.7 4.7 (639693), 173 (9) 324 216 33 147
106.8: 2.0 2.4 (38287), -170 (15) 328 212 36 144
106.9: 2.3 3.8 (139826), -161 (14) 330 210 38 142
107.0: 10.7 18.6 (639984), -158 (4) 331 209 39 141
107.1: 2.3 3.9 (119183), -159 (14) 331 209 39 141
107.2: 2.0 2.5 (3936), -166 (14) 329 211 37 143
107.3: 2.0 2.0 (244), -176 (11) 327 213 35 145
107.4: 2.0 2.0 (130443), 179 (11) 326 214 34 146
107.5: 2.0 2.0 (23), -177 (8) 327 213 35 145
284.8: 2.0 2.0 (2), 90 (0) 313 227 342 198 6 174 32 148 71 109
