0.1: 2.2 9.6 (638812), 170 (0) 90
0.2: 2.5 11.4 (639988), 14 (0) 90
0.3: 2.9 11.1 (637973), 13 (0) 90
0.4: 2.1 10.5 (639907), 170 (0) 90
0.5: 2.1 9.3 (639926), -98 (0) 270
0.6: 2.0 8.0 (614581), 70 (0) 90
0.7: 2.0 5.9 (65309), -16 (8) 270
0.8: 2.0 4.0 (6), -27 (13) 270
0.9: 2.0 2.0 (4), 63 (0) 90
1.0: 2.0 2.5 (8320), -170 (38) 270
1.3: 2.0 2.0 (2), 90 (0) 90
1.4: 2.0 2.0 (262), 41 (76) 90
1.5: 2.0 2.0 (41), 19 (33) 90
1.6: 2.0 2.0 (22), 2 (8) 25 155
1.7: 2.0 2.0 (2), 0 (0) 0 180
2.0: 2.0 2.3 (12), 169 (38) 90
3.2: 2.0 2.8 (214), 178 (17) 90
3.3: 2.1 2.0 (343), 167 (15) 90
3.4: 2.0 2.0 (93), 165 (21) 90
4.1: 2.0 2.2 (312), 166 (24) 90
4.2: 2.1 2.1 (524), 167 (17) 90
4.3: 2.1 2.0 (420), 176 (15) 90
4.4: 2.1 2.0 (167), -177 (10) 270
4.5: 2.0 2.0 (232), -172 (15) 270
4.6: 2.0 2.1 (136), -127 (36) 270
4.7: 2.0 2.0 (22), -126 (36) 270
4.8: 2.2 2.0 (8), -90 (0) 270
4.9: 2.0 2.0 (26), -73 (45) 270
5.0: 2.1 2.1 (34), -52 (40) 270
5.1: 2.1 2.4 (601), -17 (45) 270
5.2: 2.1 2.7 (3537), -3 (19) 349 191
5.3: 2.0 2.0 (1919), 3 (12) 11 169
5.4: 2.2 2.0 (8518), 5 (13) 18 162
5.5: 3.3 2.2 (7526), 15 (20) 65 115
5.6: 5.5 2.2 (1577), 43 (26) 90
5.7: 4.0 2.0 (435), 125 (41) 90
5.8: 3.5 2.2 (1638), 156 (34) 90
5.9: 2.9 2.5 (106331), 121 (69) 90
6.0: 3.2 3.3 (286050), 152 (64) 90
6.1: 2.6 3.1 (122694), 149 (36) 90
6.2: 2.3 2.5 (4218), 146 (35) 90
6.3: 2.2 2.7 (1896), 171 (16) 90
6.4: 2.1 2.8 (1186), 171 (16) 90
6.5: 2.1 2.7 (1005), 159 (20) 90
6.6: 2.0 3.1 (352), 168 (14) 90
6.7: 2.0 3.4 (500), 164 (15) 90
6.8: 2.0 3.2 (240), 145 (20) 90
6.9: 2.0 2.1 (51), 149 (29) 90
7.0: 2.0 2.0 (6), -180 (0) 270
7.1: 2.0 2.3 (6), -180 (0) 270
7.2: 2.2 3.2 (112779), -171 (21) 270
7.3: 2.1 2.6 (48774), -164 (25) 270
7.4: 3.0 4.4 (330514), -169 (35) 270
7.5: 2.0 2.6 (10123), 176 (22) 90
7.6: 2.0 2.5 (535), 168 (15) 90
7.7: 2.0 2.4 (598), 162 (16) 90
7.8: 2.2 2.4 (1435), 161 (17) 90
7.9: 2.3 2.4 (1192), 163 (17) 90
8.0: 2.5 2.5 (1885), 168 (16) 90
8.1: 2.7 2.8 (2197), 173 (16) 90
8.2: 2.9 3.2 (3773), 176 (13) 90
8.3: 2.9 3.5 (3257), 175 (12) 90
8.4: 3.2 3.8 (4361), 175 (10) 90
8.5: 3.0 3.7 (3829), 175 (10) 90
8.6: 3.1 3.9 (4613), 174 (9) 90
8.7: 2.8 3.6 (3555), 173 (9) 90
8.8: 3.0 3.7 (4371), 171 (9) 90
8.9: 3.0 3.6 (3737), 172 (10) 90
9.0: 3.2 3.7 (4893), 174 (11) 90
9.1: 2.2 2.5 (21250), 174 (14) 90
9.2: 2.2 2.7 (21888), 176 (14) 90
9.3: 2.2 3.0 (136334), 176 (14) 90
9.4: 5.3 6.9 (568354), 175 (9) 90
9.5: 7.7 11.5 (598139), 172 (11) 90
9.6: 3.6 5.0 (464181), 175 (10) 90
9.7: 3.7 5.7 (478006), 172 (10) 90
9.8: 2.6 3.8 (281304), 179 (10) 90
9.9: 2.4 3.5 (125312), 178 (10) 90
10.0: 3.8 5.1 (10847), 178 (9) 90
10.1: 2.2 2.9 (6491), 177 (11) 90
10.2: 3.2 4.6 (5012), 178 (10) 90
10.3: 7.3 10.5 (6754), 178 (6) 90
10.4: 7.3 10.5 (6790), 177 (6) 90
10.5: 5.2 7.5 (10722), 179 (9) 90
10.6: 6.6 9.5 (6666), 177 (5) 90
10.7: 6.5 9.4 (6572), 177 (5) 90
10.8: 5.8 8.4 (6342), 178 (5) 90
10.9: 6.3 9.0 (6682), 178 (5) 90
11.0: 3.4 4.7 (19198), -179 (9) 270
11.1: 7.3 10.4 (6821), 178 (5) 90
11.2: 7.7 11.1 (6737), 179 (5) 90
11.3: 9.5 13.6 (6875), 179 (5) 90
11.4: 9.4 13.5 (6919), 179 (5) 90
11.5: 10.7 15.3 (7305), -179 (5) 270
11.6: 6.3 8.6 (13679), -177 (12) 270
11.7: 2.6 4.5 (146734), -56 (0) 270
11.8: 2.8 4.8 (292465), -170 (12) 270
11.9: 3.5 5.3 (410188), 153 (0) 90
12.0: 2.9 4.2 (64610), -176 (11) 270
12.1: 9.7 14.5 (8498), -178 (6) 270
12.2: 10.2 15.4 (6898), -178 (5) 270
12.3: 11.9 17.9 (7303), -178 (5) 270
12.4: 3.8 6.0 (46998), -170 (11) 270
12.5: 5.0 7.7 (29238), -172 (11) 270
12.6: 11.8 18.0 (6750), -177 (5) 270
12.7: 14.1 21.6 (6955), -177 (4) 270
12.8: 13.3 20.6 (6747), -177 (4) 270
12.9: 15.3 23.7 (7009), -177 (3) 270
13.0: 13.6 21.2 (6969), -177 (4) 270
13.1: 15.2 23.6 (7016), -176 (3) 270
13.2: 12.7 19.9 (6998), -177 (3) 270
13.3: 13.0 20.4 (7017), -177 (3) 270
13.4: 11.6 18.4 (6962), -177 (4) 270
13.5: 12.3 19.4 (6976), -177 (4) 270
13.6: 11.0 17.4 (6987), -177 (4) 270
13.7: 4.4 7.6 (30181), -174 (10) 270
13.8: 10.6 16.5 (6996), -177 (4) 270
13.9: 9.4 14.6 (6719), -177 (5) 270
14.0: 3.1 5.0 (4468), -176 (10) 270
14.1: 2.6 4.1 (2924), -176 (11) 270
14.2: 2.5 3.8 (2327), -175 (12) 270
14.3: 2.5 3.9 (2768), -175 (11) 270
14.4: 4.1 6.3 (5675), -174 (8) 270
14.5: 8.8 13.3 (6679), -174 (6) 270
14.6: 8.3 12.6 (6850), -174 (6) 270
14.7: 7.8 11.7 (6773), -174 (6) 270
14.8: 7.5 11.0 (6763), -173 (6) 270
14.9: 6.9 9.9 (6501), -173 (7) 270
15.0: 6.5 9.1 (7042), -172 (8) 270
15.1: 6.3 8.7 (6601), -171 (8) 270
15.2: 6.1 8.2 (6874), -170 (8) 270
15.3: 5.4 7.1 (6663), -169 (10) 270
15.4: 5.5 7.0 (6407), -167 (10) 270
15.5: 4.9 6.1 (6217), -164 (11) 270
15.6: 4.9 6.0 (6486), -161 (13) 270
15.7: 4.5 5.7 (5800), -156 (14) 270
15.8: 4.7 6.2 (6021), -153 (14) 270
15.9: 4.7 6.2 (5854), -154 (15) 270
16.0: 5.4 7.1 (6155), -156 (15) 270
16.1: 5.7 6.9 (5944), -155 (17) 270
16.2: 7.3 8.0 (6650), -154 (16) 270
16.3: 7.7 7.6 (6201), -148 (18) 270
16.4: 9.7 8.6 (6722), -141 (17) 270
16.5: 10.3 8.4 (6366), -129 (22) 270
16.6: 12.6 9.8 (6827), -115 (23) 270
16.7: 12.0 9.9 (6707), -96 (29) 270
16.8: 11.5 10.8 (8717), -76 (31) 270
16.9: 8.6 10.0 (9459), -62 (32) 270
17.0: 7.5 11.4 (9884), -52 (32) 270
17.1: 5.8 11.6 (8518), -47 (35) 294 246
17.2: 5.0 13.2 (7754), -42 (39) 306 234
17.3: 3.9 13.7 (5811), -34 (47) 319 221
17.4: 3.6 15.8 (4609), -20 (54) 338 202
17.5: 3.0 14.3 (2970), -5 (69) 355 185
17.6: 2.9 15.5 (2665), 25 (80) 28 152
17.7: 2.6 14.8 (2135), 57 (84) 90
17.8: 2.6 15.5 (2683), 123 (58) 90
17.9: 2.6 14.3 (2239), 131 (42) 90
18.0: 2.2 9.0 (1060), 132 (36) 90
18.1: 2.0 3.8 (60), -176 (72) 270
18.2: 2.0 3.5 (72), -177 (51) 270
18.3: 2.2 7.5 (1758), 153 (23) 90
18.4: 2.2 6.8 (1742), 157 (22) 90
18.5: 2.1 5.9 (798), 164 (23) 90
18.6: 2.0 5.2 (318), 170 (23) 90
18.7: 2.1 5.0 (198), 166 (22) 90
18.8: 2.0 4.6 (273), 167 (20) 90
18.9: 2.0 4.7 (456), 166 (19) 90
19.0: 2.0 4.9 (508), 169 (19) 90
19.1: 2.1 4.9 (460), 173 (20) 90
19.2: 2.0 5.0 (712), 174 (17) 90
19.3: 2.2 6.1 (1913), 173 (14) 90
19.4: 2.5 6.7 (3124), 172 (12) 90
19.5: 3.2 8.2 (4669), 174 (10) 90
19.6: 3.3 8.2 (5086), 175 (10) 90
19.7: 3.9 9.0 (5504), 177 (9) 90
19.8: 3.8 8.3 (5354), 179 (9) 90
19.9: 4.2 8.4 (5886), -177 (9) 270
20.0: 3.8 7.2 (5196), -173 (10) 270
20.1: 3.9 6.9 (5520), -166 (10) 270
20.2: 3.5 5.9 (4867), -158 (13) 270
20.3: 3.3 5.6 (4964), -148 (13) 270
20.4: 2.8 4.7 (3467), -136 (16) 270
20.5: 2.4 4.5 (2852), -118 (18) 270
20.6: 2.1 4.4 (709), -94 (19) 270
20.7: 2.0 5.0 (30), -90 (34) 270
20.8: 2.0 7.0 (2), 164 (0) 90
20.9: 2.0 5.6 (10), 168 (10) 90
21.5: 2.0 3.0 (4), -153 (0) 270
21.6: 2.3 5.7 (1916), -139 (14) 270
21.7: 2.2 6.3 (1962), -130 (15) 270
21.8: 2.1 7.4 (968), -123 (15) 270
21.9: 2.0 8.5 (585), -124 (16) 270
22.0: 2.0 10.0 (113), -130 (18) 270
22.1: 2.0 10.3 (46), -143 (17) 270
22.2: 2.1 11.9 (26), -162 (15) 270
22.3: 2.0 10.9 (107), -177 (13) 270
22.4: 2.0 10.1 (354), 173 (13) 90
22.5: 2.1 9.7 (921), 172 (12) 90
22.6: 2.1 8.6 (1246), 172 (13) 90
22.7: 2.2 8.2 (1890), 175 (11) 90
22.8: 2.3 7.9 (2058), 177 (12) 90
22.9: 2.3 7.2 (2103), 179 (11) 90
23.0: 2.3 6.8 (2180), -177 (11) 270
23.1: 2.3 6.6 (2231), -174 (11) 270
23.2: 2.2 6.2 (2005), -170 (12) 270
23.3: 2.1 6.0 (1320), -168 (12) 270
23.4: 2.1 5.9 (1034), -165 (12) 270
23.5: 2.0 5.9 (613), -166 (13) 270
23.6: 2.0 5.6 (400), -167 (13) 270
23.7: 2.0 5.7 (379), -169 (13) 270
23.8: 2.0 5.4 (405), -173 (12) 270
23.9: 2.0 5.3 (473), -174 (11) 270
24.0: 2.0 5.0 (746), -176 (12) 270
24.1: 2.1 4.8 (855), -176 (10) 270
24.2: 2.1 4.6 (1452), -175 (11) 270
24.3: 2.1 4.3 (1365), -173 (12) 270
24.4: 2.2 4.1 (1884), -171 (12) 270
24.5: 2.2 3.9 (1597), -167 (12) 270
24.6: 2.1 3.9 (1849), -162 (14) 270
24.7: 2.1 3.8 (1355), -157 (15) 270
24.8: 2.0 3.1 (156), -153 (17) 270
24.9: 2.0 2.0 (2), -153 (0) 270
25.0: 2.0 2.0 (2), -180 (0) 270
25.1: 2.0 3.6 (533), -151 (17) 270
25.2: 2.1 4.1 (1540), -149 (16) 270
25.3: 2.1 3.9 (1237), -143 (17) 270
25.4: 2.1 3.9 (1817), -140 (18) 270
25.5: 2.3 3.7 (1619), -134 (17) 270
25.6: 2.2 3.5 (1957), -133 (18) 270
25.7: 2.2 3.2 (1547), -132 (19) 270
25.8: 2.2 3.0 (1614), -134 (19) 270
25.9: 2.2 3.0 (1279), -137 (19) 270
26.0: 2.3 3.0 (1509), -143 (19) 270
26.1: 2.3 3.0 (1851), -155 (17) 270
26.2: 2.5 3.1 (2707), -160 (16) 270
26.3: 2.8 3.2 (3095), -171 (13) 270
26.4: 3.2 3.5 (4043), -175 (12) 270
26.5: 3.4 3.5 (4414), -180 (12) 270
26.6: 3.8 4.0 (4827), 177 (12) 90
26.7: 3.8 4.1 (4890), 171 (13) 90
26.8: 4.3 4.6 (5201), 164 (13) 90
26.9: 4.4 4.6 (5366), 157 (14) 90
27.0: 4.7 4.5 (5361), 152 (14) 90
27.1: 4.7 4.4 (5469), 148 (15) 90
27.2: 4.8 4.4 (5283), 146 (16) 90
27.3: 4.8 4.5 (5316), 145 (16) 90
27.4: 4.5 4.2 (5184), 144 (17) 90
27.5: 4.2 4.3 (5107), 141 (18) 90
27.6: 3.9 4.2 (4755), 137 (19) 90
27.7: 3.8 4.4 (4836), 132 (19) 90
27.8: 3.5 4.3 (4430), 129 (20) 90
27.9: 3.0 3.8 (3670), 125 (21) 90
28.0: 2.0 2.0 (32), 147 (35) 90
42.2: 2.0 2.0 (2), -90 (0) 315 225
42.3: 2.0 2.0 (6), -90 (0) 315 225
42.4: 2.0 2.0 (4), -117 (0) 294 246
42.5: 2.0 2.0 (2), -90 (0) 315 225
42.6: 2.0 2.0 (6), -90 (0) 315 225
42.7: 2.0 2.0 (4), -90 (0) 316 224
42.8: 2.0 2.0 (2), -117 (0) 295 245
42.9: 2.0 2.0 (2), -117 (0) 295 245
43.0: 2.0 2.0 (2), -90 (0) 316 224
43.1: 2.0 2.0 (11), -95 (10) 313 227
43.2: 2.0 2.0 (12), -94 (10) 314 226
43.3: 2.0 2.0 (27), -98 (18) 311 229
43.4: 2.0 2.0 (31), -97 (17) 312 228
43.5: 2.0 2.0 (38), -102 (20) 309 231
43.6: 2.0 2.0 (77), -105 (20) 307 233
43.7: 2.0 2.0 (100), -109 (25) 304 236
43.8: 2.0 2.0 (165), -124 (29) 290 250
43.9: 2.0 2.0 (90), -110 (24) 304 236
44.0: 2.0 2.0 (133), -108 (21) 305 235
44.1: 2.0 2.0 (96), -103 (19) 309 231
44.2: 2.0 2.0 (193), -104 (17) 309 231
44.3: 2.0 2.0 (183), -103 (19) 309 231
44.4: 2.0 2.0 (300), -104 (18) 309 231
44.5: 2.0 2.0 (281), -103 (18) 310 230
44.6: 2.0 2.0 (208), -103 (20) 310 230
44.7: 2.0 2.0 (206), -105 (23) 309 231
44.8: 2.0 2.0 (304), -110 (22) 305 235
44.9: 2.0 2.0 (390), -114 (27) 302 238
45.0: 2.1 2.0 (4500), -161 (23) 270
45.1: 2.0 2.0 (429), -109 (22) 306 234
45.2: 2.0 2.0 (538), -106 (20) 309 231
45.3: 2.0 2.0 (498), -107 (23) 308 232
45.4: 2.0 2.0 (535), -105 (20) 310 230
45.5: 2.0 2.0 (503), -101 (19) 313 227
45.6: 2.0 2.0 (572), -102 (18) 312 228
45.7: 2.0 2.0 (414), -103 (20) 312 228
45.8: 2.0 2.0 (373), -103 (19) 312 228
45.9: 2.0 2.0 (377), -103 (19) 312 228
46.0: 2.0 2.0 (185), -103 (19) 312 228
46.1: 2.0 2.0 (477), -105 (20) 311 229
46.2: 2.0 2.0 (552), -102 (19) 313 227
46.3: 2.0 2.0 (387), -104 (21) 312 228
46.4: 2.0 2.0 (454), -103 (20) 313 227
46.5: 2.0 2.0 (293), -100 (17) 314 226
46.6: 2.0 2.0 (210), -98 (16) 316 224
46.7: 2.0 2.0 (226), -102 (21) 314 226
46.8: 2.0 2.0 (187), -100 (17) 315 225
46.9: 2.0 2.0 (162), -100 (18) 315 225
47.0: 2.0 2.0 (120), -96 (12) 317 223
47.1: 2.0 2.0 (171), -99 (19) 316 224
47.2: 2.0 2.0 (155), -101 (21) 315 225
47.3: 2.0 2.0 (95), -101 (22) 315 225
47.4: 2.0 2.0 (73), -99 (17) 316 224
47.5: 2.0 2.0 (60), -107 (26) 312 228
47.6: 2.0 2.0 (52), -109 (28) 311 229
47.7: 2.0 2.0 (38), -93 (12) 320 220
47.8: 2.0 2.0 (44), -113 (30) 308 232
47.9: 2.0 2.0 (62), -104 (26) 314 226
48.0: 2.0 2.0 (65), -121 (28) 303 237
48.1: 2.0 2.0 (57), -105 (26) 314 226
48.2: 2.0 2.0 (52), -114 (26) 308 232
48.3: 2.0 2.0 (61), -134 (31) 292 248
48.4: 2.0 2.0 (66), -134 (36) 293 247
48.5: 2.0 2.0 (67), -120 (34) 305 235
48.6: 2.0 2.0 (61), -120 (28) 305 235
48.7: 2.0 2.0 (33), -132 (39) 296 244
48.8: 2.0 2.0 (67), -143 (35) 284 256
48.9: 2.0 2.0 (60), -142 (35) 285 255
49.0: 2.1 2.0 (57), -124 (35) 303 237
49.1: 2.1 2.0 (81), -133 (33) 296 244
49.2: 2.2 2.0 (64), -128 (33) 300 240
49.3: 2.0 2.0 (82), -140 (38) 289 251
49.4: 2.0 2.0 (123), -140 (33) 289 251
49.5: 2.0 2.0 (87), -142 (43) 287 253
49.6: 2.2 2.0 (109), -150 (34) 270
49.7: 2.2 2.0 (63), -156 (31) 270
49.8: 2.2 2.0 (70), -145 (30) 285 255
49.9: 2.1 2.0 (79), -152 (31) 270
50.0: 2.2 2.0 (837), 132 (65) 62 118
50.1: 2.2 2.0 (70), -152 (28) 270
50.2: 2.3 2.0 (52), -146 (30) 285 255
50.3: 2.3 2.0 (40), -144 (33) 288 252
50.4: 2.5 2.0 (16), -161 (12) 270
51.6: 2.0 2.0 (11), 78 (24) 30 150
51.7: 2.0 2.0 (2), 90 (0) 35 145
51.8: 2.0 2.0 (2), 117 (0) 49 131
51.9: 2.0 2.0 (4), 90 (0) 35 145
52.0: 2.0 2.0 (4), 90 (0) 35 145
52.1: 2.0 2.0 (2), 90 (0) 35 145
52.2: 2.0 2.0 (2), 90 (0) 35 145
52.3: 2.0 2.0 (10), 95 (11) 37 143
52.4: 2.0 2.0 (1), 90 (0) 35 145
52.5: 2.0 2.0 (6), 90 (0) 35 145
52.6: 2.0 2.0 (1), 117 (0) 48 132
52.7: 2.0 2.0 (8), 90 (0) 35 145
52.8: 2.0 2.0 (4), 90 (0) 35 145
53.0: 2.0 2.0 (23), 92 (8) 35 145
53.1: 2.0 2.0 (2), 63 (0) 23 157
53.3: 2.0 2.0 (3), 99 (13) 38 142
53.6: 2.0 2.0 (3), 65 (17) 24 156
53.8: 2.0 2.0 (8), 90 (0) 34 146
54.3: 2.0 2.0 (4), 76 (13) 28 152
54.5: 2.0 2.0 (4), 103 (13) 39 141
54.9: 2.0 2.0 (2), 90 (0) 33 147
55.0: 2.0 2.0 (2), 90 (0) 33 147
55.5: 2.0 2.0 (2), 90 (0) 33 147
55.7: 2.0 2.0 (4), 90 (0) 32 148
55.8: 2.0 2.0 (2), 63 (0) 22 158
55.9: 2.0 2.0 (4), 90 (0) 32 148
56.1: 2.0 2.0 (2), 90 (0) 32 148
56.4: 2.0 2.0 (4), 90 (0) 32 148
57.5: 2.0 2.0 (2), 90 (0) 31 149
57.7: 2.0 2.0 (6), 81 (13) 28 152
57.8: 2.0 2.0 (2), 90 (0) 31 149
58.1: 2.0 2.0 (2), 27 (0) 9 171
58.7: 2.0 2.0 (2), 90 (0) 31 149
58.8: 2.0 2.0 (2), 63 (0) 21 159
59.0: 2.0 2.0 (2), 63 (0) 21 159
59.2: 2.0 2.0 (2), 90 (0) 30 150
59.5: 2.0 2.0 (2), 90 (0) 30 150
59.9: 2.0 2.0 (2), 117 (0) 40 140
60.3: 2.0 2.0 (2), 90 (0) 30 150
61.5: 2.0 2.0 (28), -92 (7) 330 210
61.6: 2.0 2.0 (2036), -96 (12) 329 211
61.7: 2.0 2.0 (2571), -95 (11) 329 211
61.8: 2.0 2.0 (3199), -96 (12) 329 211
61.9: 2.0 2.0 (3254), -94 (11) 330 210
62.0: 2.0 2.0 (3031), -95 (11) 329 211
62.1: 2.0 2.0 (3680), -95 (11) 329 211
62.2: 2.0 2.0 (4238), -95 (11) 329 211
62.3: 2.0 2.0 (3977), -95 (11) 330 210
62.4: 2.0 2.0 (3579), -95 (11) 330 210
62.5: 2.0 2.0 (4259), -94 (10) 330 210
62.6: 2.0 2.0 (4354), -94 (10) 330 210
62.7: 2.0 2.0 (4282), -94 (10) 330 210
62.8: 2.0 2.0 (4493), -93 (9) 331 209
62.9: 2.0 2.0 (4646), -94 (10) 330 210
63.0: 2.0 2.0 (4955), -94 (10) 330 210
63.1: 2.0 2.0 (4663), -93 (10) 331 209
63.2: 2.0 2.0 (5584), -93 (9) 331 209
63.3: 2.0 2.0 (5392), -93 (9) 331 209
63.4: 2.0 2.0 (5542), -92 (9) 331 209
63.5: 2.0 2.0 (4961), -92 (9) 331 209
63.6: 2.0 2.0 (5225), -92 (8) 331 209
63.7: 2.0 2.0 (4793), -90 (8) 332 208
63.8: 2.0 2.0 (4262), -91 (8) 332 208
63.9: 2.0 2.0 (3897), -90 (8) 332 208
64.0: 2.0 2.0 (3601), -91 (8) 332 208
64.1: 2.0 2.0 (3724), -90 (8) 332 208
64.2: 2.0 2.0 (3240), -91 (8) 332 208
64.3: 2.0 2.0 (3147), -90 (9) 332 208
64.4: 2.0 2.0 (2521), -90 (9) 332 208
64.5: 2.0 2.0 (2060), -90 (9) 332 208
64.6: 2.0 2.0 (1605), -91 (9) 332 208
64.7: 2.0 2.0 (1479), -91 (8) 332 208
64.8: 2.0 2.0 (1284), -90 (9) 333 207
64.9: 2.0 2.0 (894), -91 (8) 332 208
65.0: 2.0 2.0 (742), -91 (9) 332 208
65.1: 2.0 2.0 (727), -91 (10) 332 208
65.2: 2.0 2.0 (593), -92 (10) 332 208
65.3: 2.0 2.0 (578), -92 (10) 332 208
65.4: 2.0 2.0 (527), -92 (8) 332 208
65.5: 2.0 2.0 (425), -91 (9) 333 207
65.6: 2.0 2.0 (431), -91 (10) 333 207
65.7: 2.0 2.0 (449), -91 (11) 333 207
65.8: 2.0 2.0 (299), -91 (11) 333 207
65.9: 2.0 2.1 (531), -90 (10) 333 207
66.0: 2.0 2.0 (271), -91 (10) 333 207
66.1: 2.0 2.0 (432), -92 (11) 333 207
66.2: 2.0 2.0 (232), -90 (11) 333 207
66.3: 2.0 2.0 (234), -94 (11) 332 208
66.4: 2.0 2.0 (222), -95 (12) 332 208
66.5: 2.0 2.0 (212), -94 (11) 332 208
66.6: 2.0 2.0 (172), -96 (12) 331 209
66.7: 2.0 2.0 (152), -94 (10) 332 208
66.8: 2.0 2.0 (150), -95 (11) 332 208
66.9: 2.0 2.0 (139), -95 (10) 332 208
67.0: 2.0 2.0 (192), -94 (10) 332 208
67.1: 2.0 2.0 (142), -96 (11) 332 208
67.2: 2.0 2.0 (146), -97 (12) 331 209
67.3: 2.0 2.0 (150), -95 (11) 332 208
67.4: 2.0 2.0 (140), -95 (10) 332 208
67.5: 2.0 2.0 (127), -94 (9) 333 207
67.6: 2.0 2.0 (120), -96 (11) 332 208
67.7: 2.0 2.0 (102), -95 (11) 332 208
67.8: 2.0 2.0 (121), -94 (11) 333 207
67.9: 2.0 2.0 (150), -94 (10) 333 207
68.0: 2.0 2.0 (120), -95 (12) 332 208
68.1: 2.0 2.0 (120), -95 (11) 332 208
68.2: 2.0 2.0 (122), -94 (10) 333 207
68.3: 2.0 2.0 (131), -96 (12) 332 208
68.4: 2.0 2.0 (106), -94 (9) 333 207
68.5: 2.0 2.0 (154), -93 (9) 333 207
68.6: 2.0 2.0 (141), -93 (9) 333 207
68.7: 2.0 2.0 (141), -93 (9) 333 207
68.8: 2.0 2.0 (161), -92 (7) 334 206
68.9: 2.0 2.0 (115), -92 (9) 334 206
69.0: 2.0 2.0 (166), -92 (6) 334 206
69.1: 2.0 2.0 (183), -91 (8) 334 206
69.2: 2.0 2.0 (155), -91 (8) 334 206
69.3: 2.0 2.0 (124), -94 (10) 333 207
69.4: 2.0 2.0 (98), -90 (5) 334 206
69.5: 2.0 2.0 (90), -91 (10) 334 206
69.6: 2.0 2.0 (77), -89 (9) 335 205
69.7: 2.0 2.0 (124), -89 (6) 335 205
69.8: 2.0 2.0 (153), -88 (8) 335 205
69.9: 2.0 2.0 (169), -86 (10) 336 204
70.0: 2.0 2.0 (124), -88 (7) 335 205
70.1: 2.0 2.0 (132), -89 (3) 335 205
70.2: 2.0 2.0 (127), -88 (8) 335 205
70.3: 2.0 2.0 (107), -85 (10) 336 204
70.4: 2.0 2.0 (81), -88 (8) 335 205
88.8: 3.0 4.4 (639873), 39 (0) 8 172
88.9: 2.0 2.4 (273), 19 (17) 4 176
89.5: 2.0 2.0 (852), 1 (5) 0 180
92.3: 4.4 2.0 (67), 36 (15) 7 173
92.4: 7.0 2.8 (629394), 33 (12) 7 173
92.5: 4.5 2.0 (77), 23 (14) 5 175
94.8: 2.0 4.6 (270), 3 (11) 0 180
94.9: 2.8 7.0 (638724), 3 (7) 0 180
95.0: 2.0 4.0 (419), 0 (9) 0 180
95.9: 2.0 2.0 (377), 0 (3) 0 180
96.9: 2.0 2.0 (6), -90 (0) 342 198 68 112
97.0: 2.0 2.7 (100166), -81 (13) 344 196 74 106
99.0: 2.0 3.0 (2), 18 (0) 3 177
99.1: 2.0 4.9 (98969), 37 (16) 7 173
101.3: 2.0 2.2 (8), -103 (13) 340 200 58 122
101.4: 2.9 3.9 (639910), -103 (10) 340 200 58 122
101.5: 2.0 2.1 (38), -99 (13) 341 199 59 121
104.2: 2.0 8.6 (22224), -4 (10) 359 181
104.8: 2.0 2.6 (846), -26 (15) 355 185
105.1: 2.0 3.3 (61), -84 (9) 345 195 61 119
105.2: 2.0 3.9 (575373), -71 (0) 347 193 66 114
106.6: 2.0 3.5 (37), -69 (15) 348 192 66 114
106.7: 2.0 5.2 (360886), -72 (17) 347 193 64 116
106.8: 2.0 5.5 (351), -74 (16) 347 193 63 117
106.9: 2.7 13.2 (23767), -65 (11) 348 192 67 113
107.0: 6.6 32.6 (639357), -66 (5) 348 192 66 114
107.1: 3.1 12.9 (24453), -63 (10) 349 191 68 112
107.2: 2.0 6.2 (446), -60 (15) 349 191 69 111
