0.1: 2.3 9.6 (621002), -6 (9) 270
0.2: 2.6 11.4 (632045), -3 (10) 270
0.3: 3.0 11.1 (628033), 0 (10) 0 180
0.4: 2.3 10.5 (626805), -46 (0) 270
0.5: 2.2 9.3 (621442), -156 (0) 270
0.6: 2.0 8.0 (579694), -1 (8) 326 214
0.7: 2.1 5.9 (127610), -9 (21) 270
0.8: 2.2 4.2 (36668), -3 (40) 270
0.9: 2.2 2.5 (21481), -4 (60) 270
1.0: 2.1 2.4 (22093), -175 (52) 270
1.2: 2.2 2.0 (197), 137 (88) 90
1.3: 2.2 2.0 (5555), 25 (81) 90
1.4: 2.2 2.3 (16339), -5 (70) 270
1.5: 2.2 2.4 (23559), -4 (55) 297 243
1.6: 2.2 2.6 (24575), -5 (47) 270
1.7: 2.2 2.3 (20453), 8 (53) 90
1.8: 2.2 2.0 (12609), 15 (68) 90
1.9: 2.2 2.0 (1860), 69 (99) 90
2.0: 2.2 2.0 (5303), -173 (66) 270
2.1: 2.1 2.0 (15), -175 (58) 270
2.2: 2.0 2.0 (10), -149 (38) 270
2.4: 2.2 2.0 (22), 166 (57) 90
2.5: 2.2 2.0 (93), -129 (83) 270
2.6: 2.2 2.0 (1630), -41 (79) 270
2.7: 2.2 2.0 (5182), -19 (77) 270
2.8: 2.2 2.0 (2917), 22 (82) 90
2.9: 2.2 2.0 (334), 111 (91) 90
3.0: 2.2 2.0 (177), 171 (71) 90
3.1: 2.2 2.0 (94), -168 (49) 270
3.2: 2.0 2.0 (51), -171 (31) 270
3.3: 2.2 2.0 (634), 174 (26) 90
3.4: 2.1 2.0 (2288), -178 (38) 270
3.5: 2.1 2.1 (1850), -175 (48) 270
3.6: 2.2 2.0 (1974), -168 (64) 270
3.7: 2.2 2.0 (2591), -157 (69) 270
3.8: 2.2 2.0 (1389), -140 (88) 270
3.9: 2.2 2.0 (488), -171 (82) 270
4.0: 2.1 2.0 (119), -175 (80) 270
4.1: 2.2 2.2 (353), 171 (33) 90
4.2: 2.2 2.1 (481), 169 (19) 90
4.3: 2.2 2.0 (392), 174 (18) 90
4.4: 2.3 2.0 (152), -180 (16) 270
4.5: 2.1 2.0 (189), -169 (20) 270
4.6: 2.1 2.0 (87), -158 (32) 270
4.7: 2.1 2.0 (49), -109 (39) 270
4.8: 2.1 2.0 (52), -75 (46) 270
4.9: 2.1 2.2 (309), -50 (39) 270
5.0: 2.1 2.5 (704), -23 (34) 270
5.1: 2.2 2.3 (8616), 41 (47) 90
5.2: 2.2 2.4 (17144), 4 (21) 15 165
5.3: 2.3 2.2 (77990), 9 (17) 34 146
5.4: 2.7 2.0 (41657), 13 (17) 53 127
5.5: 3.2 2.0 (333), 34 (31) 90
5.6: 3.9 2.0 (101), 109 (35) 90
5.7: 3.4 2.0 (585), 164 (27) 90
5.8: 3.1 2.3 (1646), 170 (24) 90
5.9: 3.0 2.7 (2666), 172 (22) 90
6.0: 2.8 2.8 (2411), 172 (21) 90
6.1: 2.5 2.9 (3015), 176 (26) 90
6.2: 2.3 2.7 (1459), 174 (19) 90
6.3: 2.1 2.5 (639), 174 (19) 90
6.4: 2.1 2.4 (119), 166 (31) 90
6.5: 2.0 2.2 (107), 156 (28) 90
6.6: 2.1 2.7 (1033), 160 (20) 90
6.7: 2.3 3.1 (1660), 157 (19) 90
6.8: 2.2 3.1 (1715), 155 (21) 90
6.9: 2.1 2.5 (351), 156 (29) 90
7.1: 2.0 2.0 (2), 127 (0) 90
7.2: 2.6 2.0 (6), 168 (38) 90
7.3: 2.0 2.0 (2), -180 (0) 270
7.4: 2.1 2.2 (157), 173 (22) 90
7.5: 2.1 2.3 (362), 171 (17) 90
7.6: 2.1 2.4 (576), 164 (17) 90
7.7: 2.2 2.5 (857), 164 (17) 90
7.8: 2.3 2.8 (2022), 162 (18) 90
7.9: 2.4 2.8 (1865), 164 (18) 90
8.0: 2.6 2.9 (2830), 167 (17) 90
8.1: 2.8 3.2 (2988), 171 (17) 90
8.2: 3.4 4.0 (4624), 172 (14) 90
8.3: 3.6 4.4 (4373), 173 (13) 90
8.4: 4.1 5.2 (5426), 174 (11) 90
8.5: 3.8 5.0 (4988), 174 (11) 90
8.6: 4.0 5.3 (5473), 173 (10) 90
8.7: 3.4 4.5 (4459), 172 (12) 90
8.8: 3.3 4.3 (4690), 171 (12) 90
8.9: 3.1 3.9 (3805), 172 (13) 90
9.0: 3.4 4.1 (4797), 174 (13) 90
9.1: 3.2 3.8 (4107), 177 (15) 90
9.2: 3.0 3.5 (4284), 177 (17) 90
9.3: 2.7 3.2 (2785), 176 (17) 90
9.4: 2.5 3.1 (2993), 174 (16) 90
9.5: 2.8 3.7 (3312), 173 (14) 90
9.6: 3.5 4.9 (5153), 174 (12) 90
9.7: 3.9 5.5 (6787), 176 (14) 90
9.8: 3.3 4.0 (18001), 178 (28) 90
9.9: 5.5 8.1 (6399), 176 (8) 90
10.0: 4.7 7.0 (6021), 177 (10) 90
10.1: 2.5 3.5 (2441), 177 (17) 90
10.2: 3.0 4.5 (4501), 177 (14) 90
10.3: 6.5 10.0 (6585), 177 (8) 90
10.4: 6.5 10.1 (6568), 177 (8) 90
10.5: 6.3 9.7 (6544), 177 (8) 90
10.6: 5.9 9.0 (6462), 176 (8) 90
10.7: 5.7 8.6 (6396), 176 (8) 90
10.8: 5.1 7.9 (6049), 177 (9) 90
10.9: 5.6 8.5 (6361), 177 (8) 90
11.0: 5.7 8.5 (6450), 176 (8) 90
11.1: 6.9 10.4 (6671), 177 (7) 90
11.2: 7.3 11.0 (6688), 178 (8) 90
11.3: 9.4 13.9 (6796), 178 (7) 90
11.4: 9.4 13.9 (6859), 179 (7) 90
11.5: 11.0 16.4 (6955), 179 (5) 90
11.6: 10.6 15.8 (6920), -180 (5) 270
11.7: 11.2 16.9 (6929), -180 (6) 270
11.8: 2.6 3.6 (115765), -167 (19) 270
11.9: 11.0 16.9 (7062), -179 (6) 270
12.0: 9.1 14.0 (7463), -180 (11) 270
12.1: 11.1 17.2 (7093), -180 (7) 270
12.2: 10.3 16.1 (6725), -180 (6) 270
12.3: 12.1 18.8 (6936), -179 (5) 270
12.4: 11.1 17.1 (6445), -179 (6) 270
12.5: 12.7 19.7 (6884), -178 (5) 270
12.6: 11.7 18.3 (6539), -178 (6) 270
12.7: 13.4 21.2 (6925), -177 (5) 270
12.8: 12.6 20.2 (6687), -177 (6) 270
12.9: 14.8 23.8 (6974), -177 (4) 270
13.0: 13.5 21.9 (6909), -178 (5) 270
13.1: 15.4 24.9 (6968), -177 (4) 270
13.2: 12.9 21.0 (6925), -178 (6) 270
13.3: 13.6 22.3 (6987), -178 (5) 270
13.4: 12.5 20.3 (6971), -178 (5) 270
13.5: 13.8 22.4 (6979), -179 (5) 270
13.6: 12.4 19.9 (6997), -179 (5) 270
13.7: 9.6 15.0 (10615), 173 (31) 90
13.8: 12.7 19.7 (6950), -179 (5) 270
13.9: 11.1 17.1 (6799), -178 (6) 270
14.0: 3.5 5.5 (4895), -177 (12) 270
14.1: 2.8 4.3 (3612), -177 (14) 270
14.2: 2.6 3.9 (2994), -176 (16) 270
14.3: 2.7 4.1 (3276), -174 (15) 270
14.4: 4.5 6.8 (5960), -173 (11) 270
14.5: 10.1 14.9 (6710), -173 (6) 270
14.6: 9.4 13.8 (6846), -172 (7) 270
14.7: 8.6 12.7 (6810), -171 (8) 270
14.8: 8.1 11.7 (6717), -170 (8) 270
14.9: 7.2 10.4 (6407), -170 (9) 270
15.0: 7.1 10.1 (6560), -169 (9) 270
15.1: 6.5 9.0 (6516), -169 (11) 270
15.2: 6.5 8.8 (6546), -167 (10) 270
15.3: 6.0 7.8 (6364), -166 (12) 270
15.4: 6.1 7.7 (6363), -165 (12) 270
15.5: 5.7 6.9 (6127), -162 (14) 270
15.6: 5.8 6.7 (6259), -159 (14) 270
15.7: 5.2 5.8 (5898), -154 (18) 270
15.8: 5.6 6.0 (6085), -148 (18) 270
15.9: 5.3 5.7 (5773), -143 (21) 270
16.0: 6.2 6.5 (6007), -138 (20) 270
16.1: 6.4 6.4 (5798), -132 (24) 270
16.2: 8.5 7.7 (6344), -123 (23) 270
16.3: 9.3 7.8 (6172), -104 (28) 270
16.4: 12.2 10.6 (6871), -81 (24) 270
16.5: 9.9 11.0 (8120), -53 (26) 270
16.6: 7.0 11.0 (11485), -32 (25) 320 220
16.7: 5.7 14.1 (7399), -23 (31) 333 207
16.8: 4.3 18.4 (6211), -2 (34) 358 182
16.9: 2.9 17.5 (4095), 20 (49) 23 157
17.0: 2.6 18.8 (3528), 77 (50) 90
17.1: 2.7 17.8 (3546), 118 (44) 90
17.2: 3.1 18.4 (4459), 135 (33) 90
17.3: 3.2 16.2 (4686), 145 (31) 90
17.4: 3.5 16.3 (5296), 149 (24) 90
17.5: 3.4 13.8 (5132), 157 (32) 90
17.6: 3.5 12.9 (6396), 160 (37) 90
17.7: 3.1 9.2 (7923), 164 (49) 90
17.8: 3.3 9.7 (8534), 163 (46) 90
17.9: 2.9 7.3 (9896), 177 (48) 90
18.0: 2.4 5.1 (7360), 170 (54) 90
18.1: 2.2 2.7 (4930), -172 (62) 270
18.2: 2.2 2.6 (4755), -173 (61) 270
18.3: 2.6 4.2 (8664), 171 (47) 90
18.4: 2.6 4.0 (8435), 170 (45) 90
18.5: 2.6 3.5 (7096), 175 (46) 90
18.6: 2.6 3.6 (5627), 178 (40) 90
18.7: 2.8 3.9 (4684), -172 (33) 270
18.8: 2.8 4.1 (4403), -168 (29) 270
18.9: 3.0 4.3 (4638), -165 (22) 270
19.0: 3.2 4.3 (4396), -164 (18) 270
19.1: 3.1 3.7 (3895), -165 (18) 270
19.2: 3.0 2.9 (2690), -176 (23) 270
19.3: 2.6 2.8 (2095), 149 (32) 90
19.4: 2.4 3.6 (1868), 130 (28) 90
19.5: 2.3 5.6 (2252), 139 (24) 90
19.6: 2.4 6.6 (2344), 151 (22) 90
19.7: 2.5 7.1 (3109), 162 (18) 90
19.8: 2.6 6.9 (3096), 169 (16) 90
19.9: 2.8 7.1 (3977), 176 (15) 90
20.0: 2.8 6.5 (3545), -177 (16) 270
20.1: 2.9 6.7 (3943), -170 (14) 270
20.2: 2.7 6.0 (3478), -162 (17) 270
20.3: 2.7 5.9 (3517), -153 (17) 270
20.4: 2.3 5.0 (2137), -142 (21) 270
20.5: 2.1 4.3 (1238), -124 (26) 270
20.6: 2.1 3.4 (128), -99 (51) 270
20.7: 2.2 3.2 (80), 8 (94) 7 173
20.8: 2.1 3.8 (187), 140 (60) 90
20.9: 2.1 3.9 (289), 153 (30) 90
21.0: 2.3 2.0 (6), -144 (26) 270
21.1: 2.0 2.0 (2), -180 (0) 270
21.4: 2.0 2.5 (4), 135 (18) 90
21.5: 2.3 2.4 (48), -148 (33) 270
21.6: 2.5 5.1 (2416), -150 (18) 270
21.7: 2.5 5.5 (2688), -144 (17) 270
21.8: 2.4 5.9 (2040), -140 (18) 270
21.9: 2.3 6.5 (2179), -140 (17) 270
22.0: 2.2 6.9 (1415), -141 (19) 270
22.1: 2.2 7.2 (1472), -145 (20) 270
22.2: 2.1 7.1 (1128), -148 (25) 270
22.3: 2.1 7.4 (1267), -156 (21) 270
22.4: 2.2 7.2 (1277), -161 (20) 270
22.5: 2.2 7.1 (1742), -165 (21) 270
22.6: 2.3 6.7 (1826), -166 (18) 270
22.7: 2.4 6.7 (2239), -165 (17) 270
22.8: 2.4 6.4 (2380), -163 (17) 270
22.9: 2.4 6.1 (2365), -163 (17) 270
23.0: 2.4 5.8 (2285), -160 (16) 270
23.1: 2.3 5.6 (2415), -158 (17) 270
23.2: 2.3 5.4 (2147), -155 (18) 270
23.3: 2.2 5.0 (1711), -151 (20) 270
23.4: 2.2 5.1 (1448), -152 (20) 270
23.5: 2.2 5.1 (1027), -153 (22) 270
23.6: 2.1 4.9 (852), -154 (25) 270
23.7: 2.1 4.9 (640), -159 (27) 270
23.8: 2.1 4.9 (809), -165 (26) 270
23.9: 2.1 5.0 (871), -170 (27) 270
24.0: 2.1 4.9 (1413), -174 (20) 270
24.1: 2.2 4.7 (1614), -177 (19) 270
24.2: 2.4 4.6 (2349), -178 (15) 270
24.3: 2.4 4.3 (2201), -177 (16) 270
24.4: 2.5 4.2 (2964), -176 (15) 270
24.5: 2.5 3.9 (2570), -175 (15) 270
24.6: 2.6 3.9 (3069), -173 (14) 270
24.7: 2.7 3.7 (2781), -173 (14) 270
24.8: 2.2 2.7 (1378), -171 (17) 270
24.9: 2.4 2.2 (20), -167 (17) 270
25.0: 2.1 2.1 (80), -173 (20) 270
25.1: 2.5 3.1 (2641), -168 (16) 270
25.2: 2.9 3.7 (3711), -167 (14) 270
25.3: 2.9 3.5 (3246), -166 (15) 270
25.4: 2.9 3.6 (3809), -166 (15) 270
25.5: 2.8 3.4 (3154), -163 (16) 270
25.6: 2.7 3.3 (3203), -162 (18) 270
25.7: 2.4 2.9 (2481), -158 (19) 270
25.8: 2.4 2.8 (2218), -158 (18) 270
25.9: 2.2 2.6 (1588), -157 (21) 270
26.0: 2.2 2.7 (1461), -158 (23) 270
26.1: 2.2 2.6 (1516), -161 (20) 270
26.2: 2.5 2.7 (2230), -164 (20) 270
26.3: 2.6 2.7 (2557), -172 (18) 270
26.4: 2.9 3.0 (3412), -175 (19) 270
26.5: 3.1 3.0 (3920), -173 (18) 270
26.6: 3.4 3.4 (4599), -173 (19) 270
26.7: 3.5 3.7 (4574), -176 (18) 270
26.8: 3.8 4.3 (4884), -180 (16) 270
26.9: 3.9 4.5 (5094), 177 (16) 90
27.0: 4.0 4.8 (5127), 172 (16) 90
27.1: 4.1 4.9 (5066), 168 (16) 90
27.2: 4.1 5.0 (5026), 167 (15) 90
27.3: 3.9 5.0 (4982), 172 (17) 90
27.4: 3.4 5.1 (4527), 177 (18) 90
27.5: 2.9 5.7 (3609), 179 (24) 90
27.6: 2.5 6.3 (2122), 176 (34) 90
27.7: 2.2 6.5 (1000), 131 (68) 90
27.8: 2.3 5.9 (640), 64 (62) 50 130
27.9: 2.4 5.1 (840), 42 (40) 30 150
28.0: 2.2 2.0 (22), 121 (89) 90
28.1: 2.0 2.0 (4), -135 (45) 270
28.2: 2.0 2.0 (2), -117 (0) 270
28.3: 2.5 2.0 (4), -90 (90) 270
28.6: 2.0 2.0 (4), -90 (0) 270
43.3: 2.0 2.0 (2), -90 (0) 316 224
43.5: 2.0 2.0 (2), -90 (0) 317 223
43.6: 2.0 2.0 (9), -104 (26) 308 232
43.7: 2.0 2.0 (4), -121 (31) 293 247
43.8: 2.0 2.0 (8), -97 (12) 313 227
43.9: 2.0 2.0 (2), -90 (0) 317 223
44.0: 2.0 2.0 (4), -117 (0) 298 242
44.1: 2.0 2.0 (2), -90 (0) 317 223
44.2: 2.6 2.0 (10), -89 (47) 318 222
44.3: 2.1 2.0 (14), -82 (12) 322 218
44.4: 2.0 2.0 (27), -90 (10) 318 222
44.5: 2.0 2.0 (12), -75 (24) 326 214
44.6: 2.0 2.0 (12), -90 (0) 318 222
44.7: 2.0 2.0 (9), -90 (0) 318 222
44.8: 2.0 2.0 (21), -90 (0) 318 222
44.9: 2.0 2.0 (47), -94 (18) 316 224
45.0: 2.1 2.0 (1364), -151 (27) 270
45.1: 2.0 2.0 (30), -92 (7) 317 223
45.2: 2.0 2.0 (48), -91 (12) 318 222
45.3: 2.0 2.0 (44), -87 (8) 321 219
45.4: 2.0 2.0 (74), -89 (16) 319 221
45.5: 2.0 2.0 (42), -89 (15) 320 220
45.6: 2.0 2.0 (58), -90 (15) 319 221
45.7: 2.0 2.0 (61), -92 (17) 318 222
45.8: 2.1 2.0 (94), -90 (16) 319 221
45.9: 2.0 2.0 (68), -89 (12) 320 220
46.0: 2.1 2.0 (72), -88 (12) 321 219
46.1: 2.0 2.0 (111), -87 (20) 321 219
46.2: 2.0 2.0 (105), -91 (23) 319 221
46.3: 2.0 2.0 (77), -94 (19) 318 222
46.4: 2.0 2.0 (92), -85 (20) 323 217
46.5: 2.0 2.0 (70), -89 (10) 321 219
46.6: 2.0 2.0 (42), -92 (22) 319 221
46.7: 2.1 2.0 (40), -91 (26) 320 220
46.8: 2.0 2.0 (40), -89 (18) 321 219
46.9: 2.0 2.0 (69), -88 (26) 321 219
47.0: 2.0 2.0 (56), -94 (14) 318 222
47.1: 2.0 2.0 (60), -94 (19) 318 222
47.2: 2.0 2.0 (67), -95 (26) 318 222
47.3: 2.0 2.0 (59), -90 (17) 321 219
47.4: 2.1 2.0 (34), -85 (11) 323 217
47.5: 2.0 2.0 (53), -94 (35) 319 221
47.6: 2.0 2.0 (23), -112 (35) 308 232
47.7: 2.0 2.0 (14), -95 (19) 319 221
47.8: 2.0 2.0 (23), -97 (12) 318 222
47.9: 2.0 2.0 (28), -94 (9) 319 221
48.0: 2.0 2.0 (31), -100 (29) 316 224
48.1: 2.0 2.0 (32), -95 (14) 319 221
48.2: 2.0 2.0 (21), -96 (11) 319 221
48.3: 2.0 2.0 (22), -98 (22) 317 223
48.4: 2.1 2.0 (34), -96 (28) 319 221
48.5: 2.0 2.0 (27), -94 (29) 320 220
48.6: 2.0 2.0 (37), -90 (28) 322 218
48.7: 2.1 2.0 (44), -98 (31) 318 222
48.8: 2.0 2.0 (21), -94 (52) 320 220
48.9: 2.1 2.0 (42), -90 (16) 322 218
49.0: 2.0 2.0 (40), -94 (22) 321 219
49.1: 2.1 2.0 (38), -90 (22) 323 217
49.2: 2.1 2.0 (50), -91 (10) 322 218
49.3: 2.1 2.0 (52), -98 (27) 319 221
49.4: 2.1 2.0 (46), -107 (27) 314 226
49.5: 2.1 2.0 (53), -107 (29) 314 226
49.6: 2.1 2.0 (39), -94 (27) 321 219
49.7: 2.2 2.0 (32), -115 (28) 310 230
49.8: 2.2 2.0 (27), -93 (8) 322 218
49.9: 2.0 2.0 (28), -88 (46) 324 216
50.0: 2.1 2.0 (752), 41 (60) 16 164
50.1: 2.0 2.0 (25), -97 (21) 320 220
50.2: 2.0 2.0 (22), -103 (26) 317 223
50.3: 2.0 2.0 (12), -90 (0) 323 217
50.4: 2.0 2.0 (10), -95 (11) 321 219
51.6: 2.0 2.0 (4), 135 (18) 60 120
51.7: 2.0 2.0 (2), 90 (0) 35 145
51.9: 2.0 2.0 (2), 90 (0) 35 145
52.1: 2.0 2.0 (6), 99 (13) 39 141
52.2: 2.0 2.0 (2), 117 (0) 48 132
52.3: 2.0 2.0 (4), 103 (13) 41 139
52.4: 2.5 2.0 (4), 90 (0) 35 145
52.5: 2.0 2.0 (4), 121 (31) 50 130
52.6: 2.0 2.0 (2), -180 (0) 270
52.8: 3.0 2.0 (2), 90 (0) 35 145
52.9: 2.0 2.0 (2), 90 (0) 34 146
53.0: 2.0 2.0 (8), 114 (39) 46 134
53.1: 2.0 2.0 (2), 117 (0) 47 133
53.2: 2.0 2.0 (2), 153 (0) 73 107
53.4: 2.0 2.0 (2), 117 (0) 47 133
53.6: 3.5 2.0 (4), 140 (5) 60 120
53.7: 2.0 2.0 (7), 46 (39) 16 164
53.8: 2.0 2.0 (4), 103 (13) 39 141
54.1: 2.5 2.0 (4), 94 (22) 35 145
54.3: 3.0 2.0 (2), 90 (0) 34 146
54.4: 3.0 2.0 (2), 0 (0) 0 180
54.5: 2.0 2.0 (4), 108 (45) 41 139
54.7: 3.0 2.0 (2), 90 (0) 33 147
55.0: 2.0 2.0 (6), 90 (0) 33 147
55.5: 2.0 2.0 (8), 112 (26) 42 138
55.6: 2.0 2.0 (6), 81 (13) 29 151
55.9: 2.0 2.0 (6), 99 (13) 36 144
56.4: 2.2 2.0 (10), 86 (23) 30 150
56.5: 2.0 2.0 (4), 90 (0) 32 148
56.9: 4.0 2.0 (2), 90 (0) 32 148
58.6: 3.0 2.0 (2), 90 (0) 31 149
61.6: 2.0 2.0 (90), -92 (14) 330 210
61.7: 2.0 2.0 (112), -87 (10) 332 208
61.8: 2.0 2.0 (153), -89 (13) 332 208
61.9: 2.0 2.0 (150), -88 (8) 332 208
62.0: 2.0 2.0 (110), -86 (18) 333 207
62.1: 2.0 2.0 (130), -88 (11) 332 208
62.2: 2.0 2.0 (154), -86 (16) 333 207
62.3: 2.0 2.0 (139), -89 (7) 332 208
62.4: 2.0 2.0 (129), -89 (12) 332 208
62.5: 2.0 2.0 (113), -87 (10) 332 208
62.6: 2.0 2.0 (157), -89 (14) 332 208
62.7: 2.0 2.0 (189), -87 (13) 333 207
62.8: 2.0 2.0 (171), -85 (12) 333 207
62.9: 2.0 2.0 (160), -85 (11) 333 207
63.0: 2.0 2.0 (169), -85 (23) 333 207
63.1: 2.0 2.0 (116), -84 (15) 334 206
63.2: 2.0 2.0 (161), -85 (11) 334 206
63.3: 2.0 2.0 (188), -84 (13) 334 206
63.4: 2.0 2.0 (200), -85 (15) 334 206
63.5: 2.0 2.0 (152), -87 (15) 333 207
63.6: 2.0 2.0 (170), -84 (16) 334 206
63.7: 2.0 2.0 (208), -82 (15) 335 205
63.8: 2.0 2.0 (182), -81 (17) 335 205
63.9: 2.0 2.0 (172), -83 (13) 334 206
64.0: 2.0 2.0 (170), -79 (16) 336 204
64.1: 2.0 2.0 (143), -82 (13) 335 205
64.2: 2.0 2.0 (144), -78 (17) 336 204
64.3: 2.0 2.0 (114), -81 (13) 335 205
64.4: 2.1 2.0 (128), -77 (20) 337 203
64.5: 2.0 2.0 (118), -72 (21) 338 202
64.6: 2.0 2.0 (93), -81 (17) 335 205
64.7: 2.0 2.0 (100), -80 (16) 336 204
64.8: 2.0 2.0 (102), -75 (19) 337 203
64.9: 2.0 2.0 (51), -75 (17) 337 203
65.0: 2.0 2.0 (55), -84 (16) 335 205
65.1: 2.0 2.0 (38), -72 (17) 338 202
65.2: 2.1 2.0 (19), -84 (11) 335 205
65.3: 2.0 2.0 (36), -70 (25) 339 201
65.4: 2.0 2.0 (41), -81 (13) 336 204
65.5: 2.0 2.0 (22), -83 (12) 335 205
65.6: 2.1 2.0 (149), -68 (24) 340 200
65.7: 2.1 2.1 (188), -68 (20) 340 200
65.8: 2.0 2.0 (106), -66 (30) 341 199
65.9: 2.1 2.1 (377), -63 (25) 342 198
66.0: 2.0 2.0 (130), -69 (25) 340 200
66.1: 2.1 2.1 (198), -69 (23) 340 200
66.2: 2.1 2.0 (117), -62 (27) 342 198
66.3: 2.1 2.0 (52), -75 (31) 338 202
66.4: 2.0 2.0 (77), -73 (23) 339 201
66.5: 2.0 2.0 (8), -76 (13) 338 202
66.6: 2.0 2.0 (10), -85 (11) 335 205
66.7: 2.0 2.0 (2), -63 (0) 342 198
66.8: 2.0 2.0 (16), -75 (22) 338 202
66.9: 2.0 2.0 (6), -90 (0) 333 207
67.0: 2.0 2.0 (11), -80 (13) 337 203
67.1: 2.4 2.0 (5), -79 (13) 337 203
67.2: 2.0 2.0 (9), -90 (0) 334 206
67.3: 2.0 2.0 (6), -81 (13) 336 204
67.4: 2.0 2.0 (4), -90 (0) 334 206
67.5: 2.0 2.0 (2), -90 (0) 334 206
67.6: 2.0 2.0 (10), -90 (0) 334 206
67.7: 2.0 2.0 (8), -83 (12) 336 204
67.8: 2.0 2.0 (2), -90 (0) 334 206
67.9: 2.0 2.0 (8), -90 (0) 334 206
68.0: 2.0 2.0 (11), -90 (0) 334 206
68.1: 2.0 2.0 (6), -90 (0) 334 206
68.2: 2.0 2.0 (4), -90 (0) 334 206
68.3: 2.0 2.0 (8), -90 (0) 334 206
68.4: 2.0 2.0 (4), -90 (0) 334 206
68.5: 2.0 2.0 (4), -90 (0) 334 206
68.6: 2.0 2.0 (4), -90 (0) 334 206
68.7: 2.0 2.0 (12), -90 (0) 334 206
68.8: 2.0 2.0 (12), -90 (0) 334 206
68.9: 2.0 2.0 (7), -82 (12) 337 203
69.0: 2.0 2.0 (10), -90 (0) 334 206
69.1: 2.0 2.0 (17), -83 (11) 336 204
69.2: 2.0 2.0 (10), -90 (0) 334 206
69.3: 2.0 2.0 (12), -90 (0) 334 206
69.4: 2.0 2.0 (11), -80 (13) 337 203
69.5: 2.0 2.0 (8), -83 (12) 337 203
69.6: 2.0 2.0 (6), -90 (0) 335 205
69.7: 2.0 2.0 (3), -81 (13) 337 203
69.8: 2.1 2.0 (19), -88 (6) 335 205
69.9: 2.0 2.0 (12), -81 (13) 337 203
70.0: 2.0 2.0 (8), -83 (12) 337 203
70.1: 2.0 2.0 (16), -80 (13) 338 202
70.2: 2.0 2.0 (12), -70 (23) 341 199
70.3: 2.0 2.0 (7), -74 (13) 340 200
70.4: 2.0 2.0 (2), -90 (0) 335 205
88.8: 2.2 3.4 (13119), 42 (69) 270 9 171
88.9: 2.0 2.5 (4), 0 (0) 0 180
90.2: 2.2 2.0 (105), -52 (93) 349 191 90
92.4: 3.2 2.0 (323413), -10 (16) 358 182
92.5: 2.5 2.0 (4), 54 (9) 11 169
93.9: 2.0 2.0 (4), 31 (31) 6 174
94.8: 2.2 2.9 (443), -2 (34) 360 180
94.9: 2.7 7.2 (617137), -2 (11) 360 180
95.0: 2.1 2.9 (1108), -3 (30) 360 180
95.9: 2.2 2.0 (8530), -7 (49) 359 181
96.0: 2.0 2.0 (2), 0 (0) 0 180
97.0: 2.0 2.9 (389540), -21 (0) 356 184
99.0: 2.3 2.3 (151), 41 (57) 270 8 172
99.1: 2.1 4.6 (133148), 38 (23) 7 173
99.2: 2.2 2.2 (237), 34 (55) 270 6 174
101.3: 2.1 2.4 (1154), -83 (20) 344 196 66 114
101.4: 2.9 4.6 (623038), -76 (12) 346 194 69 111
101.5: 2.3 2.4 (992), -77 (30) 345 195 68 112
104.1: 2.2 2.1 (441), 19 (87) 270 3 177 90
104.2: 2.2 8.7 (32901), 0 (37) 0 180
104.3: 2.3 2.1 (410), -19 (85) 270 357 183 90
104.4: 2.1 2.0 (14), -161 (79) 329 211 39 141
104.5: 2.2 2.0 (15), 111 (75) 307 233 21 159
104.7: 2.1 2.0 (64), -18 (64) 357 183 90
104.8: 2.2 2.4 (29980), -13 (39) 358 182 90
104.9: 2.0 2.3 (17), -5 (30) 359 181
105.1: 2.4 2.0 (27), -112 (49) 339 201 52 128
105.2: 2.1 4.5 (514351), -95 (14) 343 197 57 123
105.3: 2.4 2.0 (31), -72 (74) 347 193 66 114
106.1: 2.2 2.0 (342), -105 (50) 341 199 53 127
106.2: 2.4 2.0 (23), -108 (73) 340 200 52 128
106.3: 2.2 2.0 (28), -72 (76) 347 193 65 115
106.4: 2.2 2.0 (563), -61 (66) 349 191 69 111
106.5: 2.2 2.0 (4300), -41 (90) 270 353 187 85 95
106.6: 2.2 2.1 (8645), -67 (56) 348 192 66 114
106.7: 2.5 4.8 (525128), -77 (18) 346 194 62 118
106.8: 2.2 3.6 (18322), -62 (45) 349 191 68 112
106.9: 2.5 7.7 (63285), -62 (26) 349 191 68 112
107.0: 8.8 33.1 (639719), -61 (5) 349 191 69 111
107.1: 2.6 7.9 (58593), -60 (26) 349 191 69 111
107.2: 2.2 3.5 (14840), -57 (47) 350 190 70 110
107.3: 2.2 2.3 (10139), -58 (59) 350 190 70 110
107.4: 2.2 2.5 (14298), -73 (44) 347 193 63 117
107.5: 2.2 2.0 (1918), -60 (67) 349 191 69 111
107.6: 2.2 2.0 (168), -69 (79) 348 192 64 116
107.7: 2.0 2.0 (4), -58 (31) 350 190 69 111
107.8: 2.1 2.0 (229), 17 (63) 270 3 177 90
107.9: 2.0 2.0 (8), -97 (55) 343 197 55 125
204.2: 2.0 2.0 (4), -76 (13) 315 225 353 187 28 152
204.3: 2.0 2.0 (2), -117 (0) 309 231 349 191 23 157 79 101
204.9: 2.0 2.0 (2), -180 (0) 299 241 343 197 17 163 61 119
205.2: 3.0 2.0 (2), -72 (0) 316 224 353 187 28 152
205.3: 3.0 2.0 (1), 18 (0) 326 214 2 178 38 142
